/*
Real part of pure water refractive index from

Segelstein, D. J. (1981). The complex refractive index of water
(Doctoral dissertation, University of Missouri--Kansas City).

Column 1: wavelength [m].
Column 2: refractive index.
*/

1.00000e-08 9.68416e-01
1.09900e-08 9.64778e-01
1.19900e-08 9.60953e-01
1.30000e-08 9.56954e-01
1.40000e-08 9.52792e-01
1.60000e-08 9.44124e-01
1.79900e-08 9.34744e-01
2.00000e-08 9.24583e-01
2.19800e-08 9.13973e-01
2.39900e-08 9.02694e-01
2.60000e-08 8.90837e-01
2.79900e-08 8.78766e-01
2.99900e-08 8.66493e-01
3.19900e-08 8.54141e-01
3.39600e-08 8.42171e-01
3.59700e-08 8.30720e-01
3.80200e-08 8.19753e-01
3.99900e-08 8.09997e-01
4.19800e-08 8.02291e-01
4.39500e-08 7.97737e-01
4.60300e-08 7.97007e-01
4.79700e-08 8.05579e-01
5.00000e-08 8.20742e-01
5.20000e-08 8.30957e-01
5.39500e-08 8.35240e-01
5.59800e-08 8.35295e-01
5.79400e-08 8.31628e-01
5.99800e-08 8.30901e-01
6.19400e-08 8.40575e-01
6.39700e-08 8.66994e-01
6.60700e-08 9.03527e-01
6.80800e-08 9.41801e-01
6.99800e-08 9.81692e-01
7.19400e-08 1.02092e+00
7.39600e-08 1.04974e+00
7.60300e-08 1.06872e+00
7.79800e-08 1.08769e+00
7.99800e-08 1.11168e+00
8.20400e-08 1.14063e+00
8.39500e-08 1.17338e+00
8.59000e-08 1.21497e+00
8.79000e-08 1.25950e+00
8.99500e-08 1.30266e+00
9.20400e-08 1.34676e+00
9.39700e-08 1.38764e+00
9.59400e-08 1.42542e+00
9.79500e-08 1.45587e+00
1.00000e-07 1.47663e+00
1.02100e-07 1.49347e+00
1.04000e-07 1.50668e+00
1.05900e-07 1.51631e+00
1.07900e-07 1.52359e+00
1.09900e-07 1.52893e+00
1.11900e-07 1.53536e+00
1.14000e-07 1.54321e+00
1.15900e-07 1.54807e+00
1.18000e-07 1.55343e+00
1.19900e-07 1.56087e+00
1.21900e-07 1.57030e+00
1.23900e-07 1.58464e+00
1.25900e-07 1.60607e+00
1.27900e-07 1.62682e+00
1.30000e-07 1.63385e+00
1.32100e-07 1.61942e+00
1.34000e-07 1.58627e+00
1.36100e-07 1.53640e+00
1.38000e-07 1.49627e+00
1.40000e-07 1.47113e+00
1.41900e-07 1.46148e+00
1.43900e-07 1.46098e+00
1.45900e-07 1.46928e+00
1.47900e-07 1.48955e+00
1.50000e-07 1.52128e+00
1.52100e-07 1.55994e+00
1.54200e-07 1.59686e+00
1.56000e-07 1.62042e+00
1.58100e-07 1.64147e+00
1.60000e-07 1.65018e+00
1.62200e-07 1.65292e+00
1.64100e-07 1.65310e+00
1.66000e-07 1.64725e+00
1.67900e-07 1.63506e+00
1.69800e-07 1.60556e+00
1.72200e-07 1.56818e+00
1.74200e-07 1.54941e+00
1.75000e-07 1.54306e+00
1.79900e-07 1.51334e+00
1.84900e-07 1.49188e+00
1.90100e-07 1.47518e+00
1.95000e-07 1.46254e+00
2.00000e-07 1.45172e+00
2.05100e-07 1.44230e+00
2.09900e-07 1.43468e+00
2.14800e-07 1.42783e+00
2.19800e-07 1.42160e+00
2.24900e-07 1.41592e+00
2.30100e-07 1.41070e+00
2.35000e-07 1.40636e+00
2.39900e-07 1.40232e+00
2.44900e-07 1.39854e+00
2.50000e-07 1.39499e+00
2.55300e-07 1.39167e+00
2.60000e-07 1.38888e+00
2.64900e-07 1.38624e+00
2.69800e-07 1.38373e+00
2.74800e-07 1.38134e+00
2.79900e-07 1.37907e+00
2.85100e-07 1.37690e+00
2.89700e-07 1.37509e+00
2.95100e-07 1.37310e+00
2.99900e-07 1.37144e+00
3.04800e-07 1.36984e+00
3.09700e-07 1.36829e+00
3.14800e-07 1.36681e+00
3.19900e-07 1.36538e+00
3.25100e-07 1.36399e+00
3.30400e-07 1.36262e+00
3.35000e-07 1.36151e+00
3.39600e-07 1.36044e+00
3.45100e-07 1.35923e+00
3.49900e-07 1.35822e+00
3.54800e-07 1.35725e+00
3.59700e-07 1.35630e+00
3.64800e-07 1.35537e+00
3.69800e-07 1.35447e+00
3.75000e-07 1.35359e+00
3.80200e-07 1.35274e+00
3.84600e-07 1.35205e+00
3.89900e-07 1.35123e+00
3.95400e-07 1.35044e+00
3.99900e-07 1.34979e+00
4.04600e-07 1.34916e+00
4.10200e-07 1.34842e+00
4.15000e-07 1.34781e+00
4.19800e-07 1.34722e+00
4.24600e-07 1.34664e+00
4.29500e-07 1.34607e+00
4.34500e-07 1.34550e+00
4.39500e-07 1.34496e+00
4.44600e-07 1.34442e+00
4.49800e-07 1.34389e+00
4.55000e-07 1.34337e+00
4.60300e-07 1.34286e+00
4.64500e-07 1.34245e+00
4.69900e-07 1.34196e+00
4.75300e-07 1.34147e+00
4.79700e-07 1.34109e+00
4.85300e-07 1.34062e+00
4.89800e-07 1.34025e+00
4.95500e-07 1.33979e+00
5.00000e-07 1.33943e+00
5.04700e-07 1.33907e+00
5.10500e-07 1.33864e+00
5.15200e-07 1.33829e+00
5.20000e-07 1.33794e+00
5.24800e-07 1.33761e+00
5.29700e-07 1.33727e+00
5.34600e-07 1.33694e+00
5.39500e-07 1.33662e+00
5.44500e-07 1.33629e+00
5.49500e-07 1.33597e+00
5.54600e-07 1.33566e+00
5.59800e-07 1.33534e+00
5.64900e-07 1.33503e+00
5.70200e-07 1.33473e+00
5.75400e-07 1.33442e+00
5.79400e-07 1.33420e+00
5.84800e-07 1.33390e+00
5.90200e-07 1.33361e+00
5.95700e-07 1.33332e+00
5.99800e-07 1.33310e+00
6.05300e-07 1.33281e+00
6.09500e-07 1.33260e+00
6.15200e-07 1.33232e+00
6.19400e-07 1.33211e+00
6.25200e-07 1.33183e+00
6.29500e-07 1.33162e+00
6.35300e-07 1.33135e+00
6.39700e-07 1.33114e+00
6.45700e-07 1.33088e+00
6.50100e-07 1.33068e+00
6.54600e-07 1.33049e+00
6.60700e-07 1.33024e+00
6.65300e-07 1.33005e+00
6.69900e-07 1.32987e+00
6.74500e-07 1.32969e+00
6.80800e-07 1.32945e+00
6.85500e-07 1.32928e+00
6.90200e-07 1.32911e+00
6.95000e-07 1.32894e+00
6.99800e-07 1.32877e+00
7.04700e-07 1.32860e+00
7.09600e-07 1.32844e+00
7.14500e-07 1.32828e+00
7.19400e-07 1.32812e+00
7.24400e-07 1.32796e+00
7.29500e-07 1.32781e+00
7.34500e-07 1.32765e+00
7.39600e-07 1.32750e+00
7.44700e-07 1.32735e+00
7.49900e-07 1.32720e+00
7.55100e-07 1.32706e+00
7.60300e-07 1.32691e+00
7.65600e-07 1.32676e+00
7.69100e-07 1.32667e+00
7.74500e-07 1.32652e+00
7.79800e-07 1.32638e+00
7.85200e-07 1.32624e+00
7.90700e-07 1.32610e+00
7.94300e-07 1.32601e+00
7.99800e-07 1.32587e+00
8.05400e-07 1.32574e+00
8.09100e-07 1.32565e+00
8.14700e-07 1.32551e+00
8.20400e-07 1.32538e+00
8.24100e-07 1.32529e+00
8.29900e-07 1.32516e+00
8.35600e-07 1.32502e+00
8.39500e-07 1.32494e+00
8.45300e-07 1.32481e+00
8.49200e-07 1.32472e+00
8.55100e-07 1.32459e+00
8.59000e-07 1.32450e+00
8.65000e-07 1.32437e+00
8.71000e-07 1.32424e+00
8.75000e-07 1.32416e+00
8.79000e-07 1.32407e+00
8.85100e-07 1.32395e+00
8.89200e-07 1.32386e+00
8.95400e-07 1.32373e+00
8.99500e-07 1.32365e+00
9.05700e-07 1.32352e+00
9.09900e-07 1.32343e+00
9.14100e-07 1.32335e+00
9.20400e-07 1.32322e+00
9.24700e-07 1.32314e+00
9.29000e-07 1.32305e+00
9.35400e-07 1.32293e+00
9.39700e-07 1.32284e+00
9.44100e-07 1.32276e+00
9.50600e-07 1.32263e+00
9.55000e-07 1.32255e+00
9.59400e-07 1.32246e+00
9.66100e-07 1.32233e+00
9.70500e-07 1.32225e+00
9.75000e-07 1.32217e+00
9.79500e-07 1.32208e+00
9.84000e-07 1.32199e+00
9.90800e-07 1.32187e+00
9.95400e-07 1.32178e+00
1.00000e-06 1.32170e+00
1.00900e-06 1.32152e+00
1.02100e-06 1.32130e+00
1.03000e-06 1.32113e+00
1.04000e-06 1.32095e+00
1.05000e-06 1.32078e+00
1.05900e-06 1.32060e+00
1.06900e-06 1.32042e+00
1.07900e-06 1.32023e+00
1.08900e-06 1.32005e+00
1.09900e-06 1.31987e+00
1.10900e-06 1.31968e+00
1.11900e-06 1.31949e+00
1.13000e-06 1.31930e+00
1.14000e-06 1.31910e+00
1.15100e-06 1.31891e+00
1.15900e-06 1.31876e+00
1.16900e-06 1.31857e+00
1.18000e-06 1.31837e+00
1.19100e-06 1.31816e+00
1.19900e-06 1.31801e+00
1.21100e-06 1.31780e+00
1.21900e-06 1.31764e+00
1.23000e-06 1.31743e+00
1.23900e-06 1.31726e+00
1.25000e-06 1.31704e+00
1.25900e-06 1.31687e+00
1.27100e-06 1.31665e+00
1.27900e-06 1.31647e+00
1.29100e-06 1.31623e+00
1.30000e-06 1.31605e+00
1.30900e-06 1.31587e+00
1.32100e-06 1.31562e+00
1.33000e-06 1.31543e+00
1.34000e-06 1.31523e+00
1.34900e-06 1.31503e+00
1.36100e-06 1.31476e+00
1.37100e-06 1.31455e+00
1.38000e-06 1.31433e+00
1.39000e-06 1.31410e+00
1.40000e-06 1.31387e+00
1.40900e-06 1.31367e+00
1.41900e-06 1.31352e+00
1.42900e-06 1.31337e+00
1.43900e-06 1.31322e+00
1.44900e-06 1.31306e+00
1.45900e-06 1.31289e+00
1.46900e-06 1.31272e+00
1.47900e-06 1.31252e+00
1.48900e-06 1.31232e+00
1.50000e-06 1.31209e+00
1.51000e-06 1.31185e+00
1.52100e-06 1.31160e+00
1.53100e-06 1.31135e+00
1.54200e-06 1.31110e+00
1.54900e-06 1.31092e+00
1.56000e-06 1.31066e+00
1.57000e-06 1.31039e+00
1.58100e-06 1.31011e+00
1.58900e-06 1.30993e+00
1.60000e-06 1.30964e+00
1.61100e-06 1.30935e+00
1.62200e-06 1.30906e+00
1.62900e-06 1.30886e+00
1.64100e-06 1.30855e+00
1.64800e-06 1.30834e+00
1.66000e-06 1.30802e+00
1.67100e-06 1.30767e+00
1.67900e-06 1.30743e+00
1.69000e-06 1.30707e+00
1.69800e-06 1.30683e+00
1.71000e-06 1.30645e+00
1.72200e-06 1.30607e+00
1.73000e-06 1.30581e+00
1.74200e-06 1.30541e+00
1.75000e-06 1.30514e+00
1.76200e-06 1.30473e+00
1.77000e-06 1.30444e+00
1.77800e-06 1.30415e+00
1.79100e-06 1.30372e+00
1.79900e-06 1.30342e+00
1.81100e-06 1.30295e+00
1.82000e-06 1.30262e+00
1.82800e-06 1.30227e+00
1.84100e-06 1.30171e+00
1.84900e-06 1.30129e+00
1.86200e-06 1.30063e+00
1.87100e-06 1.30021e+00
1.87900e-06 1.29986e+00
1.88800e-06 1.29954e+00
1.90100e-06 1.29900e+00
1.91000e-06 1.29879e+00
1.91900e-06 1.29879e+00
1.93200e-06 1.29868e+00
1.94100e-06 1.29859e+00
1.95000e-06 1.29847e+00
1.95900e-06 1.29831e+00
1.96800e-06 1.29805e+00
1.98200e-06 1.29761e+00
1.99100e-06 1.29729e+00
2.00000e-06 1.29691e+00
2.00900e-06 1.29650e+00
2.01800e-06 1.29607e+00
2.02800e-06 1.29561e+00
2.04200e-06 1.29492e+00
2.05100e-06 1.29446e+00
2.06100e-06 1.29397e+00
2.07000e-06 1.29348e+00
2.08000e-06 1.29297e+00
2.08900e-06 1.29244e+00
2.09900e-06 1.29190e+00
2.10900e-06 1.29135e+00
2.11800e-06 1.29079e+00
2.12800e-06 1.29022e+00
2.13800e-06 1.28963e+00
2.14800e-06 1.28903e+00
2.15800e-06 1.28842e+00
2.16800e-06 1.28779e+00
2.17800e-06 1.28714e+00
2.18800e-06 1.28647e+00
2.19800e-06 1.28579e+00
2.20800e-06 1.28509e+00
2.21800e-06 1.28436e+00
2.22800e-06 1.28362e+00
2.23900e-06 1.28285e+00
2.24900e-06 1.28206e+00
2.25900e-06 1.28126e+00
2.27000e-06 1.28042e+00
2.28000e-06 1.27956e+00
2.29100e-06 1.27868e+00
2.30100e-06 1.27775e+00
2.31200e-06 1.27680e+00
2.31700e-06 1.27631e+00
2.32800e-06 1.27530e+00
2.33900e-06 1.27426e+00
2.35000e-06 1.27318e+00
2.36000e-06 1.27206e+00
2.37100e-06 1.27090e+00
2.38200e-06 1.26968e+00
2.38800e-06 1.26906e+00
2.39900e-06 1.26779e+00
2.41000e-06 1.26645e+00
2.42100e-06 1.26506e+00
2.43200e-06 1.26358e+00
2.43800e-06 1.26282e+00
2.44900e-06 1.26130e+00
2.46000e-06 1.25968e+00
2.47200e-06 1.25797e+00
2.47700e-06 1.25710e+00
2.48900e-06 1.25535e+00
2.50000e-06 1.25347e+00
2.51200e-06 1.25144e+00
2.51800e-06 1.25038e+00
2.52900e-06 1.24813e+00
2.54100e-06 1.24567e+00
2.55300e-06 1.24301e+00
2.56400e-06 1.24017e+00
2.57000e-06 1.23867e+00
2.57600e-06 1.23709e+00
2.58200e-06 1.23543e+00
2.58800e-06 1.23368e+00
2.59400e-06 1.23183e+00
2.60600e-06 1.22777e+00
2.61200e-06 1.22548e+00
2.61800e-06 1.22308e+00
2.62400e-06 1.22053e+00
2.63000e-06 1.21808e+00
2.63600e-06 1.21570e+00
2.64900e-06 1.20995e+00
2.65500e-06 1.20652e+00
2.66100e-06 1.20295e+00
2.66700e-06 1.19929e+00
2.67300e-06 1.19534e+00
2.67900e-06 1.19139e+00
2.68500e-06 1.18809e+00
2.69800e-06 1.17996e+00
2.70400e-06 1.17458e+00
2.71000e-06 1.16887e+00
2.71600e-06 1.16099e+00
2.72300e-06 1.15288e+00
2.72900e-06 1.14952e+00
2.74200e-06 1.14207e+00
2.74800e-06 1.13618e+00
2.75400e-06 1.13286e+00
2.76100e-06 1.13171e+00
2.76700e-06 1.13278e+00
2.78000e-06 1.13091e+00
2.78600e-06 1.12796e+00
2.79300e-06 1.12756e+00
2.79900e-06 1.12948e+00
2.81200e-06 1.12841e+00
2.81800e-06 1.12553e+00
2.82500e-06 1.12535e+00
2.83100e-06 1.12752e+00
2.83800e-06 1.13335e+00
2.85100e-06 1.14239e+00
2.85800e-06 1.14555e+00
2.86400e-06 1.15228e+00
2.87100e-06 1.16237e+00
2.88400e-06 1.17845e+00
2.89100e-06 1.18542e+00
2.89700e-06 1.19589e+00
2.90400e-06 1.20800e+00
2.91700e-06 1.22965e+00
2.92400e-06 1.24003e+00
2.93100e-06 1.25207e+00
2.93800e-06 1.26394e+00
2.95100e-06 1.28594e+00
2.95800e-06 1.29776e+00
2.96500e-06 1.30789e+00
2.97900e-06 1.32631e+00
2.98500e-06 1.33453e+00
2.99900e-06 1.35292e+00
3.04800e-06 1.41188e+00
3.09700e-06 1.45201e+00
3.14800e-06 1.46675e+00
3.19900e-06 1.46152e+00
3.25100e-06 1.44941e+00
3.30400e-06 1.43258e+00
3.35000e-06 1.41706e+00
3.39600e-06 1.40488e+00
3.45100e-06 1.39326e+00
3.49900e-06 1.38421e+00
3.54800e-06 1.37609e+00
3.59700e-06 1.36886e+00
3.64800e-06 1.36255e+00
3.69800e-06 1.35694e+00
3.75000e-06 1.35189e+00
3.80200e-06 1.34739e+00
3.84600e-06 1.34396e+00
3.89900e-06 1.34017e+00
3.95400e-06 1.33666e+00
3.99900e-06 1.33393e+00
4.04600e-06 1.33140e+00
4.10200e-06 1.32850e+00
4.15000e-06 1.32618e+00
4.19800e-06 1.32400e+00
4.24600e-06 1.32191e+00
4.29500e-06 1.31995e+00
4.34500e-06 1.31811e+00
4.39500e-06 1.31640e+00
4.44600e-06 1.31492e+00
4.49800e-06 1.31359e+00
4.55000e-06 1.31248e+00
4.60300e-06 1.31178e+00
4.64500e-06 1.31159e+00
4.69900e-06 1.31145e+00
4.75300e-06 1.31115e+00
4.79700e-06 1.31066e+00
4.85300e-06 1.30972e+00
4.89800e-06 1.30872e+00
4.95500e-06 1.30723e+00
5.00000e-06 1.30588e+00
5.04700e-06 1.30426e+00
5.10500e-06 1.30197e+00
5.15200e-06 1.29991e+00
5.20000e-06 1.29755e+00
5.24800e-06 1.29493e+00
5.29700e-06 1.29212e+00
5.34600e-06 1.28902e+00
5.39500e-06 1.28573e+00
5.44500e-06 1.28219e+00
5.49500e-06 1.27829e+00
5.54600e-06 1.27388e+00
5.59800e-06 1.26880e+00
5.64900e-06 1.26299e+00
5.70200e-06 1.25658e+00
5.75400e-06 1.24837e+00
5.79400e-06 1.24224e+00
5.84800e-06 1.23490e+00
5.90200e-06 1.22929e+00
5.95700e-06 1.23189e+00
5.99800e-06 1.24286e+00
6.05300e-06 1.26846e+00
6.09500e-06 1.29531e+00
6.15200e-06 1.33012e+00
6.19400e-06 1.34160e+00
6.25200e-06 1.33986e+00
6.29500e-06 1.33575e+00
6.35300e-06 1.32924e+00
6.39700e-06 1.32504e+00
6.45700e-06 1.32047e+00
6.50100e-06 1.31773e+00
6.54600e-06 1.31484e+00
6.60700e-06 1.31140e+00
6.65300e-06 1.30902e+00
6.69900e-06 1.30672e+00
6.74500e-06 1.30452e+00
6.80800e-06 1.30190e+00
6.85500e-06 1.30012e+00
6.90200e-06 1.29838e+00
6.95000e-06 1.29675e+00
6.99800e-06 1.29519e+00
7.04700e-06 1.29361e+00
7.09600e-06 1.29209e+00
7.14500e-06 1.29070e+00
7.19400e-06 1.28930e+00
7.24400e-06 1.28794e+00
7.29500e-06 1.28662e+00
7.34500e-06 1.28524e+00
7.39600e-06 1.28391e+00
7.44700e-06 1.28261e+00
7.49900e-06 1.28125e+00
7.55100e-06 1.27990e+00
7.60300e-06 1.27851e+00
7.65600e-06 1.27712e+00
7.69100e-06 1.27622e+00
7.74500e-06 1.27479e+00
7.79800e-06 1.27336e+00
7.85200e-06 1.27195e+00
7.90700e-06 1.27054e+00
7.94300e-06 1.26961e+00
7.99800e-06 1.26816e+00
8.05400e-06 1.26666e+00
8.09100e-06 1.26565e+00
8.14700e-06 1.26412e+00
8.20400e-06 1.26256e+00
8.24100e-06 1.26149e+00
8.29900e-06 1.25990e+00
8.35600e-06 1.25824e+00
8.39500e-06 1.25707e+00
8.45300e-06 1.25538e+00
8.49200e-06 1.25422e+00
8.55100e-06 1.25240e+00
8.59000e-06 1.25119e+00
8.65000e-06 1.24935e+00
8.71000e-06 1.24743e+00
8.75000e-06 1.24609e+00
8.79000e-06 1.24479e+00
8.85100e-06 1.24279e+00
8.89200e-06 1.24142e+00
8.95400e-06 1.23932e+00
8.99500e-06 1.23786e+00
9.05700e-06 1.23566e+00
9.09900e-06 1.23414e+00
9.14100e-06 1.23266e+00
9.20400e-06 1.23026e+00
9.24700e-06 1.22859e+00
9.29000e-06 1.22697e+00
9.35400e-06 1.22444e+00
9.39700e-06 1.22270e+00
9.44100e-06 1.22091e+00
9.50600e-06 1.21811e+00
9.55000e-06 1.21612e+00
9.59400e-06 1.21414e+00
9.66100e-06 1.21107e+00
9.70500e-06 1.20891e+00
9.75000e-06 1.20673e+00
9.79500e-06 1.20447e+00
9.84000e-06 1.20223e+00
9.90800e-06 1.19860e+00
9.95400e-06 1.19593e+00
1.00000e-05 1.19316e+00
1.00500e-05 1.19033e+00
1.00900e-05 1.18737e+00
1.01400e-05 1.18390e+00
1.02100e-05 1.18089e+00
1.02600e-05 1.17836e+00
1.03000e-05 1.17418e+00
1.03500e-05 1.17083e+00
1.04000e-05 1.16735e+00
1.04500e-05 1.16396e+00
1.05000e-05 1.16058e+00
1.05400e-05 1.15725e+00
1.05900e-05 1.15384e+00
1.06400e-05 1.15037e+00
1.06900e-05 1.14696e+00
1.07400e-05 1.14360e+00
1.07900e-05 1.14034e+00
1.08400e-05 1.13737e+00
1.08900e-05 1.13442e+00
1.09400e-05 1.13145e+00
1.09900e-05 1.12864e+00
1.10400e-05 1.12547e+00
1.10900e-05 1.12201e+00
1.11400e-05 1.11884e+00
1.11900e-05 1.11606e+00
1.12500e-05 1.11329e+00
1.13000e-05 1.11033e+00
1.13500e-05 1.10767e+00
1.14000e-05 1.10536e+00
1.14600e-05 1.10306e+00
1.15100e-05 1.10071e+00
1.15600e-05 1.09750e+00
1.15900e-05 1.09658e+00
1.16400e-05 1.09607e+00
1.16900e-05 1.09434e+00
1.17500e-05 1.09234e+00
1.18000e-05 1.09062e+00
1.18600e-05 1.08906e+00
1.19100e-05 1.08647e+00
1.19400e-05 1.08616e+00
1.19900e-05 1.08748e+00
1.20500e-05 1.08793e+00
1.21100e-05 1.08799e+00
1.21600e-05 1.08672e+00
1.21900e-05 1.08721e+00
1.22500e-05 1.08972e+00
1.23000e-05 1.09091e+00
1.23600e-05 1.09127e+00
1.23900e-05 1.09238e+00
1.24500e-05 1.09564e+00
1.25000e-05 1.09801e+00
1.25600e-05 1.09960e+00
1.25900e-05 1.10082e+00
1.26500e-05 1.10462e+00
1.27100e-05 1.10740e+00
1.27600e-05 1.10900e+00
1.27900e-05 1.11032e+00
1.28500e-05 1.11424e+00
1.29100e-05 1.11675e+00
1.29400e-05 1.11826e+00
1.30000e-05 1.12207e+00
1.30600e-05 1.12484e+00
1.30900e-05 1.12648e+00
1.31500e-05 1.13058e+00
1.32100e-05 1.13383e+00
1.32400e-05 1.13577e+00
1.33000e-05 1.13952e+00
1.33400e-05 1.14143e+00
1.34000e-05 1.14585e+00
1.34600e-05 1.14963e+00
1.34900e-05 1.15164e+00
1.35500e-05 1.15634e+00
1.36100e-05 1.16015e+00
1.36500e-05 1.16187e+00
1.37100e-05 1.16576e+00
1.37400e-05 1.16795e+00
1.38000e-05 1.17205e+00
1.38400e-05 1.17409e+00
1.39000e-05 1.17851e+00
1.39600e-05 1.18246e+00
1.40000e-05 1.18474e+00
1.40600e-05 1.18909e+00
1.40900e-05 1.19140e+00
1.41600e-05 1.19560e+00
1.41900e-05 1.19762e+00
1.42600e-05 1.20159e+00
1.42900e-05 1.20355e+00
1.43500e-05 1.20747e+00
1.43900e-05 1.20943e+00
1.44500e-05 1.21365e+00
1.44900e-05 1.21533e+00
1.45500e-05 1.21876e+00
1.45900e-05 1.22097e+00
1.46600e-05 1.22557e+00
1.46900e-05 1.22763e+00
1.47600e-05 1.23163e+00
1.47900e-05 1.23360e+00
1.48600e-05 1.23750e+00
1.48900e-05 1.23944e+00
1.49600e-05 1.24335e+00
1.50000e-05 1.24532e+00
1.50700e-05 1.24938e+00
1.51000e-05 1.25170e+00
1.51400e-05 1.25363e+00
1.52100e-05 1.25698e+00
1.52400e-05 1.25888e+00
1.53100e-05 1.26317e+00
1.53500e-05 1.26508e+00
1.54200e-05 1.26844e+00
1.54500e-05 1.27039e+00
1.54900e-05 1.27256e+00
1.55600e-05 1.27647e+00
1.56000e-05 1.27823e+00
1.56700e-05 1.28264e+00
1.57000e-05 1.28471e+00
1.57400e-05 1.28658e+00
1.58100e-05 1.29058e+00
1.58500e-05 1.29272e+00
1.58900e-05 1.29471e+00
1.59600e-05 1.29887e+00
1.60000e-05 1.30131e+00
1.60300e-05 1.30314e+00
1.61100e-05 1.30656e+00
1.61400e-05 1.30854e+00
1.62200e-05 1.31311e+00
1.62600e-05 1.31533e+00
1.62900e-05 1.31712e+00
1.63700e-05 1.32090e+00
1.64100e-05 1.32268e+00
1.64400e-05 1.32463e+00
1.64800e-05 1.32677e+00
1.65600e-05 1.33087e+00
1.66000e-05 1.33306e+00
1.66300e-05 1.33487e+00
1.67100e-05 1.33887e+00
1.67500e-05 1.34107e+00
1.67900e-05 1.34295e+00
1.68700e-05 1.34748e+00
1.69000e-05 1.34970e+00
1.69400e-05 1.35123e+00
1.69800e-05 1.35283e+00
1.70600e-05 1.35677e+00
1.71000e-05 1.35930e+00
1.71400e-05 1.36108e+00
1.72200e-05 1.36465e+00
1.72600e-05 1.36722e+00
1.73000e-05 1.36921e+00
1.73400e-05 1.37075e+00
1.74200e-05 1.37452e+00
1.74600e-05 1.37676e+00
1.75000e-05 1.37860e+00
1.75400e-05 1.38003e+00
1.76200e-05 1.38366e+00
1.76600e-05 1.38587e+00
1.77000e-05 1.38773e+00
1.77400e-05 1.38942e+00
1.77800e-05 1.39084e+00
1.78600e-05 1.39431e+00
1.79100e-05 1.39638e+00
1.79500e-05 1.39817e+00
1.79900e-05 1.39983e+00
1.80300e-05 1.40112e+00
1.81100e-05 1.40460e+00
1.81600e-05 1.40679e+00
1.82000e-05 1.40866e+00
1.82400e-05 1.41042e+00
1.82800e-05 1.41209e+00
1.83700e-05 1.41528e+00
1.84100e-05 1.41755e+00
1.84500e-05 1.41981e+00
1.84900e-05 1.42156e+00
1.85400e-05 1.42282e+00
1.86200e-05 1.42618e+00
1.86600e-05 1.42831e+00
1.87100e-05 1.42998e+00
1.87500e-05 1.43124e+00
1.87900e-05 1.43280e+00
1.88400e-05 1.43464e+00
1.88800e-05 1.43588e+00
1.89700e-05 1.43956e+00
1.90100e-05 1.44162e+00
1.90500e-05 1.44285e+00
1.91000e-05 1.44420e+00
1.91400e-05 1.44549e+00
1.91900e-05 1.44667e+00
1.92300e-05 1.44750e+00
1.93200e-05 1.45026e+00
1.93600e-05 1.45219e+00
1.94100e-05 1.45382e+00
1.94500e-05 1.45560e+00
1.95000e-05 1.45690e+00
1.95400e-05 1.45771e+00
1.95900e-05 1.45872e+00
1.96300e-05 1.45969e+00
1.96800e-05 1.46039e+00
1.97700e-05 1.46335e+00
1.98200e-05 1.46540e+00
1.98600e-05 1.46654e+00
1.99100e-05 1.46700e+00
1.99500e-05 1.46725e+00
2.00000e-05 1.46764e+00
2.09900e-05 1.48369e+00
2.19800e-05 1.49942e+00
2.30100e-05 1.51640e+00
2.39900e-05 1.52931e+00
2.50000e-05 1.53797e+00
2.60000e-05 1.54408e+00
2.69800e-05 1.54667e+00
2.79900e-05 1.54627e+00
2.89700e-05 1.54266e+00
2.99900e-05 1.53550e+00
3.09700e-05 1.52723e+00
3.19900e-05 1.51908e+00
3.30400e-05 1.51188e+00
3.39600e-05 1.50591e+00
3.49900e-05 1.49893e+00
3.59700e-05 1.49296e+00
3.69800e-05 1.48674e+00
3.80200e-05 1.48101e+00
3.89900e-05 1.47823e+00
3.99900e-05 1.47657e+00
4.10200e-05 1.47564e+00
4.19800e-05 1.47719e+00
4.29500e-05 1.48075e+00
4.39500e-05 1.48527e+00
4.49800e-05 1.49154e+00
4.60300e-05 1.49942e+00
4.69900e-05 1.50882e+00
4.79700e-05 1.52027e+00
4.89800e-05 1.53147e+00
5.00000e-05 1.54227e+00
5.20000e-05 1.56749e+00
5.39500e-05 1.59413e+00
5.59800e-05 1.61916e+00
5.79400e-05 1.64374e+00
5.99800e-05 1.66905e+00
6.19400e-05 1.69022e+00
6.39700e-05 1.70976e+00
6.60700e-05 1.72944e+00
6.80800e-05 1.74733e+00
6.99800e-05 1.76282e+00
7.19400e-05 1.77716e+00
7.39600e-05 1.79080e+00
7.60300e-05 1.80554e+00
7.79800e-05 1.81911e+00
7.99800e-05 1.83088e+00
8.20400e-05 1.84233e+00
8.39500e-05 1.85194e+00
8.59000e-05 1.85985e+00
8.79000e-05 1.86733e+00
8.99500e-05 1.87424e+00
9.20400e-05 1.88054e+00
9.39700e-05 1.88633e+00
9.59400e-05 1.89138e+00
9.79500e-05 1.89543e+00
1.00000e-04 1.89913e+00
1.09900e-04 1.90751e+00
1.19900e-04 1.91167e+00
1.30000e-04 1.91997e+00
1.40000e-04 1.92741e+00
1.50000e-04 1.93415e+00
1.60000e-04 1.94165e+00
1.69800e-04 1.94842e+00
1.79900e-04 1.95574e+00
1.90100e-04 1.96516e+00
2.00000e-04 1.97456e+00
2.09900e-04 1.98344e+00
2.19800e-04 1.99229e+00
2.30100e-04 2.00142e+00
2.39900e-04 2.01045e+00
2.50000e-04 2.02032e+00
2.60000e-04 2.02922e+00
2.69800e-04 2.03724e+00
2.79900e-04 2.04514e+00
2.89700e-04 2.05248e+00
2.99900e-04 2.05977e+00
3.19900e-04 2.07398e+00
3.39600e-04 2.08696e+00
3.59700e-04 2.09954e+00
3.80200e-04 2.11281e+00
3.99900e-04 2.12574e+00
4.19800e-04 2.13951e+00
4.39500e-04 2.15321e+00
4.60300e-04 2.16625e+00
4.79700e-04 2.17733e+00
5.00000e-04 2.18874e+00
5.20000e-04 2.20035e+00
5.39500e-04 2.21087e+00
5.59800e-04 2.22037e+00
5.79400e-04 2.22834e+00
5.99800e-04 2.23669e+00
6.50100e-04 2.25457e+00
6.99800e-04 2.27011e+00
7.49900e-04 2.29020e+00
7.99800e-04 2.31260e+00
8.49200e-04 2.33724e+00
8.99500e-04 2.36386e+00
9.50600e-04 2.38531e+00
1.00000e-03 2.39911e+00
1.10000e-03 2.43676e+00
1.20000e-03 2.48115e+00
1.30000e-03 2.52754e+00
1.40000e-03 2.57734e+00
1.50000e-03 2.62910e+00
1.60000e-03 2.67911e+00
1.70000e-03 2.72926e+00
1.80000e-03 2.78186e+00
1.90000e-03 2.83197e+00
2.00000e-03 2.88186e+00
2.10000e-03 2.93390e+00
2.20000e-03 2.98326e+00
2.30000e-03 3.03240e+00
2.40000e-03 3.08405e+00
2.50000e-03 3.13346e+00
2.60000e-03 3.17989e+00
2.70000e-03 3.22898e+00
2.80000e-03 3.27947e+00
2.90000e-03 3.32663e+00
3.00000e-03 3.37461e+00
3.10000e-03 3.42246e+00
3.20000e-03 3.46822e+00
3.30000e-03 3.51689e+00
3.40000e-03 3.56335e+00
3.50000e-03 3.60710e+00
3.60000e-03 3.65010e+00
3.70000e-03 3.69521e+00
3.80000e-03 3.74193e+00
3.90000e-03 3.78514e+00
4.00000e-03 3.82950e+00
4.10000e-03 3.87356e+00
4.20000e-03 3.91702e+00
4.30000e-03 3.96059e+00
4.40000e-03 4.00360e+00
4.50000e-03 4.04511e+00
4.60000e-03 4.08485e+00
4.70000e-03 4.12576e+00
4.80000e-03 4.16654e+00
4.90000e-03 4.20758e+00
5.00000e-03 4.24843e+00
5.10000e-03 4.28877e+00
5.20000e-03 4.32826e+00
5.30000e-03 4.36720e+00
5.40000e-03 4.40371e+00
5.50000e-03 4.44244e+00
5.60000e-03 4.48256e+00
5.70000e-03 4.51875e+00
5.80000e-03 4.55581e+00
5.90100e-03 4.59356e+00
6.00100e-03 4.63114e+00
6.10000e-03 4.66770e+00
6.20000e-03 4.70453e+00
6.29900e-03 4.74042e+00
6.40000e-03 4.77647e+00
6.50000e-03 4.81140e+00
6.59900e-03 4.84407e+00
6.70000e-03 4.88101e+00
6.80000e-03 4.91520e+00
6.89900e-03 4.94635e+00
7.00000e-03 4.97980e+00
7.10100e-03 5.01399e+00
7.19900e-03 5.04777e+00
7.30000e-03 5.08344e+00
7.39900e-03 5.11600e+00
7.50100e-03 5.14616e+00
7.60000e-03 5.17718e+00
7.70000e-03 5.20953e+00
7.80000e-03 5.24154e+00
7.90000e-03 5.27317e+00
8.00000e-03 5.30493e+00
8.10000e-03 5.33632e+00
8.20000e-03 5.36739e+00
8.30000e-03 5.39829e+00
8.40000e-03 5.42888e+00
8.50000e-03 5.45921e+00
8.60000e-03 5.48926e+00
8.70000e-03 5.51903e+00
8.80000e-03 5.54849e+00
8.90000e-03 5.57770e+00
9.00000e-03 5.60659e+00
9.10000e-03 5.63520e+00
9.20000e-03 5.66354e+00
9.30000e-03 5.69152e+00
9.40000e-03 5.71927e+00
9.50000e-03 5.74666e+00
9.60000e-03 5.77380e+00
9.70000e-03 5.80063e+00
9.80000e-03 5.82718e+00
9.90000e-03 5.85342e+00
1.00000e-02 5.87938e+00
1.10000e-02 6.13187e+00
1.20000e-02 6.34603e+00
1.30000e-02 6.53814e+00
1.40000e-02 6.71115e+00
1.50000e-02 6.86719e+00
1.60000e-02 7.00797e+00
1.70000e-02 7.13567e+00
1.80000e-02 7.25242e+00
1.90000e-02 7.35882e+00
2.00000e-02 7.45594e+00
2.10000e-02 7.54442e+00
2.20000e-02 7.62555e+00
2.30000e-02 7.70113e+00
2.40000e-02 7.76890e+00
2.50000e-02 7.83116e+00
2.60000e-02 7.88964e+00
2.70000e-02 7.94132e+00
2.80000e-02 7.98935e+00
2.90000e-02 8.03379e+00
3.00000e-02 8.07447e+00
3.10000e-02 8.11218e+00
3.20000e-02 8.14713e+00
3.30000e-02 8.17984e+00
3.40000e-02 8.20982e+00
3.50000e-02 8.23828e+00
3.60000e-02 8.26460e+00
3.70000e-02 8.28845e+00
3.80000e-02 8.31130e+00
3.90000e-02 8.33279e+00
4.00000e-02 8.35270e+00
4.10000e-02 8.37198e+00
4.20000e-02 8.38915e+00
4.30000e-02 8.40516e+00
4.40000e-02 8.42086e+00
4.50000e-02 8.43566e+00
4.60000e-02 8.44991e+00
4.70000e-02 8.46252e+00
4.80000e-02 8.47467e+00
4.90000e-02 8.48647e+00
5.00000e-02 8.49729e+00
5.10000e-02 8.50781e+00
5.20000e-02 8.51749e+00
5.30000e-02 8.52699e+00
5.40000e-02 8.53595e+00
5.50000e-02 8.54556e+00
5.60000e-02 8.55465e+00
5.70000e-02 8.56336e+00
5.80000e-02 8.57160e+00
5.90100e-02 8.57961e+00
6.00100e-02 8.58719e+00
6.10000e-02 8.59436e+00
6.20000e-02 8.60134e+00
6.29900e-02 8.60795e+00
6.40000e-02 8.61438e+00
6.50000e-02 8.62047e+00
6.59900e-02 8.62632e+00
6.70000e-02 8.63203e+00
6.80000e-02 8.63743e+00
6.89900e-02 8.64262e+00
7.00000e-02 8.64769e+00
7.10100e-02 8.65257e+00
7.19900e-02 8.65718e+00
7.30000e-02 8.66169e+00
7.39900e-02 8.66603e+00
7.50100e-02 8.67027e+00
7.60000e-02 8.67429e+00
7.70000e-02 8.67822e+00
7.80000e-02 8.68200e+00
7.90000e-02 8.68564e+00
8.00000e-02 8.68920e+00
8.10000e-02 8.69264e+00
8.20000e-02 8.69594e+00
8.30000e-02 8.69918e+00
8.40000e-02 8.70240e+00
8.50000e-02 8.70551e+00
8.60000e-02 8.70855e+00
8.70000e-02 8.71149e+00
8.80000e-02 8.71437e+00
8.90000e-02 8.71714e+00
8.99900e-02 8.71981e+00
9.09900e-02 8.72243e+00
9.20000e-02 8.72501e+00
9.30000e-02 8.72749e+00
9.39900e-02 8.72988e+00
9.49900e-02 8.73224e+00
9.60100e-02 8.73455e+00
9.70100e-02 8.73678e+00
9.79900e-02 8.73892e+00
9.89900e-02 8.74103e+00
1.00000e-01 8.74311e+00
1.09900e-01 8.76139e+00
1.19900e-01 8.77613e+00
1.30000e-01 8.78809e+00
1.40000e-01 8.79784e+00
1.50000e-01 8.80434e+00
1.60000e-01 8.80968e+00
1.69800e-01 8.81408e+00
1.79900e-01 8.81787e+00
1.90100e-01 8.82113e+00
2.00000e-01 8.82383e+00
2.09900e-01 8.82618e+00
2.19800e-01 8.82823e+00
2.30100e-01 8.83010e+00
2.39900e-01 8.83166e+00
2.50000e-01 8.83309e+00
2.60000e-01 8.83435e+00
2.69800e-01 8.83545e+00
2.79900e-01 8.83648e+00
2.89700e-01 8.83737e+00
2.99900e-01 8.83814e+00
3.09700e-01 8.83881e+00
3.19900e-01 8.83943e+00
3.30400e-01 8.84002e+00
3.39600e-01 8.84049e+00
3.49900e-01 8.84097e+00
3.59700e-01 8.84139e+00
3.69800e-01 8.84179e+00
3.80200e-01 8.84217e+00
3.89900e-01 8.84249e+00
3.99900e-01 8.84280e+00
4.10200e-01 8.84309e+00
4.19800e-01 8.84335e+00
4.29500e-01 8.84359e+00
4.39500e-01 8.84382e+00
4.49800e-01 8.84404e+00
4.60300e-01 8.84425e+00
4.69900e-01 8.84444e+00
4.79700e-01 8.84461e+00
4.89800e-01 8.84478e+00
5.00000e-01 8.84494e+00
5.10500e-01 8.84509e+00
5.20000e-01 8.84522e+00
5.29700e-01 8.84535e+00
5.39500e-01 8.84547e+00
5.49500e-01 8.84558e+00
5.59800e-01 8.84570e+00
5.70200e-01 8.84580e+00
5.79400e-01 8.84590e+00
5.90200e-01 8.84600e+00
5.99800e-01 8.84608e+00
6.09500e-01 8.84616e+00
6.19400e-01 8.84624e+00
6.29500e-01 8.84632e+00
6.39700e-01 8.84640e+00
6.50100e-01 8.84647e+00
6.60700e-01 8.84654e+00
6.69900e-01 8.84660e+00
6.80800e-01 8.84666e+00
6.90200e-01 8.84672e+00
6.99800e-01 8.84677e+00
7.09600e-01 8.84682e+00
7.19400e-01 8.84687e+00
7.29500e-01 8.84692e+00
7.39600e-01 8.84697e+00
7.49900e-01 8.84701e+00
7.60300e-01 8.84706e+00
7.69100e-01 8.84709e+00
7.79800e-01 8.84714e+00
7.90700e-01 8.84718e+00
7.99800e-01 8.84721e+00
8.09100e-01 8.84724e+00
8.20400e-01 8.84728e+00
8.29900e-01 8.84731e+00
8.39500e-01 8.84734e+00
8.49200e-01 8.84737e+00
8.59000e-01 8.84740e+00
8.71000e-01 8.84744e+00
8.79000e-01 8.84746e+00
8.89200e-01 8.84749e+00
8.99500e-01 8.84751e+00
9.09900e-01 8.84754e+00
9.20400e-01 8.84756e+00
9.29000e-01 8.84758e+00
9.39700e-01 8.84761e+00
9.50600e-01 8.84763e+00
9.59400e-01 8.84765e+00
9.70500e-01 8.84767e+00
9.79500e-01 8.84769e+00
9.90800e-01 8.84771e+00
1.00000e+00 8.84773e+00
1.09900e+00 8.84789e+00
1.19900e+00 8.84801e+00
1.30000e+00 8.84811e+00
1.40000e+00 8.84818e+00
1.50000e+00 8.84824e+00
1.60000e+00 8.84829e+00
1.69800e+00 8.84833e+00
1.79900e+00 8.84836e+00
1.90100e+00 8.84839e+00
2.00000e+00 8.84841e+00
2.09900e+00 8.84844e+00
2.19800e+00 8.84845e+00
2.30100e+00 8.84847e+00
2.39900e+00 8.84848e+00
2.50000e+00 8.84849e+00
2.60000e+00 8.84850e+00
2.69800e+00 8.84851e+00
2.79900e+00 8.84852e+00
2.89700e+00 8.84852e+00
2.99900e+00 8.84853e+00
3.09700e+00 8.84854e+00
3.19900e+00 8.84854e+00
3.30400e+00 8.84855e+00
3.39600e+00 8.84855e+00
3.49900e+00 8.84855e+00
3.59700e+00 8.84856e+00
3.69800e+00 8.84856e+00
3.80200e+00 8.84856e+00
3.89900e+00 8.84857e+00
3.99900e+00 8.84857e+00
4.10200e+00 8.84857e+00
4.19800e+00 8.84857e+00
4.29500e+00 8.84857e+00
4.39500e+00 8.84858e+00
4.49800e+00 8.84858e+00
4.60300e+00 8.84858e+00
4.69900e+00 8.84858e+00
4.79700e+00 8.84858e+00
4.89800e+00 8.84858e+00
5.00000e+00 8.84858e+00
5.10500e+00 8.84858e+00
5.20000e+00 8.84858e+00
5.29700e+00 8.84859e+00
5.39500e+00 8.84859e+00
5.49500e+00 8.84859e+00
5.59800e+00 8.84859e+00
5.70200e+00 8.84859e+00
5.79400e+00 8.84859e+00
5.90200e+00 8.84859e+00
5.99800e+00 8.84859e+00
6.09500e+00 8.84859e+00
6.19400e+00 8.84859e+00
6.29500e+00 8.84859e+00
6.39700e+00 8.84859e+00
6.50100e+00 8.84859e+00
6.60700e+00 8.84859e+00
6.69900e+00 8.84859e+00
6.80800e+00 8.84859e+00
6.90200e+00 8.84859e+00
6.99800e+00 8.84859e+00
7.09600e+00 8.84860e+00
7.19400e+00 8.84860e+00
7.29500e+00 8.84860e+00
7.39600e+00 8.84860e+00
7.49900e+00 8.84860e+00
7.60300e+00 8.84860e+00
7.69100e+00 8.84860e+00
7.79800e+00 8.84860e+00
7.90700e+00 8.84860e+00
7.99800e+00 8.84860e+00
8.09100e+00 8.84860e+00
8.20400e+00 8.84860e+00
8.29900e+00 8.84860e+00
8.39500e+00 8.84860e+00
8.49200e+00 8.84860e+00
8.59000e+00 8.84860e+00
8.71000e+00 8.84860e+00
8.79000e+00 8.84860e+00
8.89200e+00 8.84860e+00
8.99500e+00 8.84860e+00
9.09900e+00 8.84860e+00
9.20400e+00 8.84860e+00
9.29000e+00 8.84860e+00
9.39700e+00 8.84860e+00
9.50600e+00 8.84860e+00
9.59400e+00 8.84860e+00
9.70500e+00 8.84860e+00
9.79500e+00 8.84860e+00
9.90800e+00 8.84860e+00
1.00000e+01 8.84860e+00
