/*
Real part of pure water refractive index from

Segelstein, D. J. (1981). The complex refractive index of water
(Doctoral dissertation, University of Missouri--Kansas City).

Column 1: wavelength [m].
Column 2: refractive index.
*/

1e-08 0.96842
1.099e-08 0.96478
1.199e-08 0.96095
1.3e-08 0.95695
1.4e-08 0.95279
1.6e-08 0.94412
1.799e-08 0.93474
2e-08 0.92458
2.198e-08 0.91397
2.399e-08 0.90269
2.6e-08 0.89084
2.799e-08 0.87877
2.999e-08 0.86649
3.199e-08 0.85414
3.396e-08 0.84217
3.597e-08 0.83072
3.802e-08 0.81975
3.999e-08 0.81
4.198e-08 0.80229
4.395e-08 0.79774
4.603e-08 0.79701
4.797e-08 0.80558
5e-08 0.82074
5.2e-08 0.83096
5.395e-08 0.83524
5.598e-08 0.8353
5.794e-08 0.83163
5.998e-08 0.8309
6.194e-08 0.84057
6.397e-08 0.86699
6.607e-08 0.90353
6.808e-08 0.9418
6.998e-08 0.98169
7.194e-08 1.0209
7.396e-08 1.0497
7.603e-08 1.0687
7.798e-08 1.0877
7.998e-08 1.1117
8.204e-08 1.1406
8.395e-08 1.1734
8.59e-08 1.215
8.79e-08 1.2595
8.995e-08 1.3027
9.204e-08 1.3468
9.397e-08 1.3876
9.594e-08 1.4254
9.795e-08 1.4559
1e-07 1.4766
1.021e-07 1.4935
1.04e-07 1.5067
1.059e-07 1.5163
1.079e-07 1.5236
1.099e-07 1.5289
1.119e-07 1.5354
1.14e-07 1.5432
1.159e-07 1.5481
1.18e-07 1.5534
1.199e-07 1.5609
1.219e-07 1.5703
1.239e-07 1.5846
1.259e-07 1.6061
1.279e-07 1.6268
1.3e-07 1.6338
1.321e-07 1.6194
1.34e-07 1.5863
1.361e-07 1.5364
1.38e-07 1.4963
1.4e-07 1.4711
1.419e-07 1.4615
1.439e-07 1.461
1.459e-07 1.4693
1.479e-07 1.4896
1.5e-07 1.5213
1.521e-07 1.5599
1.542e-07 1.5969
1.56e-07 1.6204
1.581e-07 1.6415
1.6e-07 1.6502
1.622e-07 1.6529
1.641e-07 1.6531
1.66e-07 1.6472
1.679e-07 1.6351
1.698e-07 1.6056
1.722e-07 1.5682
1.742e-07 1.5494
1.75e-07 1.5431
1.799e-07 1.5133
1.849e-07 1.4919
1.901e-07 1.4752
1.95e-07 1.4625
2e-07 1.4517
2.051e-07 1.4423
2.099e-07 1.4347
2.148e-07 1.4278
2.198e-07 1.4216
2.249e-07 1.4159
2.301e-07 1.4107
2.35e-07 1.4064
2.399e-07 1.4023
2.449e-07 1.3985
2.5e-07 1.395
2.553e-07 1.3917
2.6e-07 1.3889
2.649e-07 1.3862
2.698e-07 1.3837
2.748e-07 1.3813
2.799e-07 1.3791
2.851e-07 1.3769
2.897e-07 1.3751
2.951e-07 1.3731
2.999e-07 1.3714
3.048e-07 1.3698
3.097e-07 1.3683
3.148e-07 1.3668
3.199e-07 1.3654
3.251e-07 1.364
3.304e-07 1.3626
3.35e-07 1.3615
3.396e-07 1.3604
3.451e-07 1.3592
3.499e-07 1.3582
3.548e-07 1.3572
3.597e-07 1.3563
3.648e-07 1.3554
3.698e-07 1.3545
3.75e-07 1.3536
3.802e-07 1.3527
3.846e-07 1.352
3.899e-07 1.3512
3.954e-07 1.3504
3.999e-07 1.3498
4.046e-07 1.3492
4.102e-07 1.3484
4.15e-07 1.3478
4.198e-07 1.3472
4.246e-07 1.3466
4.295e-07 1.3461
4.345e-07 1.3455
4.395e-07 1.345
4.446e-07 1.3444
4.498e-07 1.3439
4.55e-07 1.3434
4.603e-07 1.3429
4.645e-07 1.3425
4.699e-07 1.342
4.753e-07 1.3415
4.797e-07 1.3411
4.853e-07 1.3406
4.898e-07 1.3402
4.955e-07 1.3398
5e-07 1.3394
5.047e-07 1.3391
5.105e-07 1.3386
5.152e-07 1.3383
5.2e-07 1.3379
5.248e-07 1.3376
5.297e-07 1.3373
5.346e-07 1.3369
5.395e-07 1.3366
5.445e-07 1.3363
5.495e-07 1.336
5.546e-07 1.3357
5.598e-07 1.3353
5.649e-07 1.335
5.702e-07 1.3347
5.754e-07 1.3344
5.794e-07 1.3342
5.848e-07 1.3339
5.902e-07 1.3336
5.957e-07 1.3333
5.998e-07 1.3331
6.053e-07 1.3328
6.095e-07 1.3326
6.152e-07 1.3323
6.194e-07 1.3321
6.252e-07 1.3318
6.295e-07 1.3316
6.353e-07 1.3313
6.397e-07 1.3311
6.457e-07 1.3309
6.501e-07 1.3307
6.546e-07 1.3305
6.607e-07 1.3302
6.653e-07 1.3301
6.699e-07 1.3299
6.745e-07 1.3297
6.808e-07 1.3295
6.855e-07 1.3293
6.902e-07 1.3291
6.95e-07 1.3289
6.998e-07 1.3288
7.047e-07 1.3286
7.096e-07 1.3284
7.145e-07 1.3283
7.194e-07 1.3281
7.244e-07 1.328
7.295e-07 1.3278
7.345e-07 1.3277
7.396e-07 1.3275
7.447e-07 1.3274
7.499e-07 1.3272
7.551e-07 1.3271
7.603e-07 1.3269
7.656e-07 1.3268
7.691e-07 1.3267
7.745e-07 1.3265
7.798e-07 1.3264
7.852e-07 1.3262
7.907e-07 1.3261
7.943e-07 1.326
7.998e-07 1.3259
8.054e-07 1.3257
8.091e-07 1.3256
8.147e-07 1.3255
8.204e-07 1.3254
8.241e-07 1.3253
8.299e-07 1.3252
8.356e-07 1.325
8.395e-07 1.3249
8.453e-07 1.3248
8.492e-07 1.3247
8.551e-07 1.3246
8.59e-07 1.3245
8.65e-07 1.3244
8.71e-07 1.3242
8.75e-07 1.3242
8.79e-07 1.3241
8.851e-07 1.3239
8.892e-07 1.3239
8.954e-07 1.3237
8.995e-07 1.3236
9.057e-07 1.3235
9.099e-07 1.3234
9.141e-07 1.3234
9.204e-07 1.3232
9.247e-07 1.3231
9.29e-07 1.3231
9.354e-07 1.3229
9.397e-07 1.3228
9.441e-07 1.3228
9.506e-07 1.3226
9.55e-07 1.3225
9.594e-07 1.3225
9.661e-07 1.3223
9.705e-07 1.3222
9.75e-07 1.3222
9.795e-07 1.3221
9.84e-07 1.322
9.908e-07 1.3219
9.954e-07 1.3218
1e-06 1.3217
1.009e-06 1.3215
1.021e-06 1.3213
1.03e-06 1.3211
1.04e-06 1.321
1.05e-06 1.3208
1.059e-06 1.3206
1.069e-06 1.3204
1.079e-06 1.3202
1.089e-06 1.3201
1.099e-06 1.3199
1.109e-06 1.3197
1.119e-06 1.3195
1.13e-06 1.3193
1.14e-06 1.3191
1.151e-06 1.3189
1.159e-06 1.3188
1.169e-06 1.3186
1.18e-06 1.3184
1.191e-06 1.3182
1.199e-06 1.318
1.211e-06 1.3178
1.219e-06 1.3176
1.23e-06 1.3174
1.239e-06 1.3173
1.25e-06 1.317
1.259e-06 1.3169
1.271e-06 1.3166
1.279e-06 1.3165
1.291e-06 1.3162
1.3e-06 1.3161
1.309e-06 1.3159
1.321e-06 1.3156
1.33e-06 1.3154
1.34e-06 1.3152
1.349e-06 1.315
1.361e-06 1.3148
1.371e-06 1.3145
1.38e-06 1.3143
1.39e-06 1.3141
1.4e-06 1.3139
1.409e-06 1.3137
1.419e-06 1.3135
1.429e-06 1.3134
1.439e-06 1.3132
1.449e-06 1.3131
1.459e-06 1.3129
1.469e-06 1.3127
1.479e-06 1.3125
1.489e-06 1.3123
1.5e-06 1.3121
1.51e-06 1.3119
1.521e-06 1.3116
1.531e-06 1.3114
1.542e-06 1.3111
1.549e-06 1.3109
1.56e-06 1.3107
1.57e-06 1.3104
1.581e-06 1.3101
1.589e-06 1.3099
1.6e-06 1.3096
1.611e-06 1.3094
1.622e-06 1.3091
1.629e-06 1.3089
1.641e-06 1.3085
1.648e-06 1.3083
1.66e-06 1.308
1.671e-06 1.3077
1.679e-06 1.3074
1.69e-06 1.3071
1.698e-06 1.3068
1.71e-06 1.3065
1.722e-06 1.3061
1.73e-06 1.3058
1.742e-06 1.3054
1.75e-06 1.3051
1.762e-06 1.3047
1.77e-06 1.3044
1.778e-06 1.3042
1.791e-06 1.3037
1.799e-06 1.3034
1.811e-06 1.3029
1.82e-06 1.3026
1.828e-06 1.3023
1.841e-06 1.3017
1.849e-06 1.3013
1.862e-06 1.3006
1.871e-06 1.3002
1.879e-06 1.2999
1.888e-06 1.2995
1.901e-06 1.299
1.91e-06 1.2988
1.919e-06 1.2988
1.932e-06 1.2987
1.941e-06 1.2986
1.95e-06 1.2985
1.959e-06 1.2983
1.968e-06 1.2981
1.982e-06 1.2976
1.991e-06 1.2973
2e-06 1.2969
2.009e-06 1.2965
2.018e-06 1.2961
2.028e-06 1.2956
2.042e-06 1.2949
2.051e-06 1.2945
2.061e-06 1.294
2.07e-06 1.2935
2.08e-06 1.293
2.089e-06 1.2924
2.099e-06 1.2919
2.109e-06 1.2914
2.118e-06 1.2908
2.128e-06 1.2902
2.138e-06 1.2896
2.148e-06 1.289
2.158e-06 1.2884
2.168e-06 1.2878
2.178e-06 1.2871
2.188e-06 1.2865
2.198e-06 1.2858
2.208e-06 1.2851
2.218e-06 1.2844
2.228e-06 1.2836
2.239e-06 1.2829
2.249e-06 1.2821
2.259e-06 1.2813
2.27e-06 1.2804
2.28e-06 1.2796
2.291e-06 1.2787
2.301e-06 1.2778
2.312e-06 1.2768
2.317e-06 1.2763
2.328e-06 1.2753
2.339e-06 1.2743
2.35e-06 1.2732
2.36e-06 1.2721
2.371e-06 1.2709
2.382e-06 1.2697
2.388e-06 1.2691
2.399e-06 1.2678
2.41e-06 1.2665
2.421e-06 1.2651
2.432e-06 1.2636
2.438e-06 1.2628
2.449e-06 1.2613
2.46e-06 1.2597
2.472e-06 1.258
2.477e-06 1.2571
2.489e-06 1.2553
2.5e-06 1.2535
2.512e-06 1.2514
2.518e-06 1.2504
2.529e-06 1.2481
2.541e-06 1.2457
2.553e-06 1.243
2.564e-06 1.2402
2.57e-06 1.2387
2.576e-06 1.2371
2.582e-06 1.2354
2.588e-06 1.2337
2.594e-06 1.2318
2.606e-06 1.2278
2.612e-06 1.2255
2.618e-06 1.2231
2.624e-06 1.2205
2.63e-06 1.2181
2.636e-06 1.2157
2.649e-06 1.21
2.655e-06 1.2065
2.661e-06 1.203
2.667e-06 1.1993
2.673e-06 1.1953
2.679e-06 1.1914
2.685e-06 1.1881
2.698e-06 1.18
2.704e-06 1.1746
2.71e-06 1.1689
2.716e-06 1.161
2.723e-06 1.1529
2.729e-06 1.1495
2.742e-06 1.1421
2.748e-06 1.1362
2.754e-06 1.1329
2.761e-06 1.1317
2.767e-06 1.1328
2.78e-06 1.1309
2.786e-06 1.128
2.793e-06 1.1276
2.799e-06 1.1295
2.812e-06 1.1284
2.818e-06 1.1255
2.825e-06 1.1254
2.831e-06 1.1275
2.838e-06 1.1333
2.851e-06 1.1424
2.858e-06 1.1455
2.864e-06 1.1523
2.871e-06 1.1624
2.884e-06 1.1784
2.891e-06 1.1854
2.897e-06 1.1959
2.904e-06 1.208
2.917e-06 1.2297
2.924e-06 1.24
2.931e-06 1.2521
2.938e-06 1.2639
2.951e-06 1.2859
2.958e-06 1.2978
2.965e-06 1.3079
2.979e-06 1.3263
2.985e-06 1.3345
2.999e-06 1.3529
3.048e-06 1.4119
3.097e-06 1.452
3.148e-06 1.4668
3.199e-06 1.4615
3.251e-06 1.4494
3.304e-06 1.4326
3.35e-06 1.4171
3.396e-06 1.4049
3.451e-06 1.3933
3.499e-06 1.3842
3.548e-06 1.3761
3.597e-06 1.3689
3.648e-06 1.3625
3.698e-06 1.3569
3.75e-06 1.3519
3.802e-06 1.3474
3.846e-06 1.344
3.899e-06 1.3402
3.954e-06 1.3367
3.999e-06 1.3339
4.046e-06 1.3314
4.102e-06 1.3285
4.15e-06 1.3262
4.198e-06 1.324
4.246e-06 1.3219
4.295e-06 1.3199
4.345e-06 1.3181
4.395e-06 1.3164
4.446e-06 1.3149
4.498e-06 1.3136
4.55e-06 1.3125
4.603e-06 1.3118
4.645e-06 1.3116
4.699e-06 1.3115
4.753e-06 1.3111
4.797e-06 1.3107
4.853e-06 1.3097
4.898e-06 1.3087
4.955e-06 1.3072
5e-06 1.3059
5.047e-06 1.3043
5.105e-06 1.302
5.152e-06 1.2999
5.2e-06 1.2975
5.248e-06 1.2949
5.297e-06 1.2921
5.346e-06 1.289
5.395e-06 1.2857
5.445e-06 1.2822
5.495e-06 1.2783
5.546e-06 1.2739
5.598e-06 1.2688
5.649e-06 1.263
5.702e-06 1.2566
5.754e-06 1.2484
5.794e-06 1.2422
5.848e-06 1.2349
5.902e-06 1.2293
5.957e-06 1.2319
5.998e-06 1.2429
6.053e-06 1.2685
6.095e-06 1.2953
6.152e-06 1.3301
6.194e-06 1.3416
6.252e-06 1.3399
6.295e-06 1.3358
6.353e-06 1.3292
6.397e-06 1.325
6.457e-06 1.3205
6.501e-06 1.3177
6.546e-06 1.3148
6.607e-06 1.3114
6.653e-06 1.309
6.699e-06 1.3067
6.745e-06 1.3045
6.808e-06 1.3019
6.855e-06 1.3001
6.902e-06 1.2984
6.95e-06 1.2968
6.998e-06 1.2952
7.047e-06 1.2936
7.096e-06 1.2921
7.145e-06 1.2907
7.194e-06 1.2893
7.244e-06 1.2879
7.295e-06 1.2866
7.345e-06 1.2852
7.396e-06 1.2839
7.447e-06 1.2826
7.499e-06 1.2812
7.551e-06 1.2799
7.603e-06 1.2785
7.656e-06 1.2771
7.691e-06 1.2762
7.745e-06 1.2748
7.798e-06 1.2734
7.852e-06 1.272
7.907e-06 1.2705
7.943e-06 1.2696
7.998e-06 1.2682
8.054e-06 1.2667
8.091e-06 1.2657
8.147e-06 1.2641
8.204e-06 1.2626
8.241e-06 1.2615
8.299e-06 1.2599
8.356e-06 1.2582
8.395e-06 1.2571
8.453e-06 1.2554
8.492e-06 1.2542
8.551e-06 1.2524
8.59e-06 1.2512
8.65e-06 1.2494
8.71e-06 1.2474
8.75e-06 1.2461
8.79e-06 1.2448
8.851e-06 1.2428
8.892e-06 1.2414
8.954e-06 1.2393
8.995e-06 1.2379
9.057e-06 1.2357
9.099e-06 1.2341
9.141e-06 1.2327
9.204e-06 1.2303
9.247e-06 1.2286
9.29e-06 1.227
9.354e-06 1.2244
9.397e-06 1.2227
9.441e-06 1.2209
9.506e-06 1.2181
9.55e-06 1.2161
9.594e-06 1.2141
9.661e-06 1.2111
9.705e-06 1.2089
9.75e-06 1.2067
9.795e-06 1.2045
9.84e-06 1.2022
9.908e-06 1.1986
9.954e-06 1.1959
1e-05 1.1932
1.005e-05 1.1903
1.009e-05 1.1874
1.014e-05 1.1839
1.021e-05 1.1809
1.026e-05 1.1784
1.03e-05 1.1742
1.035e-05 1.1708
1.04e-05 1.1674
1.045e-05 1.164
1.05e-05 1.1606
1.054e-05 1.1572
1.059e-05 1.1538
1.064e-05 1.1504
1.069e-05 1.147
1.074e-05 1.1436
1.079e-05 1.1403
1.084e-05 1.1374
1.089e-05 1.1344
1.094e-05 1.1314
1.099e-05 1.1286
1.104e-05 1.1255
1.109e-05 1.122
1.114e-05 1.1188
1.119e-05 1.1161
1.125e-05 1.1133
1.13e-05 1.1103
1.135e-05 1.1077
1.14e-05 1.1054
1.146e-05 1.1031
1.151e-05 1.1007
1.156e-05 1.0975
1.159e-05 1.0966
1.164e-05 1.0961
1.169e-05 1.0943
1.175e-05 1.0923
1.18e-05 1.0906
1.186e-05 1.0891
1.191e-05 1.0865
1.194e-05 1.0862
1.199e-05 1.0875
1.205e-05 1.0879
1.211e-05 1.088
1.216e-05 1.0867
1.219e-05 1.0872
1.225e-05 1.0897
1.23e-05 1.0909
1.236e-05 1.0913
1.239e-05 1.0924
1.245e-05 1.0956
1.25e-05 1.098
1.256e-05 1.0996
1.259e-05 1.1008
1.265e-05 1.1046
1.271e-05 1.1074
1.276e-05 1.109
1.279e-05 1.1103
1.285e-05 1.1142
1.291e-05 1.1168
1.294e-05 1.1183
1.3e-05 1.1221
1.306e-05 1.1248
1.309e-05 1.1265
1.315e-05 1.1306
1.321e-05 1.1338
1.324e-05 1.1358
1.33e-05 1.1395
1.334e-05 1.1414
1.34e-05 1.1459
1.346e-05 1.1496
1.349e-05 1.1516
1.355e-05 1.1563
1.361e-05 1.1602
1.365e-05 1.1619
1.371e-05 1.1658
1.374e-05 1.1679
1.38e-05 1.172
1.384e-05 1.1741
1.39e-05 1.1785
1.396e-05 1.1825
1.4e-05 1.1847
1.406e-05 1.1891
1.409e-05 1.1914
1.416e-05 1.1956
1.419e-05 1.1976
1.426e-05 1.2016
1.429e-05 1.2036
1.435e-05 1.2075
1.439e-05 1.2094
1.445e-05 1.2136
1.449e-05 1.2153
1.455e-05 1.2188
1.459e-05 1.221
1.466e-05 1.2256
1.469e-05 1.2276
1.476e-05 1.2316
1.479e-05 1.2336
1.486e-05 1.2375
1.489e-05 1.2394
1.496e-05 1.2433
1.5e-05 1.2453
1.507e-05 1.2494
1.51e-05 1.2517
1.514e-05 1.2536
1.521e-05 1.257
1.524e-05 1.2589
1.531e-05 1.2632
1.535e-05 1.2651
1.542e-05 1.2684
1.545e-05 1.2704
1.549e-05 1.2726
1.556e-05 1.2765
1.56e-05 1.2782
1.567e-05 1.2826
1.57e-05 1.2847
1.574e-05 1.2866
1.581e-05 1.2906
1.585e-05 1.2927
1.589e-05 1.2947
1.596e-05 1.2989
1.6e-05 1.3013
1.603e-05 1.3031
1.611e-05 1.3066
1.614e-05 1.3085
1.622e-05 1.3131
1.626e-05 1.3153
1.629e-05 1.3171
1.637e-05 1.3209
1.641e-05 1.3227
1.644e-05 1.3246
1.648e-05 1.3268
1.656e-05 1.3309
1.66e-05 1.3331
1.663e-05 1.3349
1.671e-05 1.3389
1.675e-05 1.3411
1.679e-05 1.3429
1.687e-05 1.3475
1.69e-05 1.3497
1.694e-05 1.3512
1.698e-05 1.3528
1.706e-05 1.3568
1.71e-05 1.3593
1.714e-05 1.3611
1.722e-05 1.3647
1.726e-05 1.3672
1.73e-05 1.3692
1.734e-05 1.3708
1.742e-05 1.3745
1.746e-05 1.3768
1.75e-05 1.3786
1.754e-05 1.38
1.762e-05 1.3837
1.766e-05 1.3859
1.77e-05 1.3877
1.774e-05 1.3894
1.778e-05 1.3908
1.786e-05 1.3943
1.791e-05 1.3964
1.795e-05 1.3982
1.799e-05 1.3998
1.803e-05 1.4011
1.811e-05 1.4046
1.816e-05 1.4068
1.82e-05 1.4087
1.824e-05 1.4104
1.828e-05 1.4121
1.837e-05 1.4153
1.841e-05 1.4175
1.845e-05 1.4198
1.849e-05 1.4216
1.854e-05 1.4228
1.862e-05 1.4262
1.866e-05 1.4283
1.871e-05 1.43
1.875e-05 1.4312
1.879e-05 1.4328
1.884e-05 1.4346
1.888e-05 1.4359
1.897e-05 1.4396
1.901e-05 1.4416
1.905e-05 1.4428
1.91e-05 1.4442
1.914e-05 1.4455
1.919e-05 1.4467
1.923e-05 1.4475
1.932e-05 1.4503
1.936e-05 1.4522
1.941e-05 1.4538
1.945e-05 1.4556
1.95e-05 1.4569
1.954e-05 1.4577
1.959e-05 1.4587
1.963e-05 1.4597
1.968e-05 1.4604
1.977e-05 1.4633
1.982e-05 1.4654
1.986e-05 1.4665
1.991e-05 1.467
1.995e-05 1.4672
2e-05 1.4676
2.099e-05 1.4837
2.198e-05 1.4994
2.301e-05 1.5164
2.399e-05 1.5293
2.5e-05 1.538
2.6e-05 1.5441
2.698e-05 1.5467
2.799e-05 1.5463
2.897e-05 1.5427
2.999e-05 1.5355
3.097e-05 1.5272
3.199e-05 1.5191
3.304e-05 1.5119
3.396e-05 1.5059
3.499e-05 1.4989
3.597e-05 1.493
3.698e-05 1.4867
3.802e-05 1.481
3.899e-05 1.4782
3.999e-05 1.4766
4.102e-05 1.4756
4.198e-05 1.4772
4.295e-05 1.4807
4.395e-05 1.4853
4.498e-05 1.4915
4.603e-05 1.4994
4.699e-05 1.5088
4.797e-05 1.5203
4.898e-05 1.5315
5e-05 1.5423
5.2e-05 1.5675
5.395e-05 1.5941
5.598e-05 1.6192
5.794e-05 1.6437
5.998e-05 1.6691
6.194e-05 1.6902
6.397e-05 1.7098
6.607e-05 1.7294
6.808e-05 1.7473
6.998e-05 1.7628
7.194e-05 1.7772
7.396e-05 1.7908
7.603e-05 1.8055
7.798e-05 1.8191
7.998e-05 1.8309
8.204e-05 1.8423
8.395e-05 1.8519
8.59e-05 1.8599
8.79e-05 1.8673
8.995e-05 1.8742
9.204e-05 1.8805
9.397e-05 1.8863
9.594e-05 1.8914
9.795e-05 1.8954
0.0001 1.8991
0.0001099 1.9075
0.0001199 1.9117
0.00013 1.92
0.00014 1.9274
0.00015 1.9342
0.00016 1.9417
0.0001698 1.9484
0.0001799 1.9557
0.0001901 1.9652
0.0002 1.9746
0.0002099 1.9834
0.0002198 1.9923
0.0002301 2.0014
0.0002399 2.0104
0.00025 2.0203
0.00026 2.0292
0.0002698 2.0372
0.0002799 2.0451
0.0002897 2.0525
0.0002999 2.0598
0.0003199 2.074
0.0003396 2.087
0.0003597 2.0995
0.0003802 2.1128
0.0003999 2.1257
0.0004198 2.1395
0.0004395 2.1532
0.0004603 2.1663
0.0004797 2.1773
0.0005 2.1887
0.00052 2.2003
0.0005395 2.2109
0.0005598 2.2204
0.0005794 2.2283
0.0005998 2.2367
0.0006501 2.2546
0.0006998 2.2701
0.0007499 2.2902
0.0007998 2.3126
0.0008492 2.3372
0.0008995 2.3639
0.0009506 2.3853
0.001 2.3991
0.0011 2.4368
0.0012 2.4812
0.0013 2.5275
0.0014 2.5773
0.0015 2.6291
0.0016 2.6791
0.0017 2.7293
0.0018 2.7819
0.0019 2.832
0.002 2.8819
0.0021 2.9339
0.0022 2.9833
0.0023 3.0324
0.0024 3.084
0.0025 3.1335
0.0026 3.1799
0.0027 3.229
0.0028 3.2795
0.0029 3.3266
0.003 3.3746
0.0031 3.4225
0.0032 3.4682
0.0033 3.5169
0.0034 3.5633
0.0035 3.6071
0.0036 3.6501
0.0037 3.6952
0.0038 3.7419
0.0039 3.7851
0.004 3.8295
0.0041 3.8736
0.0042 3.917
0.0043 3.9606
0.0044 4.0036
0.0045 4.0451
0.0046 4.0849
0.0047 4.1258
0.0048 4.1665
0.0049 4.2076
0.005 4.2484
0.0051 4.2888
0.0052 4.3283
0.0053 4.3672
0.0054 4.4037
0.0055 4.4424
0.0056 4.4826
0.0057 4.5187
0.0058 4.5558
0.005901 4.5936
0.006001 4.6311
0.0061 4.6677
0.0062 4.7045
0.006299 4.7404
0.0064 4.7765
0.0065 4.8114
0.006599 4.8441
0.0067 4.881
0.0068 4.9152
0.006899 4.9464
0.007 4.9798
0.007101 5.014
0.007199 5.0478
0.0073 5.0834
0.007399 5.116
0.007501 5.1462
0.0076 5.1772
0.0077 5.2095
0.0078 5.2415
0.0079 5.2732
0.008 5.3049
0.0081 5.3363
0.0082 5.3674
0.0083 5.3983
0.0084 5.4289
0.0085 5.4592
0.0086 5.4893
0.0087 5.519
0.0088 5.5485
0.0089 5.5777
0.009 5.6066
0.0091 5.6352
0.0092 5.6635
0.0093 5.6915
0.0094 5.7193
0.0095 5.7467
0.0096 5.7738
0.0097 5.8006
0.0098 5.8272
0.0099 5.8534
0.01 5.8794
0.011 6.1319
0.012 6.346
0.013 6.5381
0.014 6.7111
0.015 6.8672
0.016 7.008
0.017 7.1357
0.018 7.2524
0.019 7.3588
0.02 7.4559
0.021 7.5444
0.022 7.6256
0.023 7.7011
0.024 7.7689
0.025 7.8312
0.026 7.8896
0.027 7.9413
0.028 7.9894
0.029 8.0338
0.03 8.0745
0.031 8.1122
0.032 8.1471
0.033 8.1798
0.034 8.2098
0.035 8.2383
0.036 8.2646
0.037 8.2884
0.038 8.3113
0.039 8.3328
0.04 8.3527
0.041 8.372
0.042 8.3892
0.043 8.4052
0.044 8.4209
0.045 8.4357
0.046 8.4499
0.047 8.4625
0.048 8.4747
0.049 8.4865
0.05 8.4973
0.051 8.5078
0.052 8.5175
0.053 8.527
0.054 8.5359
0.055 8.5456
0.056 8.5547
0.057 8.5634
0.058 8.5716
0.05901 8.5796
0.06001 8.5872
0.061 8.5944
0.062 8.6013
0.06299 8.6079
0.064 8.6144
0.065 8.6205
0.06599 8.6263
0.067 8.632
0.068 8.6374
0.06899 8.6426
0.07 8.6477
0.07101 8.6526
0.07199 8.6572
0.073 8.6617
0.07399 8.666
0.07501 8.6703
0.076 8.6743
0.077 8.6782
0.078 8.682
0.079 8.6856
0.08 8.6892
0.081 8.6926
0.082 8.6959
0.083 8.6992
0.084 8.7024
0.085 8.7055
0.086 8.7086
0.087 8.7115
0.088 8.7144
0.089 8.7171
0.08999 8.7198
0.09099 8.7224
0.092 8.725
0.093 8.7275
0.09399 8.7299
0.09499 8.7322
0.09601 8.7345
0.09701 8.7368
0.09799 8.7389
0.09899 8.741
0.1 8.7431
0.1099 8.7614
0.1199 8.7761
0.13 8.7881
0.14 8.7978
0.15 8.8043
0.16 8.8097
0.1698 8.8141
0.1799 8.8179
0.1901 8.8211
0.2 8.8238
0.2099 8.8262
0.2198 8.8282
0.2301 8.8301
0.2399 8.8317
0.25 8.8331
0.26 8.8343
0.2698 8.8354
0.2799 8.8365
0.2897 8.8374
0.2999 8.8381
0.3097 8.8388
0.3199 8.8394
0.3304 8.84
0.3396 8.8405
0.3499 8.841
0.3597 8.8414
0.3698 8.8418
0.3802 8.8422
0.3899 8.8425
0.3999 8.8428
0.4102 8.8431
0.4198 8.8433
0.4295 8.8436
0.4395 8.8438
0.4498 8.844
0.4603 8.8443
0.4699 8.8444
0.4797 8.8446
0.4898 8.8448
0.5 8.8449
0.5105 8.8451
0.52 8.8452
0.5297 8.8453
0.5395 8.8455
0.5495 8.8456
0.5598 8.8457
0.5702 8.8458
0.5794 8.8459
0.5902 8.846
0.5998 8.8461
0.6095 8.8462
0.6194 8.8462
0.6295 8.8463
0.6397 8.8464
0.6501 8.8465
0.6607 8.8465
0.6699 8.8466
0.6808 8.8467
0.6902 8.8467
0.6998 8.8468
0.7096 8.8468
0.7194 8.8469
0.7295 8.8469
0.7396 8.847
0.7499 8.847
0.7603 8.8471
0.7691 8.8471
0.7798 8.8471
0.7907 8.8472
0.7998 8.8472
0.8091 8.8472
0.8204 8.8473
0.8299 8.8473
0.8395 8.8473
0.8492 8.8474
0.859 8.8474
0.871 8.8474
0.879 8.8475
0.8892 8.8475
0.8995 8.8475
0.9099 8.8475
0.9204 8.8476
0.929 8.8476
0.9397 8.8476
0.9506 8.8476
0.9594 8.8476
0.9705 8.8477
0.9795 8.8477
0.9908 8.8477
1 8.8477
1.099 8.8479
1.199 8.848
1.3 8.8481
1.4 8.8482
1.5 8.8482
1.6 8.8483
1.698 8.8483
1.799 8.8484
1.901 8.8484
2 8.8484
2.099 8.8484
2.198 8.8485
2.301 8.8485
2.399 8.8485
2.5 8.8485
2.6 8.8485
2.698 8.8485
2.799 8.8485
2.897 8.8485
2.999 8.8485
3.097 8.8485
3.199 8.8485
3.304 8.8485
3.396 8.8485
3.499 8.8486
3.597 8.8486
3.698 8.8486
3.802 8.8486
3.899 8.8486
3.999 8.8486
4.102 8.8486
4.198 8.8486
4.295 8.8486
4.395 8.8486
4.498 8.8486
4.603 8.8486
4.699 8.8486
4.797 8.8486
4.898 8.8486
5 8.8486
5.105 8.8486
5.2 8.8486
5.297 8.8486
5.395 8.8486
5.495 8.8486
5.598 8.8486
5.702 8.8486
5.794 8.8486
5.902 8.8486
5.998 8.8486
6.095 8.8486
6.194 8.8486
6.295 8.8486
6.397 8.8486
6.501 8.8486
6.607 8.8486
6.699 8.8486
6.808 8.8486
6.902 8.8486
6.998 8.8486
7.096 8.8486
7.194 8.8486
7.295 8.8486
7.396 8.8486
7.499 8.8486
7.603 8.8486
7.691 8.8486
7.798 8.8486
7.907 8.8486
7.998 8.8486
8.091 8.8486
8.204 8.8486
8.299 8.8486
8.395 8.8486
8.492 8.8486
8.59 8.8486
8.71 8.8486
8.79 8.8486
8.892 8.8486
8.995 8.8486
9.099 8.8486
9.204 8.8486
9.29 8.8486
9.397 8.8486
9.506 8.8486
9.594 8.8486
9.705 8.8486
9.795 8.8486
9.908 8.8486
10 8.8486
