2.8e-07 -0
2.8009e-07 -0
2.8019e-07 -0
2.8028e-07 -0
2.8037e-07 -0
2.8047e-07 -0
2.8056e-07 -0
2.8065e-07 -0
2.8075e-07 -0
2.8084e-07 -0
2.8094e-07 -0
2.8103e-07 -0
2.8112e-07 -0
2.8122e-07 -0
2.8131e-07 -0
2.814e-07 -0
2.815e-07 -0
2.8159e-07 -0
2.8169e-07 -0
2.8178e-07 -0
2.8187e-07 -0
2.8197e-07 -0
2.8206e-07 -0
2.8216e-07 -0
2.8225e-07 -0
2.8235e-07 -0
2.8244e-07 -0
2.8253e-07 -0
2.8263e-07 -0
2.8272e-07 -0
2.8282e-07 -0
2.8291e-07 -0
2.8301e-07 -0
2.831e-07 -0
2.8319e-07 -0
2.8329e-07 -0
2.8338e-07 -0
2.8348e-07 -0
2.8357e-07 -0
2.8367e-07 -0
2.8376e-07 -0
2.8386e-07 -0
2.8395e-07 -0
2.8405e-07 -0
2.8414e-07 -0
2.8424e-07 -0
2.8433e-07 -0
2.8443e-07 -0
2.8452e-07 -0
2.8462e-07 -0
2.8471e-07 -0
2.8481e-07 -0
2.849e-07 -0
2.85e-07 -0
2.8509e-07 -0
2.8519e-07 -0
2.8528e-07 -0
2.8538e-07 -0
2.8547e-07 -0
2.8557e-07 -0
2.8566e-07 -0
2.8576e-07 -0
2.8585e-07 -0
2.8595e-07 -0
2.8604e-07 -0
2.8614e-07 -0
2.8623e-07 -0
2.8633e-07 -0
2.8643e-07 -0
2.8652e-07 -0
2.8662e-07 -0
2.8671e-07 -0
2.8681e-07 -0
2.869e-07 -0
2.87e-07 -0
2.871e-07 -0
2.8719e-07 -0
2.8729e-07 -0
2.8738e-07 -0
2.8748e-07 -0
2.8757e-07 -0
2.8767e-07 -0
2.8777e-07 -0
2.8786e-07 -0
2.8796e-07 -0
2.8805e-07 -0
2.8815e-07 -0
2.8825e-07 -0
2.8834e-07 -0
2.8844e-07 -0
2.8854e-07 -0
2.8863e-07 -0
2.8873e-07 -0
2.8882e-07 -0
2.8892e-07 -0
2.8902e-07 -0
2.8911e-07 -0
2.8921e-07 -0
2.8931e-07 -0
2.894e-07 -0
2.895e-07 -0
2.896e-07 -0
2.8969e-07 -0
2.8979e-07 -0
2.8989e-07 -0
2.8998e-07 -0
2.9008e-07 -0
2.9018e-07 -0
2.9027e-07 -0
2.9037e-07 -0
2.9047e-07 -0
2.9056e-07 -0
2.9066e-07 -0
2.9076e-07 -0
2.9086e-07 -0
2.9095e-07 -0
2.9105e-07 -0
2.9115e-07 -0
2.9124e-07 -0
2.9134e-07 -0
2.9144e-07 -0
2.9154e-07 -0
2.9163e-07 -0
2.9173e-07 -0
2.9183e-07 -0
2.9192e-07 -0
2.9202e-07 -0
2.9212e-07 -0
2.9222e-07 -0
2.9231e-07 -0
2.9241e-07 -0
2.9251e-07 -0
2.9261e-07 -0
2.9271e-07 -0
2.928e-07 -0
2.929e-07 -0
2.93e-07 -0
2.931e-07 -0
2.9319e-07 -0
2.9329e-07 -0
2.9339e-07 -0
2.9349e-07 -0
2.9359e-07 -0
2.9368e-07 -0
2.9378e-07 -0
2.9388e-07 -0
2.9398e-07 -0
2.9408e-07 -0
2.9417e-07 -0
2.9427e-07 -0
2.9437e-07 -0
2.9447e-07 -0
2.9457e-07 -0
2.9466e-07 -0
2.9476e-07 -0
2.9486e-07 -0
2.9496e-07 -0
2.9506e-07 -0
2.9516e-07 -0
2.9526e-07 -0
2.9535e-07 -0
2.9545e-07 -0
2.9555e-07 -0
2.9565e-07 -0
2.9575e-07 -0
2.9585e-07 -0
2.9595e-07 -0
2.9604e-07 -0
2.9614e-07 -0
2.9624e-07 -0
2.9634e-07 -0
2.9644e-07 -0
2.9654e-07 -0
2.9664e-07 -0
2.9674e-07 -0
2.9684e-07 -0
2.9693e-07 -0
2.9703e-07 -0
2.9713e-07 -0
2.9723e-07 -0
2.9733e-07 -0
2.9743e-07 -0
2.9753e-07 -0
2.9763e-07 -0
2.9773e-07 -0
2.9783e-07 -0
2.9793e-07 -0
2.9803e-07 -0
2.9813e-07 -0
2.9823e-07 -0
2.9833e-07 -0
2.9842e-07 -0
2.9852e-07 -0
2.9862e-07 -0
2.9872e-07 -0
2.9882e-07 -0
2.9892e-07 -0
2.9902e-07 -0
2.9912e-07 -0
2.9922e-07 -0
2.9932e-07 -0
2.9942e-07 -0
2.9952e-07 -0
2.9962e-07 -0
2.9972e-07 -0
2.9982e-07 -0
2.9992e-07 -0
3.0002e-07 -0
3.0012e-07 -0
3.0022e-07 -0
3.0032e-07 -0
3.0042e-07 -0
3.0052e-07 -0
3.0062e-07 -0
3.0072e-07 -0
3.0082e-07 -0
3.0092e-07 -0
3.0102e-07 -0
3.0113e-07 -0
3.0123e-07 -0
3.0133e-07 -0
3.0143e-07 -0
3.0153e-07 -0
3.0163e-07 -0
3.0173e-07 -0
3.0183e-07 -0
3.0193e-07 -0
3.0203e-07 -0
3.0213e-07 -0
3.0223e-07 -0
3.0233e-07 -0
3.0243e-07 -0
3.0254e-07 -0
3.0264e-07 -0
3.0274e-07 -0
3.0284e-07 -0
3.0294e-07 -0
3.0304e-07 -0
3.0314e-07 -0
3.0324e-07 -0
3.0334e-07 -0
3.0344e-07 -0
3.0355e-07 -0
3.0365e-07 -0
3.0375e-07 -0
3.0385e-07 -0
3.0395e-07 -0
3.0405e-07 -0
3.0415e-07 -0
3.0426e-07 -0
3.0436e-07 -0
3.0446e-07 -0
3.0456e-07 -0
3.0466e-07 -0
3.0476e-07 -0
3.0487e-07 -0
3.0497e-07 -0
3.0507e-07 -0
3.0517e-07 -0
3.0527e-07 -0
3.0537e-07 -0
3.0548e-07 -0
3.0558e-07 -0
3.0568e-07 -0
3.0578e-07 -0
3.0588e-07 -0
3.0599e-07 -0
3.0609e-07 -0
3.0619e-07 -0
3.0629e-07 -0
3.064e-07 -0
3.065e-07 -0
3.066e-07 -0
3.067e-07 -0
3.068e-07 -0
3.0691e-07 -0
3.0701e-07 -0
3.0711e-07 -0
3.0721e-07 -0
3.0732e-07 -0
3.0742e-07 -0
3.0752e-07 -0
3.0762e-07 -0
3.0773e-07 -0
3.0783e-07 -0
3.0793e-07 -0
3.0804e-07 -0
3.0814e-07 -0
3.0824e-07 -0
3.0834e-07 -0
3.0845e-07 -0
3.0855e-07 -0
3.0865e-07 -0
3.0876e-07 -0
3.0886e-07 -0
3.0896e-07 -0
3.0906e-07 -0
3.0917e-07 -0
3.0927e-07 -0
3.0937e-07 -0
3.0948e-07 -0
3.0958e-07 -0
3.0968e-07 -0
3.0979e-07 -0
3.0989e-07 -0
3.0999e-07 -0
3.101e-07 -0
3.102e-07 -0
3.103e-07 -0
3.1041e-07 -0
3.1051e-07 -0
3.1062e-07 -0
3.1072e-07 -0
3.1082e-07 -0
3.1093e-07 -0
3.1103e-07 -0
3.1113e-07 -0
3.1124e-07 -0
3.1134e-07 -0
3.1145e-07 -0
3.1155e-07 -0
3.1165e-07 -0
3.1176e-07 -0
3.1186e-07 -0
3.1197e-07 -0
3.1207e-07 -0
3.1217e-07 -0
3.1228e-07 -0
3.1238e-07 -0
3.1249e-07 -0
3.1259e-07 -0
3.127e-07 -0
3.128e-07 -0
3.129e-07 -0
3.1301e-07 -0
3.1311e-07 -0
3.1322e-07 -0
3.1332e-07 -0
3.1343e-07 -0
3.1353e-07 -0
3.1364e-07 -0
3.1374e-07 -0
3.1384e-07 -0
3.1395e-07 -0
3.1405e-07 -0
3.1416e-07 -0
3.1426e-07 -0
3.1437e-07 -0
3.1447e-07 -0
3.1458e-07 -0
3.1468e-07 -0
3.1479e-07 -0
3.1489e-07 -0
3.15e-07 -0
3.151e-07 -0
3.1521e-07 -0
3.1531e-07 -0
3.1542e-07 -0
3.1552e-07 -0
3.1563e-07 -0
3.1574e-07 -0
3.1584e-07 -0
3.1595e-07 -0
3.1605e-07 -0
3.1616e-07 -0
3.1626e-07 -0
3.1637e-07 -0
3.1647e-07 -0
3.1658e-07 -0
3.1668e-07 -0
3.1679e-07 -0
3.169e-07 -0
3.17e-07 -0
3.1711e-07 -0
3.1721e-07 -0
3.1732e-07 -0
3.1743e-07 -0
3.1753e-07 -0
3.1764e-07 -0
3.1774e-07 -0
3.1785e-07 -0
3.1796e-07 -0
3.1806e-07 -0
3.1817e-07 -0
3.1827e-07 -0
3.1838e-07 -0
3.1849e-07 -0
3.1859e-07 -0
3.187e-07 -0
3.1881e-07 -0
3.1891e-07 -0
3.1902e-07 -0
3.1912e-07 -0
3.1923e-07 -0
3.1934e-07 -0
3.1944e-07 -0
3.1955e-07 -0
3.1966e-07 -0
3.1976e-07 -0
3.1987e-07 -0
3.1998e-07 -0
3.2008e-07 -0
3.2019e-07 -0
3.203e-07 -0
3.204e-07 -0
3.2051e-07 -0
3.2062e-07 -0
3.2073e-07 -0
3.2083e-07 -0
3.2094e-07 -0
3.2105e-07 -0
3.2115e-07 -0
3.2126e-07 -0
3.2137e-07 -0
3.2148e-07 -0
3.2158e-07 -0
3.2169e-07 -0
3.218e-07 -0
3.2191e-07 -0
3.2201e-07 -0
3.2212e-07 -0
3.2223e-07 -0
3.2233e-07 -0
3.2244e-07 -0
3.2255e-07 -0
3.2266e-07 -0
3.2277e-07 -0
3.2287e-07 -0
3.2298e-07 -0
3.2309e-07 -0
3.232e-07 -0
3.233e-07 -0
3.2341e-07 -0
3.2352e-07 -0
3.2363e-07 -0
3.2374e-07 -0
3.2384e-07 -0
3.2395e-07 -0
3.2406e-07 -0
3.2417e-07 -0
3.2428e-07 -0
3.2438e-07 -0
3.2449e-07 -0
3.246e-07 -0
3.2471e-07 -0
3.2482e-07 -0
3.2493e-07 -0
3.2503e-07 -0
3.2514e-07 -0
3.2525e-07 -0
3.2536e-07 -0
3.2547e-07 -0
3.2558e-07 -0
3.2569e-07 -0
3.2579e-07 -0
3.259e-07 -0
3.2601e-07 -0
3.2612e-07 -0
3.2623e-07 -0
3.2634e-07 -0
3.2645e-07 -0
3.2656e-07 -0
3.2667e-07 -0
3.2677e-07 -0
3.2688e-07 -0
3.2699e-07 -0
3.271e-07 -0
3.2721e-07 -0
3.2732e-07 -0
3.2743e-07 -0
3.2754e-07 -0
3.2765e-07 -0
3.2776e-07 -0
3.2787e-07 -0
3.2798e-07 -0
3.2809e-07 -0
3.282e-07 -0
3.283e-07 -0
3.2841e-07 -0
3.2852e-07 -0
3.2863e-07 -0
3.2874e-07 -0
3.2885e-07 -0
3.2896e-07 -0
3.2907e-07 -0
3.2918e-07 -0
3.2929e-07 -0
3.294e-07 -0
3.2951e-07 -0
3.2962e-07 -0
3.2973e-07 -0
3.2984e-07 -0
3.2995e-07 -0
3.3006e-07 -0
3.3017e-07 -0
3.3028e-07 -0
3.3039e-07 -0
3.305e-07 -0
3.3061e-07 -0
3.3072e-07 -0
3.3083e-07 -0
3.3094e-07 -0
3.3105e-07 -0
3.3117e-07 -0
3.3128e-07 -0
3.3139e-07 -0
3.315e-07 -0
3.3161e-07 -0
3.3172e-07 -0
3.3183e-07 -0
3.3194e-07 -0
3.3205e-07 -0
3.3216e-07 -0
3.3227e-07 -0
3.3238e-07 -0
3.3249e-07 -0
3.326e-07 -0
3.3272e-07 -0
3.3283e-07 -0
3.3294e-07 -0
3.3305e-07 -0
3.3316e-07 -0
3.3327e-07 -0
3.3338e-07 -0
3.3349e-07 -0
3.336e-07 -0
3.3372e-07 -0
3.3383e-07 -0
3.3394e-07 -0
3.3405e-07 -0
3.3416e-07 -0
3.3427e-07 -0
3.3438e-07 -0
3.345e-07 -0
3.3461e-07 -0
3.3472e-07 -0
3.3483e-07 -0
3.3494e-07 -0
3.3506e-07 -0
3.3517e-07 -0
3.3528e-07 -0
3.3539e-07 -0
3.355e-07 -0
3.3561e-07 -0
3.3573e-07 -0
3.3584e-07 -0
3.3595e-07 -0
3.3606e-07 -0
3.3617e-07 -0
3.3629e-07 -0
3.364e-07 -0
3.3651e-07 -0
3.3662e-07 -0
3.3674e-07 -0
3.3685e-07 -0
3.3696e-07 -0
3.3707e-07 -0
3.3719e-07 -0
3.373e-07 -0
3.3741e-07 -0
3.3752e-07 -0
3.3764e-07 -0
3.3775e-07 -0
3.3786e-07 -0
3.3797e-07 -0
3.3809e-07 -0
3.382e-07 -0
3.3831e-07 -0
3.3843e-07 -0
3.3854e-07 -0
3.3865e-07 -0
3.3876e-07 -0
3.3888e-07 -0
3.3899e-07 -0
3.391e-07 -0
3.3922e-07 -0
3.3933e-07 -0
3.3944e-07 -0
3.3956e-07 -0
3.3967e-07 -0
3.3978e-07 -0
3.399e-07 -0
3.4001e-07 -0
3.4012e-07 -0
3.4024e-07 -0
3.4035e-07 -0
3.4046e-07 -0
3.4058e-07 -0
3.4069e-07 -0
3.4081e-07 -0
3.4092e-07 -0
3.4103e-07 -0
3.4115e-07 -0
3.4126e-07 -0
3.4137e-07 -0
3.4149e-07 -0
3.416e-07 -0
3.4172e-07 -0
3.4183e-07 -0
3.4194e-07 -0
3.4206e-07 -0
3.4217e-07 -0
3.4229e-07 -0
3.424e-07 -0
3.4252e-07 -0
3.4263e-07 -0
3.4274e-07 -0
3.4286e-07 -0
3.4297e-07 -0
3.4309e-07 -0
3.432e-07 -0
3.4332e-07 -0
3.4343e-07 -0
3.4355e-07 -0
3.4366e-07 -0
3.4377e-07 -0
3.4389e-07 -0
3.44e-07 -0
3.4412e-07 -0
3.4423e-07 -0
3.4435e-07 -0
3.4446e-07 -0
3.4458e-07 -0
3.4469e-07 -0
3.4481e-07 -0
3.4492e-07 -0
3.4504e-07 -0
3.4515e-07 -0
3.4527e-07 -0
3.4538e-07 -0
3.455e-07 -0
3.4561e-07 -0
3.4573e-07 -0
3.4585e-07 -0
3.4596e-07 -0
3.4608e-07 -0
3.4619e-07 -0
3.4631e-07 -0
3.4642e-07 -0
3.4654e-07 -0
3.4665e-07 -0
3.4677e-07 -0
3.4689e-07 -0
3.47e-07 -0
3.4712e-07 -0
3.4723e-07 -0
3.4735e-07 -0
3.4746e-07 -0
3.4758e-07 -0
3.477e-07 -0
3.4781e-07 -0
3.4793e-07 -0
3.4804e-07 -0
3.4816e-07 -0
3.4828e-07 -0
3.4839e-07 -0
3.4851e-07 -0
3.4863e-07 -0
3.4874e-07 -0
3.4886e-07 -0
3.4898e-07 -0
3.4909e-07 -0
3.4921e-07 -0
3.4932e-07 -0
3.4944e-07 -0
3.4956e-07 -0
3.4967e-07 -0
3.4979e-07 -0
3.4991e-07 -0
3.5002e-07 -0
3.5014e-07 -0
3.5026e-07 -0
3.5038e-07 -0
3.5049e-07 -0
3.5061e-07 -0
3.5073e-07 -0
3.5084e-07 -0
3.5096e-07 -0
3.5108e-07 -0
3.5119e-07 -0
3.5131e-07 -0
3.5143e-07 -0
3.5155e-07 -0
3.5166e-07 -0
3.5178e-07 -0
3.519e-07 -0
3.5202e-07 -0
3.5213e-07 -0
3.5225e-07 -0
3.5237e-07 -0
3.5249e-07 -0
3.526e-07 -0
3.5272e-07 -0
3.5284e-07 -0
3.5296e-07 -0
3.5307e-07 -0
3.5319e-07 -0
3.5331e-07 -0
3.5343e-07 -0
3.5355e-07 -0
3.5366e-07 -0
3.5378e-07 -0
3.539e-07 -0
3.5402e-07 -0
3.5414e-07 -0
3.5425e-07 -0
3.5437e-07 -0
3.5449e-07 -0
3.5461e-07 -0
3.5473e-07 -0
3.5485e-07 -0
3.5496e-07 -0
3.5508e-07 -0
3.552e-07 -0
3.5532e-07 -0
3.5544e-07 -0
3.5556e-07 -0
3.5568e-07 -0
3.5579e-07 -0
3.5591e-07 -0
3.5603e-07 -0
3.5615e-07 -0
3.5627e-07 -0
3.5639e-07 -0
3.5651e-07 -0
3.5663e-07 -0
3.5675e-07 -0
3.5686e-07 -0
3.5698e-07 -0
3.571e-07 -0
3.5722e-07 -0
3.5734e-07 -0
3.5746e-07 -0
3.5758e-07 -0
3.577e-07 -0
3.5782e-07 -0
3.5794e-07 -0
3.5806e-07 -0
3.5818e-07 -0
3.583e-07 -0
3.5842e-07 -0
3.5854e-07 -0
3.5865e-07 -0
3.5877e-07 -0
3.5889e-07 -0
3.5901e-07 -0
3.5913e-07 -0
3.5925e-07 -0
3.5937e-07 -0
3.5949e-07 -0
3.5961e-07 -0
3.5973e-07 -0
3.5985e-07 -0
3.5997e-07 -0
3.6009e-07 -0
3.6021e-07 -0
3.6033e-07 -0
3.6045e-07 -0
3.6057e-07 -0
3.6069e-07 -0
3.6082e-07 -0
3.6094e-07 -0
3.6106e-07 -0
3.6118e-07 -0
3.613e-07 -0
3.6142e-07 -0
3.6154e-07 -0
3.6166e-07 -0
3.6178e-07 -0
3.619e-07 -0
3.6202e-07 -0
3.6214e-07 -0
3.6226e-07 -0
3.6238e-07 -0
3.625e-07 -0
3.6263e-07 -0
3.6275e-07 -0
3.6287e-07 -0
3.6299e-07 -0
3.6311e-07 -0
3.6323e-07 -0
3.6335e-07 -0
3.6347e-07 -0
3.6359e-07 -0
3.6372e-07 -0
3.6384e-07 -0
3.6396e-07 -0
3.6408e-07 -0
3.642e-07 -0
3.6432e-07 -0
3.6444e-07 -0
3.6457e-07 -0
3.6469e-07 -0
3.6481e-07 -0
3.6493e-07 -0
3.6505e-07 -0
3.6518e-07 -0
3.653e-07 -0
3.6542e-07 -0
3.6554e-07 -0
3.6566e-07 -0
3.6578e-07 -0
3.6591e-07 -0
3.6603e-07 -0
3.6615e-07 -0
3.6627e-07 -0
3.664e-07 -0
3.6652e-07 -0
3.6664e-07 -0
3.6676e-07 -0
3.6689e-07 -0
3.6701e-07 -0
3.6713e-07 -0
3.6725e-07 -0
3.6737e-07 -0
3.675e-07 -0
3.6762e-07 -0
3.6774e-07 -0
3.6787e-07 -0
3.6799e-07 -0
3.6811e-07 -0
3.6823e-07 -0
3.6836e-07 -0
3.6848e-07 -0
3.686e-07 -0
3.6873e-07 -0
3.6885e-07 -0
3.6897e-07 -0
3.691e-07 -0
3.6922e-07 -0
3.6934e-07 -0
3.6946e-07 -0
3.6959e-07 -0
3.6971e-07 -0
3.6983e-07 -0
3.6996e-07 -0
3.7008e-07 -0
3.7021e-07 -0
3.7033e-07 -0
3.7045e-07 -0
3.7058e-07 -0
3.707e-07 -0
3.7082e-07 -0
3.7095e-07 -0
3.7107e-07 -0
3.7119e-07 -0
3.7132e-07 -0
3.7144e-07 -0
3.7157e-07 -0
3.7169e-07 -0
3.7181e-07 -0
3.7194e-07 -0
3.7206e-07 -0
3.7219e-07 -0
3.7231e-07 -0
3.7244e-07 -0
3.7256e-07 -0
3.7268e-07 -0
3.7281e-07 -0
3.7293e-07 -0
3.7306e-07 -0
3.7318e-07 -0
3.7331e-07 -0
3.7343e-07 -0
3.7356e-07 -0
3.7368e-07 -0
3.738e-07 -0
3.7393e-07 -0
3.7405e-07 -0
3.7418e-07 -0
3.743e-07 -0
3.7443e-07 -0
3.7455e-07 -0
3.7468e-07 -0
3.748e-07 -0
3.7493e-07 -0
3.7505e-07 -0
3.7518e-07 -0
3.753e-07 -0
3.7543e-07 -0
3.7555e-07 -0
3.7568e-07 -0
3.7581e-07 -0
3.7593e-07 -0
3.7606e-07 -0
3.7618e-07 -0
3.7631e-07 -0
3.7643e-07 -0
3.7656e-07 -0
3.7668e-07 -0
3.7681e-07 -0
3.7694e-07 -0
3.7706e-07 -0
3.7719e-07 -0
3.7731e-07 -0
3.7744e-07 -0
3.7756e-07 -0
3.7769e-07 -0
3.7782e-07 -0
3.7794e-07 -0
3.7807e-07 -0
3.782e-07 -0
3.7832e-07 -0
3.7845e-07 -0
3.7857e-07 -0
3.787e-07 -0
3.7883e-07 -0
3.7895e-07 -0
3.7908e-07 -0
3.7921e-07 -0
3.7933e-07 -0
3.7946e-07 -0
3.7959e-07 -0
3.7971e-07 -0
3.7984e-07 -0
3.7997e-07 -0
3.8009e-07 -0
3.8022e-07 -0
3.8035e-07 -0
3.8047e-07 -0
3.806e-07 -0
3.8073e-07 -0
3.8085e-07 -0
3.8098e-07 -0
3.8111e-07 -0
3.8124e-07 -0
3.8136e-07 -0
3.8149e-07 -0
3.8162e-07 -0
3.8175e-07 -0
3.8187e-07 -0
3.82e-07 -0
3.8213e-07 -0
3.8225e-07 -0
3.8238e-07 -0
3.8251e-07 -0
3.8264e-07 -0
3.8277e-07 -0
3.8289e-07 -0
3.8302e-07 -0
3.8315e-07 -0
3.8328e-07 -0
3.834e-07 -0
3.8353e-07 -0
3.8366e-07 -0
3.8379e-07 -0
3.8392e-07 -0
3.8404e-07 -0
3.8417e-07 -0
3.843e-07 -0
3.8443e-07 -0
3.8456e-07 -0
3.8469e-07 -0
3.8481e-07 -0
3.8494e-07 -0
3.8507e-07 -0
3.852e-07 -0
3.8533e-07 -0
3.8546e-07 -0
3.8559e-07 -0
3.8571e-07 -0
3.8584e-07 -0
3.8597e-07 -0
3.861e-07 -0
3.8623e-07 -0
3.8636e-07 -0
3.8649e-07 -0
3.8662e-07 -0
3.8675e-07 -0
3.8687e-07 -0
3.87e-07 -0
3.8713e-07 -0
3.8726e-07 -0
3.8739e-07 -0
3.8752e-07 -0
3.8765e-07 -0
3.8778e-07 -0
3.8791e-07 -0
3.8804e-07 -0
3.8817e-07 -0
3.883e-07 -0
3.8843e-07 -0
3.8856e-07 -0
3.8869e-07 -0
3.8882e-07 -0
3.8894e-07 -0
3.8907e-07 -0
3.892e-07 -0
3.8933e-07 -0
3.8946e-07 -0
3.8959e-07 -0
3.8972e-07 -0
3.8985e-07 -0
3.8998e-07 -0
3.9011e-07 -0
3.9024e-07 -0
3.9038e-07 -0
3.9051e-07 -0
3.9064e-07 -0
3.9077e-07 -0
3.909e-07 -0
3.9103e-07 -0
3.9116e-07 -0
3.9129e-07 -0
3.9142e-07 -0
3.9155e-07 -0
3.9168e-07 -0
3.9181e-07 -0
3.9194e-07 -0
3.9207e-07 -0
3.922e-07 -0
3.9233e-07 -0
3.9246e-07 -0
3.926e-07 -0
3.9273e-07 -0
3.9286e-07 -0
3.9299e-07 -0
3.9312e-07 -0
3.9325e-07 -0
3.9338e-07 -0
3.9351e-07 -0
3.9364e-07 -0
3.9378e-07 -0
3.9391e-07 -0
3.9404e-07 -0
3.9417e-07 -0
3.943e-07 -0
3.9443e-07 -0
3.9457e-07 -0
3.947e-07 -0
3.9483e-07 -0
3.9496e-07 -0
3.9509e-07 -0
3.9522e-07 -0
3.9536e-07 -0
3.9549e-07 -0
3.9562e-07 -0
3.9575e-07 -0
3.9588e-07 -0
3.9602e-07 -0
3.9615e-07 -0
3.9628e-07 -0
3.9641e-07 -0
3.9655e-07 -0
3.9668e-07 -0
3.9681e-07 -0
3.9694e-07 -0
3.9707e-07 -0
3.9721e-07 -0
3.9734e-07 -0
3.9747e-07 -0
3.976e-07 -0
3.9774e-07 -0
3.9787e-07 -0
3.98e-07 -0
3.9814e-07 -0
3.9827e-07 -0
3.984e-07 -0
3.9853e-07 -0
3.9867e-07 -0
3.988e-07 -0
3.9893e-07 -0
3.9907e-07 -0
3.992e-07 -0
3.9933e-07 -0
3.9947e-07 -0
3.996e-07 -0
3.9973e-07 -0
3.9987e-07 -0
4e-07 -0
