2.8e-07 0
2.8094e-07 0
2.8189e-07 0
2.8284e-07 0
2.8379e-07 0
2.8475e-07 0
2.8571e-07 0
2.8667e-07 0
2.8764e-07 0
2.8861e-07 0
2.8958e-07 0
2.9056e-07 0
2.9154e-07 0
2.9252e-07 0
2.9351e-07 0
2.945e-07 0
2.9549e-07 0
2.9648e-07 0
2.9748e-07 0
2.9849e-07 0
2.9949e-07 0
3.005e-07 0
3.0151e-07 0
3.0253e-07 0
3.0355e-07 0
3.0457e-07 0
3.056e-07 0
3.0663e-07 0
3.0766e-07 0
3.087e-07 0
3.0974e-07 0
3.1078e-07 0
3.1183e-07 0
3.1288e-07 0
3.1394e-07 0
3.15e-07 0
3.1606e-07 0
3.1712e-07 0
3.1819e-07 0
3.1926e-07 0
3.2034e-07 0
3.2142e-07 0
3.225e-07 0
3.2359e-07 0
3.2468e-07 0
3.2578e-07 0
3.2687e-07 0
3.2798e-07 0
3.2908e-07 0
3.3019e-07 0
3.313e-07 0
3.3242e-07 0
3.3354e-07 0
3.3466e-07 0
3.3579e-07 0
3.3692e-07 0
3.3806e-07 0
3.392e-07 0
3.4034e-07 0
3.4149e-07 0
3.4264e-07 0
3.438e-07 0
3.4495e-07 0
3.4612e-07 0
3.4728e-07 0
3.4845e-07 0
3.4963e-07 0
3.5081e-07 0
3.5199e-07 0
3.5318e-07 0
3.5437e-07 0
3.5556e-07 0
3.5676e-07 0
3.5796e-07 0
3.5917e-07 0
3.6038e-07 0
3.6159e-07 0
3.6281e-07 0
3.6403e-07 0
3.6526e-07 0
3.6649e-07 0
3.6773e-07 0
3.6897e-07 0
3.7021e-07 0
3.7146e-07 0
3.7271e-07 0
3.7397e-07 0
3.7523e-07 0
3.7649e-07 0
3.7776e-07 0
3.7903e-07 0
3.8031e-07 0
3.8159e-07 0
3.8288e-07 3.135e-36
3.8417e-07 7.3078e-35
3.8547e-07 2.2302e-34
3.8676e-07 3.9209e-34
3.8807e-07 8.5382e-33
3.8938e-07 2.8272e-32
3.9069e-07 4.9897e-32
3.9201e-07 5.3912e-32
3.9333e-07 4.6615e-32
3.9465e-07 7.8593e-32
3.9598e-07 2.1566e-31
3.9732e-07 3.7446e-31
3.9866e-07 3.9396e-31
4e-07 3.0674e-31
