2.8e-07 5.6945e-24
2.8019e-07 5.6727e-24
2.8037e-07 5.709e-24
2.8056e-07 5.7785e-24
2.8075e-07 5.8589e-24
2.8094e-07 5.9566e-24
2.8112e-07 6.0855e-24
2.8131e-07 6.1785e-24
2.815e-07 6.1858e-24
2.8169e-07 6.1126e-24
2.8188e-07 5.9881e-24
2.8206e-07 5.8525e-24
2.8225e-07 5.7479e-24
2.8244e-07 5.7196e-24
2.8263e-07 5.7632e-24
2.8282e-07 5.8582e-24
2.8301e-07 6.0024e-24
2.832e-07 6.2008e-24
2.8339e-07 6.4607e-24
2.8358e-07 6.7309e-24
2.8377e-07 6.9277e-24
2.8396e-07 7.0405e-24
2.8414e-07 7.101e-24
2.8433e-07 7.1498e-24
2.8452e-07 7.2275e-24
2.8471e-07 7.3411e-24
2.8491e-07 7.4645e-24
2.851e-07 7.5711e-24
2.8529e-07 7.6624e-24
2.8548e-07 7.7584e-24
2.8567e-07 7.864e-24
2.8586e-07 7.9643e-24
2.8605e-07 8.0269e-24
2.8624e-07 8.0394e-24
2.8643e-07 8.0117e-24
2.8662e-07 7.9495e-24
2.8681e-07 7.8757e-24
2.8701e-07 7.8158e-24
2.872e-07 7.7998e-24
2.8739e-07 7.8424e-24
2.8758e-07 7.8871e-24
2.8777e-07 7.8919e-24
2.8797e-07 7.8877e-24
2.8816e-07 7.9239e-24
2.8835e-07 8.0121e-24
2.8854e-07 8.1361e-24
2.8874e-07 8.2723e-24
2.8893e-07 8.399e-24
2.8912e-07 8.514e-24
2.8932e-07 8.6492e-24
2.8951e-07 8.827e-24
2.897e-07 9.0267e-24
2.899e-07 9.1979e-24
2.9009e-07 9.2973e-24
2.9028e-07 9.3272e-24
2.9048e-07 9.3436e-24
2.9067e-07 9.4308e-24
2.9087e-07 9.6378e-24
2.9106e-07 9.9268e-24
2.9125e-07 1.0208e-23
2.9145e-07 1.0409e-23
2.9164e-07 1.0523e-23
2.9184e-07 1.0609e-23
2.9203e-07 1.0727e-23
2.9223e-07 1.0884e-23
2.9242e-07 1.1e-23
2.9262e-07 1.097e-23
2.9281e-07 1.0778e-23
2.9301e-07 1.0536e-23
2.9321e-07 1.0343e-23
2.934e-07 1.0214e-23
2.936e-07 1.0143e-23
2.9379e-07 1.0136e-23
2.9399e-07 1.0217e-23
2.9419e-07 1.0425e-23
2.9438e-07 1.0761e-23
2.9458e-07 1.1114e-23
2.9478e-07 1.1338e-23
2.9497e-07 1.1342e-23
2.9517e-07 1.1136e-23
2.9537e-07 1.0859e-23
2.9557e-07 1.0676e-23
2.9576e-07 1.0686e-23
2.9596e-07 1.0935e-23
2.9616e-07 1.1369e-23
2.9636e-07 1.1866e-23
2.9655e-07 1.2373e-23
2.9675e-07 1.2914e-23
2.9695e-07 1.3508e-23
2.9715e-07 1.4103e-23
2.9735e-07 1.4543e-23
2.9755e-07 1.4662e-23
2.9775e-07 1.442e-23
2.9794e-07 1.3979e-23
2.9814e-07 1.3574e-23
2.9834e-07 1.3323e-23
2.9854e-07 1.3224e-23
2.9874e-07 1.3237e-23
2.9894e-07 1.3358e-23
2.9914e-07 1.3555e-23
2.9934e-07 1.3744e-23
2.9954e-07 1.3878e-23
2.9974e-07 1.3899e-23
2.9994e-07 1.3758e-23
3.0014e-07 1.3521e-23
3.0034e-07 1.3357e-23
3.0054e-07 1.3343e-23
3.0074e-07 1.3399e-23
3.0094e-07 1.3429e-23
3.0115e-07 1.349e-23
3.0135e-07 1.3704e-23
3.0155e-07 1.4087e-23
3.0175e-07 1.4558e-23
3.0195e-07 1.5029e-23
3.0215e-07 1.5409e-23
3.0235e-07 1.5645e-23
3.0256e-07 1.5823e-23
3.0276e-07 1.6085e-23
3.0296e-07 1.6446e-23
3.0316e-07 1.6752e-23
3.0337e-07 1.6886e-23
3.0357e-07 1.6869e-23
3.0377e-07 1.6786e-23
3.0397e-07 1.6723e-23
3.0418e-07 1.6743e-23
3.0438e-07 1.6864e-23
3.0458e-07 1.7044e-23
3.0479e-07 1.724e-23
3.0499e-07 1.7363e-23
3.052e-07 1.732e-23
3.054e-07 1.7138e-23
3.056e-07 1.6908e-23
3.0581e-07 1.6734e-23
3.0601e-07 1.6699e-23
3.0622e-07 1.6848e-23
3.0642e-07 1.7164e-23
3.0663e-07 1.7563e-23
3.0683e-07 1.7983e-23
3.0704e-07 1.8345e-23
3.0724e-07 1.8518e-23
3.0745e-07 1.8463e-23
3.0765e-07 1.8233e-23
3.0786e-07 1.7948e-23
3.0806e-07 1.7739e-23
3.0827e-07 1.772e-23
3.0847e-07 1.8017e-23
3.0868e-07 1.8673e-23
3.0889e-07 1.9514e-23
3.0909e-07 2.0203e-23
3.093e-07 2.0559e-23
3.0951e-07 2.0601e-23
3.0971e-07 2.0395e-23
3.0992e-07 2.008e-23
3.1013e-07 1.9869e-23
3.1033e-07 1.9895e-23
3.1054e-07 2.0145e-23
3.1075e-07 2.0487e-23
3.1096e-07 2.0778e-23
3.1116e-07 2.1029e-23
3.1137e-07 2.1279e-23
3.1158e-07 2.142e-23
3.1179e-07 2.145e-23
3.12e-07 2.1625e-23
3.1221e-07 2.2064e-23
3.1241e-07 2.2534e-23
3.1262e-07 2.2739e-23
3.1283e-07 2.2645e-23
3.1304e-07 2.2381e-23
3.1325e-07 2.2046e-23
3.1346e-07 2.172e-23
3.1367e-07 2.1523e-23
3.1388e-07 2.1531e-23
3.1409e-07 2.1729e-23
3.143e-07 2.2144e-23
3.1451e-07 2.2793e-23
3.1472e-07 2.3523e-23
3.1493e-07 2.4072e-23
3.1514e-07 2.4215e-23
3.1535e-07 2.3976e-23
3.1556e-07 2.3617e-23
3.1577e-07 2.3293e-23
3.1598e-07 2.303e-23
3.1619e-07 2.2869e-23
3.164e-07 2.2972e-23
3.1662e-07 2.3367e-23
3.1683e-07 2.3925e-23
3.1704e-07 2.4615e-23
3.1725e-07 2.5406e-23
3.1746e-07 2.6195e-23
3.1767e-07 2.6741e-23
3.1789e-07 2.6907e-23
3.181e-07 2.6822e-23
3.1831e-07 2.6576e-23
3.1852e-07 2.6208e-23
3.1874e-07 2.5851e-23
3.1895e-07 2.563e-23
3.1916e-07 2.5595e-23
3.1938e-07 2.5774e-23
3.1959e-07 2.6255e-23
3.198e-07 2.6983e-23
3.2002e-07 2.7712e-23
3.2023e-07 2.8187e-23
3.2045e-07 2.8223e-23
3.2066e-07 2.7857e-23
3.2087e-07 2.7402e-23
3.2109e-07 2.7104e-23
3.213e-07 2.6965e-23
3.2152e-07 2.6999e-23
3.2173e-07 2.727e-23
3.2195e-07 2.7734e-23
3.2216e-07 2.8273e-23
3.2238e-07 2.8785e-23
3.2259e-07 2.9207e-23
3.2281e-07 2.9476e-23
3.2302e-07 2.956e-23
3.2324e-07 2.9509e-23
3.2346e-07 2.9388e-23
3.2367e-07 2.9228e-23
3.2389e-07 2.9018e-23
3.241e-07 2.8824e-23
3.2432e-07 2.8815e-23
3.2454e-07 2.9119e-23
3.2475e-07 2.9803e-23
3.2497e-07 3.0798e-23
3.2519e-07 3.1755e-23
3.2541e-07 3.2253e-23
3.2562e-07 3.2212e-23
3.2584e-07 3.1993e-23
3.2606e-07 3.1979e-23
3.2628e-07 3.2214e-23
3.2649e-07 3.2396e-23
3.2671e-07 3.2217e-23
3.2693e-07 3.1855e-23
3.2715e-07 3.1706e-23
3.2737e-07 3.2002e-23
3.2759e-07 3.2582e-23
3.2781e-07 3.3031e-23
3.2802e-07 3.3072e-23
3.2824e-07 3.2771e-23
3.2846e-07 3.2417e-23
3.2868e-07 3.2271e-23
3.289e-07 3.2519e-23
3.2912e-07 3.3089e-23
3.2934e-07 3.3786e-23
3.2956e-07 3.4423e-23
3.2978e-07 3.4777e-23
3.3e-07 3.4679e-23
3.3022e-07 3.4214e-23
3.3044e-07 3.3748e-23
3.3066e-07 3.3595e-23
3.3089e-07 3.3763e-23
3.3111e-07 3.406e-23
3.3133e-07 3.431e-23
3.3155e-07 3.4419e-23
3.3177e-07 3.4434e-23
3.3199e-07 3.461e-23
3.3221e-07 3.5308e-23
3.3244e-07 3.6686e-23
3.3266e-07 3.8433e-23
3.3288e-07 3.9892e-23
3.331e-07 4.0407e-23
3.3333e-07 3.9806e-23
3.3355e-07 3.8572e-23
3.3377e-07 3.7211e-23
3.3399e-07 3.5899e-23
3.3422e-07 3.499e-23
3.3444e-07 3.5025e-23
3.3466e-07 3.6186e-23
3.3489e-07 3.7915e-23
3.3511e-07 3.8839e-23
3.3534e-07 3.8387e-23
3.3556e-07 3.7541e-23
3.3578e-07 3.7256e-23
3.3601e-07 3.7679e-23
3.3623e-07 3.8433e-23
3.3646e-07 3.9057e-23
3.3668e-07 3.9358e-23
3.3691e-07 3.9242e-23
3.3713e-07 3.8645e-23
3.3736e-07 3.7777e-23
3.3758e-07 3.7034e-23
3.3781e-07 3.6886e-23
3.3803e-07 3.7829e-23
3.3826e-07 3.9905e-23
3.3849e-07 4.2207e-23
3.3871e-07 4.3684e-23
3.3894e-07 4.4208e-23
3.3916e-07 4.3989e-23
3.3939e-07 4.3225e-23
3.3962e-07 4.2363e-23
3.3984e-07 4.197e-23
3.4007e-07 4.2127e-23
3.403e-07 4.2527e-23
3.4053e-07 4.3069e-23
3.4075e-07 4.3898e-23
3.4098e-07 4.4963e-23
3.4121e-07 4.5736e-23
3.4144e-07 4.5757e-23
3.4167e-07 4.5056e-23
3.4189e-07 4.3793e-23
3.4212e-07 4.2179e-23
3.4235e-07 4.0666e-23
3.4258e-07 3.9553e-23
3.4281e-07 3.8923e-23
3.4304e-07 3.8976e-23
3.4327e-07 3.9886e-23
3.435e-07 4.127e-23
3.4373e-07 4.2418e-23
3.4396e-07 4.2989e-23
3.4419e-07 4.3062e-23
3.4442e-07 4.3103e-23
3.4465e-07 4.3422e-23
3.4488e-07 4.3796e-23
3.4511e-07 4.3979e-23
3.4534e-07 4.3939e-23
3.4557e-07 4.3934e-23
3.458e-07 4.4523e-23
3.4603e-07 4.566e-23
3.4626e-07 4.6728e-23
3.4649e-07 4.7435e-23
3.4672e-07 4.7743e-23
3.4696e-07 4.7513e-23
3.4719e-07 4.6926e-23
3.4742e-07 4.6433e-23
3.4765e-07 4.6596e-23
3.4788e-07 4.8175e-23
3.4812e-07 5.1219e-23
3.4835e-07 5.3855e-23
3.4858e-07 5.4057e-23
3.4881e-07 5.1978e-23
3.4905e-07 4.8861e-23
3.4928e-07 4.5777e-23
3.4951e-07 4.3699e-23
3.4975e-07 4.2901e-23
3.4998e-07 4.3086e-23
3.5021e-07 4.3972e-23
3.5045e-07 4.5308e-23
3.5068e-07 4.6689e-23
3.5092e-07 4.7865e-23
3.5115e-07 4.8622e-23
3.5139e-07 4.8426e-23
3.5162e-07 4.7286e-23
3.5186e-07 4.644e-23
3.5209e-07 4.6689e-23
3.5233e-07 4.6969e-23
3.5256e-07 4.6056e-23
3.528e-07 4.4288e-23
3.5303e-07 4.3075e-23
3.5327e-07 4.3347e-23
3.535e-07 4.5035e-23
3.5374e-07 4.7723e-23
3.5398e-07 5.0947e-23
3.5421e-07 5.3987e-23
3.5445e-07 5.5785e-23
3.5469e-07 5.5787e-23
3.5492e-07 5.4337e-23
3.5516e-07 5.2114e-23
3.554e-07 4.9858e-23
3.5564e-07 4.8107e-23
3.5587e-07 4.7279e-23
3.5611e-07 4.7665e-23
3.5635e-07 4.9097e-23
3.5659e-07 5.1357e-23
3.5683e-07 5.4099e-23
3.5706e-07 5.6399e-23
3.573e-07 5.7251e-23
3.5754e-07 5.6539e-23
3.5778e-07 5.5026e-23
3.5802e-07 5.3488e-23
3.5826e-07 5.2073e-23
3.585e-07 5.0665e-23
3.5874e-07 4.9266e-23
3.5898e-07 4.814e-23
3.5922e-07 4.7704e-23
3.5946e-07 4.7789e-23
3.597e-07 4.7876e-23
3.5994e-07 4.8072e-23
3.6018e-07 4.8989e-23
3.6042e-07 5.0735e-23
3.6066e-07 5.2713e-23
3.609e-07 5.414e-23
3.6114e-07 5.4461e-23
3.6138e-07 5.3738e-23
3.6162e-07 5.2631e-23
3.6187e-07 5.1954e-23
3.6211e-07 5.2024e-23
3.6235e-07 5.2484e-23
3.6259e-07 5.2834e-23
3.6283e-07 5.2928e-23
3.6308e-07 5.2766e-23
3.6332e-07 5.2242e-23
3.6356e-07 5.1403e-23
3.6381e-07 5.0857e-23
3.6405e-07 5.1489e-23
3.6429e-07 5.3199e-23
3.6453e-07 5.5325e-23
3.6478e-07 5.7529e-23
3.6502e-07 5.9656e-23
3.6527e-07 6.126e-23
3.6551e-07 6.1458e-23
3.6575e-07 6.0073e-23
3.66e-07 5.7575e-23
3.6624e-07 5.4791e-23
3.6649e-07 5.2853e-23
3.6673e-07 5.2536e-23
3.6698e-07 5.3738e-23
3.6722e-07 5.5558e-23
3.6747e-07 5.6779e-23
3.6771e-07 5.6955e-23
3.6796e-07 5.6583e-23
3.6821e-07 5.5942e-23
3.6845e-07 5.5182e-23
3.687e-07 5.4574e-23
3.6894e-07 5.4554e-23
3.6919e-07 5.5073e-23
3.6944e-07 5.537e-23
3.6968e-07 5.53e-23
3.6993e-07 5.5356e-23
3.7018e-07 5.5319e-23
3.7043e-07 5.4492e-23
3.7067e-07 5.3203e-23
3.7092e-07 5.2711e-23
3.7117e-07 5.3778e-23
3.7142e-07 5.5987e-23
3.7166e-07 5.8761e-23
3.7191e-07 6.1091e-23
3.7216e-07 6.2183e-23
3.7241e-07 6.2178e-23
3.7266e-07 6.116e-23
3.7291e-07 5.9273e-23
3.7316e-07 5.7395e-23
3.7341e-07 5.6183e-23
3.7366e-07 5.5904e-23
3.7391e-07 5.619e-23
3.7416e-07 5.5823e-23
3.7441e-07 5.461e-23
3.7466e-07 5.3884e-23
3.7491e-07 5.5031e-23
3.7516e-07 5.8547e-23
3.7541e-07 6.2841e-23
3.7566e-07 6.4548e-23
3.7591e-07 6.5109e-23
3.7616e-07 6.6775e-23
3.7641e-07 6.7445e-23
3.7666e-07 6.5587e-23
3.7691e-07 6.2413e-23
3.7717e-07 5.9077e-23
3.7742e-07 5.628e-23
3.7767e-07 5.4812e-23
3.7792e-07 5.4405e-23
3.7818e-07 5.4175e-23
3.7843e-07 5.4245e-23
3.7868e-07 5.4921e-23
3.7893e-07 5.6218e-23
3.7919e-07 5.8409e-23
3.7944e-07 6.1508e-23
3.7969e-07 6.4211e-23
3.7995e-07 6.502e-23
3.802e-07 6.4389e-23
3.8046e-07 6.3669e-23
3.8071e-07 6.2988e-23
3.8096e-07 6.1933e-23
3.8122e-07 6.091e-23
3.8147e-07 6.0373e-23
3.8173e-07 6.0233e-23
3.8198e-07 5.9903e-23
3.8224e-07 5.8883e-23
3.8249e-07 5.7369e-23
3.8275e-07 5.6713e-23
3.8301e-07 5.705e-23
3.8326e-07 5.7887e-23
3.8352e-07 5.8907e-23
3.8377e-07 6.0172e-23
3.8403e-07 6.1213e-23
3.8429e-07 6.1985e-23
3.8454e-07 6.312e-23
3.848e-07 6.3734e-23
3.8506e-07 6.2932e-23
3.8531e-07 6.1962e-23
3.8557e-07 6.1977e-23
3.8583e-07 6.1612e-23
3.8609e-07 5.9733e-23
3.8635e-07 5.7901e-23
3.866e-07 5.7655e-23
3.8686e-07 5.8975e-23
3.8712e-07 6.0622e-23
3.8738e-07 6.1796e-23
3.8764e-07 6.2441e-23
3.879e-07 6.2504e-23
3.8816e-07 6.178e-23
3.8842e-07 6.0964e-23
3.8868e-07 6.1203e-23
3.8893e-07 6.27e-23
3.8919e-07 6.405e-23
3.8945e-07 6.3826e-23
3.8971e-07 6.2918e-23
3.8998e-07 6.2864e-23
3.9024e-07 6.3237e-23
3.905e-07 6.2939e-23
3.9076e-07 6.2192e-23
3.9102e-07 6.2062e-23
3.9128e-07 6.2971e-23
3.9154e-07 6.5064e-23
3.918e-07 6.686e-23
3.9206e-07 6.6086e-23
3.9233e-07 6.4357e-23
3.9259e-07 6.3155e-23
3.9285e-07 6.143e-23
3.9311e-07 5.8894e-23
3.9338e-07 5.7473e-23
3.9364e-07 5.7653e-23
3.939e-07 5.7871e-23
3.9417e-07 5.7399e-23
3.9443e-07 5.6991e-23
3.9469e-07 5.764e-23
3.9496e-07 5.9713e-23
3.9522e-07 6.257e-23
3.9548e-07 6.498e-23
3.9575e-07 6.5805e-23
3.9601e-07 6.4775e-23
3.9628e-07 6.2267e-23
3.9654e-07 5.9871e-23
3.9681e-07 5.8543e-23
3.9707e-07 5.8405e-23
3.9734e-07 5.9094e-23
3.976e-07 6.1282e-23
3.9787e-07 6.4942e-23
3.9813e-07 6.8279e-23
3.984e-07 6.9478e-23
3.9867e-07 6.7289e-23
3.9893e-07 6.3087e-23
3.992e-07 6.0625e-23
3.9947e-07 6.1737e-23
3.9973e-07 6.514e-23
4e-07 6.848e-23
