2.8e-07 5.7462e-24
2.8009e-07 5.7016e-24
2.8019e-07 5.6641e-24
2.8028e-07 5.6429e-24
2.8037e-07 5.6471e-24
2.8047e-07 5.6834e-24
2.8056e-07 5.7406e-24
2.8065e-07 5.799e-24
2.8075e-07 5.8483e-24
2.8084e-07 5.8861e-24
2.8094e-07 5.9205e-24
2.8103e-07 5.9556e-24
2.8112e-07 5.9988e-24
2.8122e-07 6.0609e-24
2.8131e-07 6.1275e-24
2.814e-07 6.1819e-24
2.815e-07 6.2222e-24
2.8159e-07 6.2379e-24
2.8169e-07 6.209e-24
2.8178e-07 6.1373e-24
2.8187e-07 6.0452e-24
2.8197e-07 5.9493e-24
2.8206e-07 5.8616e-24
2.8216e-07 5.7923e-24
2.8225e-07 5.7425e-24
2.8235e-07 5.7076e-24
2.8244e-07 5.6901e-24
2.8253e-07 5.691e-24
2.8263e-07 5.7097e-24
2.8272e-07 5.7461e-24
2.8282e-07 5.797e-24
2.8291e-07 5.8653e-24
2.8301e-07 5.9609e-24
2.831e-07 6.0788e-24
2.8319e-07 6.1998e-24
2.8329e-07 6.3054e-24
2.8338e-07 6.3892e-24
2.8348e-07 6.4617e-24
2.8357e-07 6.547e-24
2.8367e-07 6.6578e-24
2.8376e-07 6.786e-24
2.8386e-07 6.9097e-24
2.8395e-07 7.0062e-24
2.8405e-07 7.065e-24
2.8414e-07 7.094e-24
2.8424e-07 7.11e-24
2.8433e-07 7.1262e-24
2.8443e-07 7.1495e-24
2.8452e-07 7.182e-24
2.8462e-07 7.2294e-24
2.8471e-07 7.2911e-24
2.8481e-07 7.3581e-24
2.849e-07 7.4201e-24
2.85e-07 7.4749e-24
2.8509e-07 7.5249e-24
2.8519e-07 7.5703e-24
2.8528e-07 7.613e-24
2.8538e-07 7.6617e-24
2.8547e-07 7.7202e-24
2.8557e-07 7.7842e-24
2.8566e-07 7.849e-24
2.8576e-07 7.911e-24
2.8585e-07 7.9658e-24
2.8595e-07 8.0077e-24
2.8604e-07 8.0348e-24
2.8614e-07 8.049e-24
2.8623e-07 8.0538e-24
2.8633e-07 8.0511e-24
2.8643e-07 8.0438e-24
2.8652e-07 8.0276e-24
2.8662e-07 7.9908e-24
2.8671e-07 7.9401e-24
2.8681e-07 7.893e-24
2.869e-07 7.8507e-24
2.87e-07 7.8138e-24
2.871e-07 7.7844e-24
2.8719e-07 7.7676e-24
2.8729e-07 7.77e-24
2.8738e-07 7.796e-24
2.8748e-07 7.8379e-24
2.8757e-07 7.8838e-24
2.8767e-07 7.9173e-24
2.8777e-07 7.9209e-24
2.8786e-07 7.8983e-24
2.8796e-07 7.8721e-24
2.8805e-07 7.8612e-24
2.8815e-07 7.8742e-24
2.8825e-07 7.914e-24
2.8834e-07 7.9724e-24
2.8844e-07 8.0351e-24
2.8854e-07 8.0977e-24
2.8863e-07 8.164e-24
2.8873e-07 8.2346e-24
2.8882e-07 8.307e-24
2.8892e-07 8.3745e-24
2.8902e-07 8.4324e-24
2.8911e-07 8.4798e-24
2.8921e-07 8.5248e-24
2.8931e-07 8.5802e-24
2.894e-07 8.6522e-24
2.895e-07 8.7418e-24
2.896e-07 8.8519e-24
2.8969e-07 8.9746e-24
2.8979e-07 9.094e-24
2.8989e-07 9.1967e-24
2.8998e-07 9.2738e-24
2.9008e-07 9.3224e-24
2.9018e-07 9.3429e-24
2.9027e-07 9.3418e-24
2.9037e-07 9.3298e-24
2.9047e-07 9.3164e-24
2.9056e-07 9.3161e-24
2.9066e-07 9.3446e-24
2.9076e-07 9.4085e-24
2.9086e-07 9.5141e-24
2.9095e-07 9.6588e-24
2.9105e-07 9.8254e-24
2.9115e-07 9.9967e-24
2.9124e-07 1.0156e-23
2.9134e-07 1.0289e-23
2.9144e-07 1.0392e-23
2.9154e-07 1.0471e-23
2.9163e-07 1.0522e-23
2.9173e-07 1.0549e-23
2.9183e-07 1.0571e-23
2.9192e-07 1.0606e-23
2.9202e-07 1.0663e-23
2.9212e-07 1.0744e-23
2.9222e-07 1.0849e-23
2.9231e-07 1.0963e-23
2.9241e-07 1.1056e-23
2.9251e-07 1.11e-23
2.9261e-07 1.1081e-23
2.9271e-07 1.0996e-23
2.928e-07 1.0862e-23
2.929e-07 1.0715e-23
2.93e-07 1.0579e-23
2.931e-07 1.046e-23
2.9319e-07 1.0362e-23
2.9329e-07 1.0287e-23
2.9339e-07 1.0227e-23
2.9349e-07 1.0175e-23
2.9359e-07 1.0133e-23
2.9368e-07 1.0107e-23
2.9378e-07 1.0101e-23
2.9388e-07 1.0114e-23
2.9398e-07 1.0149e-23
2.9408e-07 1.021e-23
2.9417e-07 1.0308e-23
2.9427e-07 1.046e-23
2.9437e-07 1.0667e-23
2.9447e-07 1.0896e-23
2.9457e-07 1.1101e-23
2.9466e-07 1.1268e-23
2.9476e-07 1.1395e-23
2.9486e-07 1.147e-23
2.9496e-07 1.1478e-23
2.9506e-07 1.1405e-23
2.9516e-07 1.1262e-23
2.9526e-07 1.1083e-23
2.9535e-07 1.0897e-23
2.9545e-07 1.0736e-23
2.9555e-07 1.0622e-23
2.9565e-07 1.0564e-23
2.9575e-07 1.0566e-23
2.9585e-07 1.0627e-23
2.9595e-07 1.0759e-23
2.9604e-07 1.0966e-23
2.9614e-07 1.1227e-23
2.9624e-07 1.1505e-23
2.9634e-07 1.1775e-23
2.9644e-07 1.2041e-23
2.9654e-07 1.2306e-23
2.9664e-07 1.2561e-23
2.9674e-07 1.2807e-23
2.9684e-07 1.3064e-23
2.9693e-07 1.3348e-23
2.9703e-07 1.3671e-23
2.9713e-07 1.4015e-23
2.9723e-07 1.4336e-23
2.9733e-07 1.4602e-23
2.9743e-07 1.4787e-23
2.9753e-07 1.4858e-23
2.9763e-07 1.48e-23
2.9773e-07 1.4621e-23
2.9783e-07 1.4348e-23
2.9793e-07 1.4043e-23
2.9803e-07 1.3771e-23
2.9813e-07 1.3556e-23
2.9823e-07 1.3391e-23
2.9833e-07 1.3279e-23
2.9842e-07 1.322e-23
2.9852e-07 1.3196e-23
2.9862e-07 1.3191e-23
2.9872e-07 1.3185e-23
2.9882e-07 1.3202e-23
2.9892e-07 1.3278e-23
2.9902e-07 1.3396e-23
2.9912e-07 1.3521e-23
2.9922e-07 1.3635e-23
2.9932e-07 1.3726e-23
2.9942e-07 1.3808e-23
2.9952e-07 1.3889e-23
2.9962e-07 1.396e-23
2.9972e-07 1.3994e-23
2.9982e-07 1.3965e-23
2.9992e-07 1.3863e-23
3.0002e-07 1.3703e-23
3.0012e-07 1.3526e-23
3.0022e-07 1.3376e-23
3.0032e-07 1.3281e-23
3.0042e-07 1.3256e-23
3.0052e-07 1.3294e-23
3.0062e-07 1.3363e-23
3.0072e-07 1.3427e-23
3.0082e-07 1.3459e-23
3.0092e-07 1.3446e-23
3.0102e-07 1.3408e-23
3.0113e-07 1.3393e-23
3.0123e-07 1.3439e-23
3.0133e-07 1.3564e-23
3.0143e-07 1.3753e-23
3.0153e-07 1.3985e-23
3.0163e-07 1.4238e-23
3.0173e-07 1.4494e-23
3.0183e-07 1.475e-23
3.0193e-07 1.5004e-23
3.0203e-07 1.5239e-23
3.0213e-07 1.5438e-23
3.0223e-07 1.5587e-23
3.0233e-07 1.567e-23
3.0243e-07 1.5711e-23
3.0254e-07 1.5752e-23
3.0264e-07 1.5818e-23
3.0274e-07 1.5943e-23
3.0284e-07 1.6142e-23
3.0294e-07 1.6392e-23
3.0304e-07 1.6635e-23
3.0314e-07 1.6813e-23
3.0324e-07 1.6917e-23
3.0334e-07 1.6956e-23
3.0344e-07 1.6947e-23
3.0355e-07 1.6912e-23
3.0365e-07 1.6859e-23
3.0375e-07 1.6795e-23
3.0385e-07 1.6739e-23
3.0395e-07 1.6698e-23
3.0405e-07 1.6674e-23
3.0415e-07 1.6676e-23
3.0426e-07 1.673e-23
3.0436e-07 1.6825e-23
3.0446e-07 1.692e-23
3.0456e-07 1.6998e-23
3.0466e-07 1.7084e-23
3.0476e-07 1.7212e-23
3.0487e-07 1.7354e-23
3.0497e-07 1.7449e-23
3.0507e-07 1.7465e-23
3.0517e-07 1.7416e-23
3.0527e-07 1.7324e-23
3.0537e-07 1.7202e-23
3.0548e-07 1.7064e-23
3.0558e-07 1.6923e-23
3.0568e-07 1.6793e-23
3.0578e-07 1.6694e-23
3.0588e-07 1.6638e-23
3.0599e-07 1.6622e-23
3.0609e-07 1.6646e-23
3.0619e-07 1.6729e-23
3.0629e-07 1.6882e-23
3.064e-07 1.7086e-23
3.065e-07 1.7294e-23
3.066e-07 1.7488e-23
3.067e-07 1.7688e-23
3.068e-07 1.7903e-23
3.0691e-07 1.8142e-23
3.0701e-07 1.8386e-23
3.0711e-07 1.8553e-23
3.0721e-07 1.8614e-23
3.0732e-07 1.8617e-23
3.0742e-07 1.8579e-23
3.0752e-07 1.8481e-23
3.0762e-07 1.8322e-23
3.0773e-07 1.8129e-23
3.0783e-07 1.7942e-23
3.0793e-07 1.7805e-23
3.0804e-07 1.7709e-23
3.0814e-07 1.7632e-23
3.0824e-07 1.7588e-23
3.0834e-07 1.7615e-23
3.0845e-07 1.7761e-23
3.0855e-07 1.8043e-23
3.0865e-07 1.8435e-23
3.0876e-07 1.8919e-23
3.0886e-07 1.9457e-23
3.0896e-07 1.9946e-23
3.0906e-07 2.0299e-23
3.0917e-07 2.0512e-23
3.0927e-07 2.0635e-23
3.0937e-07 2.0713e-23
3.0948e-07 2.0743e-23
3.0958e-07 2.0688e-23
3.0968e-07 2.0535e-23
3.0979e-07 2.0316e-23
3.0989e-07 2.0089e-23
3.0999e-07 1.9897e-23
3.101e-07 1.9773e-23
3.102e-07 1.9739e-23
3.103e-07 1.9777e-23
3.1041e-07 1.987e-23
3.1051e-07 2.0029e-23
3.1062e-07 2.0249e-23
3.1072e-07 2.0488e-23
3.1082e-07 2.0676e-23
3.1093e-07 2.0786e-23
3.1103e-07 2.086e-23
3.1113e-07 2.0952e-23
3.1124e-07 2.1097e-23
3.1134e-07 2.1289e-23
3.1145e-07 2.1462e-23
3.1155e-07 2.1542e-23
3.1165e-07 2.1502e-23
3.1176e-07 2.1398e-23
3.1186e-07 2.1337e-23
3.1197e-07 2.1398e-23
3.1207e-07 2.1602e-23
3.1217e-07 2.1916e-23
3.1228e-07 2.2292e-23
3.1238e-07 2.2633e-23
3.1249e-07 2.2833e-23
3.1259e-07 2.2887e-23
3.127e-07 2.285e-23
3.128e-07 2.2755e-23
3.129e-07 2.2616e-23
3.1301e-07 2.246e-23
3.1311e-07 2.2299e-23
3.1322e-07 2.2125e-23
3.1332e-07 2.193e-23
3.1343e-07 2.172e-23
3.1353e-07 2.1534e-23
3.1364e-07 2.1428e-23
3.1374e-07 2.1407e-23
3.1384e-07 2.1445e-23
3.1395e-07 2.151e-23
3.1405e-07 2.1594e-23
3.1416e-07 2.1717e-23
3.1426e-07 2.1904e-23
3.1437e-07 2.2188e-23
3.1447e-07 2.2572e-23
3.1458e-07 2.3008e-23
3.1468e-07 2.3453e-23
3.1479e-07 2.3865e-23
3.1489e-07 2.4202e-23
3.15e-07 2.4422e-23
3.151e-07 2.4468e-23
3.1521e-07 2.4323e-23
3.1531e-07 2.4072e-23
3.1542e-07 2.3824e-23
3.1552e-07 2.3633e-23
3.1563e-07 2.3488e-23
3.1574e-07 2.3353e-23
3.1584e-07 2.321e-23
3.1595e-07 2.3057e-23
3.1605e-07 2.2923e-23
3.1616e-07 2.2822e-23
3.1626e-07 2.2704e-23
3.1637e-07 2.2722e-23
3.1647e-07 2.2976e-23
3.1658e-07 2.3252e-23
3.1668e-07 2.3505e-23
3.1679e-07 2.3809e-23
3.169e-07 2.412e-23
3.17e-07 2.445e-23
3.1711e-07 2.4819e-23
3.1721e-07 2.5234e-23
3.1732e-07 2.5689e-23
3.1743e-07 2.6166e-23
3.1753e-07 2.66e-23
3.1764e-07 2.6904e-23
3.1774e-07 2.7034e-23
3.1785e-07 2.7025e-23
3.1796e-07 2.6952e-23
3.1806e-07 2.6892e-23
3.1817e-07 2.6846e-23
3.1827e-07 2.6746e-23
3.1838e-07 2.6561e-23
3.1849e-07 2.632e-23
3.1859e-07 2.6067e-23
3.187e-07 2.5851e-23
3.1881e-07 2.5694e-23
3.1891e-07 2.5592e-23
3.1902e-07 2.5551e-23
3.1912e-07 2.5547e-23
3.1923e-07 2.5557e-23
3.1934e-07 2.5611e-23
3.1944e-07 2.5743e-23
3.1955e-07 2.6001e-23
3.1966e-07 2.6392e-23
3.1976e-07 2.6845e-23
3.1987e-07 2.7291e-23
3.1998e-07 2.7695e-23
3.2008e-07 2.8038e-23
3.2019e-07 2.831e-23
3.203e-07 2.8483e-23
3.204e-07 2.8512e-23
3.2051e-07 2.8362e-23
3.2062e-07 2.8052e-23
3.2073e-07 2.7675e-23
3.2083e-07 2.7374e-23
3.2094e-07 2.7207e-23
3.2105e-07 2.7119e-23
3.2115e-07 2.7042e-23
3.2126e-07 2.6957e-23
3.2137e-07 2.6889e-23
3.2148e-07 2.6881e-23
3.2158e-07 2.6956e-23
3.2169e-07 2.7116e-23
3.218e-07 2.7353e-23
3.2191e-07 2.7639e-23
3.2201e-07 2.7934e-23
3.2212e-07 2.8213e-23
3.2223e-07 2.8467e-23
3.2233e-07 2.8715e-23
3.2244e-07 2.8971e-23
3.2255e-07 2.9212e-23
3.2266e-07 2.9412e-23
3.2277e-07 2.9553e-23
3.2287e-07 2.9618e-23
3.2298e-07 2.962e-23
3.2309e-07 2.9606e-23
3.232e-07 2.9592e-23
3.233e-07 2.9536e-23
3.2341e-07 2.9439e-23
3.2352e-07 2.9357e-23
3.2363e-07 2.9314e-23
3.2374e-07 2.9259e-23
3.2384e-07 2.9143e-23
3.2395e-07 2.8959e-23
3.2406e-07 2.8794e-23
3.2417e-07 2.8722e-23
3.2428e-07 2.8707e-23
3.2438e-07 2.8738e-23
3.2449e-07 2.8888e-23
3.246e-07 2.916e-23
3.2471e-07 2.9502e-23
3.2482e-07 2.9944e-23
3.2493e-07 3.0534e-23
3.2503e-07 3.12e-23
3.2514e-07 3.1797e-23
3.2525e-07 3.224e-23
3.2536e-07 3.2519e-23
3.2547e-07 3.2581e-23
3.2558e-07 3.2416e-23
3.2569e-07 3.2154e-23
3.2579e-07 3.1942e-23
3.259e-07 3.1841e-23
3.2601e-07 3.1826e-23
3.2612e-07 3.1901e-23
3.2623e-07 3.2109e-23
3.2634e-07 3.242e-23
3.2645e-07 3.2672e-23
3.2656e-07 3.2682e-23
3.2667e-07 3.2475e-23
3.2677e-07 3.2184e-23
3.2688e-07 3.1888e-23
3.2699e-07 3.1655e-23
3.271e-07 3.1524e-23
3.2721e-07 3.152e-23
3.2732e-07 3.1711e-23
3.2743e-07 3.2101e-23
3.2754e-07 3.2546e-23
3.2765e-07 3.2901e-23
3.2776e-07 3.317e-23
3.2787e-07 3.3352e-23
3.2798e-07 3.3349e-23
3.2809e-07 3.3153e-23
3.282e-07 3.2896e-23
3.283e-07 3.2664e-23
3.2841e-07 3.246e-23
3.2852e-07 3.2276e-23
3.2863e-07 3.2129e-23
3.2874e-07 3.2096e-23
3.2885e-07 3.2257e-23
3.2896e-07 3.258e-23
3.2907e-07 3.2954e-23
3.2918e-07 3.3315e-23
3.2929e-07 3.3664e-23
3.294e-07 3.4045e-23
3.2951e-07 3.4451e-23
3.2962e-07 3.4785e-23
3.2973e-07 3.4996e-23
3.2984e-07 3.5098e-23
3.2995e-07 3.504e-23
3.3006e-07 3.4792e-23
3.3017e-07 3.4427e-23
3.3028e-07 3.4032e-23
3.3039e-07 3.3686e-23
3.305e-07 3.3497e-23
3.3061e-07 3.3468e-23
3.3072e-07 3.3531e-23
3.3083e-07 3.366e-23
3.3094e-07 3.3838e-23
3.3105e-07 3.4036e-23
3.3117e-07 3.4217e-23
3.3128e-07 3.4354e-23
3.3139e-07 3.4452e-23
3.315e-07 3.4513e-23
3.3161e-07 3.4517e-23
3.3172e-07 3.4463e-23
3.3183e-07 3.4403e-23
3.3194e-07 3.4398e-23
3.3205e-07 3.4497e-23
3.3216e-07 3.4773e-23
3.3227e-07 3.5315e-23
3.3238e-07 3.6121e-23
3.3249e-07 3.7097e-23
3.326e-07 3.8136e-23
3.3272e-07 3.9147e-23
3.3283e-07 4.0059e-23
3.3294e-07 4.0756e-23
3.3305e-07 4.1077e-23
3.3316e-07 4.0972e-23
3.3327e-07 4.0492e-23
3.3338e-07 3.9733e-23
3.3349e-07 3.8895e-23
3.336e-07 3.8181e-23
3.3372e-07 3.7602e-23
3.3383e-07 3.6986e-23
3.3394e-07 3.6228e-23
3.3405e-07 3.542e-23
3.3416e-07 3.4776e-23
3.3427e-07 3.446e-23
3.3438e-07 3.447e-23
3.345e-07 3.4749e-23
3.3461e-07 3.532e-23
3.3472e-07 3.6312e-23
3.3483e-07 3.772e-23
3.3494e-07 3.9125e-23
3.3506e-07 3.9877e-23
3.3517e-07 3.9706e-23
3.3528e-07 3.8961e-23
3.3539e-07 3.8159e-23
3.355e-07 3.7554e-23
3.3561e-07 3.7172e-23
3.3573e-07 3.7017e-23
3.3584e-07 3.7118e-23
3.3595e-07 3.744e-23
3.3606e-07 3.7911e-23
3.3617e-07 3.8437e-23
3.3629e-07 3.8886e-23
3.364e-07 3.9191e-23
3.3651e-07 3.9367e-23
3.3662e-07 3.9487e-23
3.3674e-07 3.9623e-23
3.3685e-07 3.9671e-23
3.3696e-07 3.9478e-23
3.3707e-07 3.9069e-23
3.3719e-07 3.8564e-23
3.373e-07 3.8026e-23
3.3741e-07 3.7501e-23
3.3752e-07 3.7066e-23
3.3764e-07 3.6724e-23
3.3775e-07 3.6478e-23
3.3786e-07 3.6464e-23
3.3797e-07 3.6847e-23
3.3809e-07 3.7699e-23
3.382e-07 3.8995e-23
3.3831e-07 4.0617e-23
3.3843e-07 4.2237e-23
3.3854e-07 4.3425e-23
3.3865e-07 4.4055e-23
3.3876e-07 4.437e-23
3.3888e-07 4.4583e-23
3.3899e-07 4.4708e-23
3.391e-07 4.4643e-23
3.3922e-07 4.4322e-23
3.3933e-07 4.3827e-23
3.3944e-07 4.3218e-23
3.3956e-07 4.2558e-23
3.3967e-07 4.2051e-23
3.3978e-07 4.1839e-23
3.399e-07 4.1873e-23
3.4001e-07 4.2057e-23
3.4012e-07 4.2286e-23
3.4024e-07 4.2485e-23
3.4035e-07 4.2666e-23
3.4046e-07 4.288e-23
3.4058e-07 4.314e-23
3.4069e-07 4.3501e-23
3.4081e-07 4.4067e-23
3.4092e-07 4.4808e-23
3.4103e-07 4.5564e-23
3.4115e-07 4.6152e-23
3.4126e-07 4.6442e-23
3.4137e-07 4.6402e-23
3.4149e-07 4.6115e-23
3.416e-07 4.5728e-23
3.4172e-07 4.532e-23
3.4183e-07 4.4761e-23
3.4194e-07 4.3909e-23
3.4206e-07 4.2907e-23
3.4217e-07 4.1977e-23
3.4229e-07 4.1161e-23
3.424e-07 4.0481e-23
3.4252e-07 3.9972e-23
3.4263e-07 3.9552e-23
3.4274e-07 3.9149e-23
3.4286e-07 3.886e-23
3.4297e-07 3.8749e-23
3.4309e-07 3.8851e-23
3.432e-07 3.933e-23
3.4332e-07 4.0209e-23
3.4343e-07 4.12e-23
3.4355e-07 4.1984e-23
3.4366e-07 4.2537e-23
3.4377e-07 4.297e-23
3.4389e-07 4.3267e-23
3.44e-07 4.3354e-23
3.4412e-07 4.3234e-23
3.4423e-07 4.3015e-23
3.4435e-07 4.2866e-23
3.4446e-07 4.2957e-23
3.4458e-07 4.3302e-23
3.4469e-07 4.3694e-23
3.4481e-07 4.3946e-23
3.4492e-07 4.4065e-23
3.4504e-07 4.416e-23
3.4515e-07 4.4299e-23
3.4527e-07 4.4369e-23
3.4538e-07 4.4206e-23
3.455e-07 4.3909e-23
3.4561e-07 4.3809e-23
3.4573e-07 4.4123e-23
3.4585e-07 4.4813e-23
3.4596e-07 4.5689e-23
3.4608e-07 4.6512e-23
3.4619e-07 4.7108e-23
3.4631e-07 4.747e-23
3.4642e-07 4.7747e-23
3.4654e-07 4.8075e-23
3.4665e-07 4.8392e-23
3.4677e-07 4.8497e-23
3.4689e-07 4.828e-23
3.47e-07 4.781e-23
3.4712e-07 4.7287e-23
3.4723e-07 4.6865e-23
3.4735e-07 4.6532e-23
3.4746e-07 4.627e-23
3.4758e-07 4.6136e-23
3.477e-07 4.6239e-23
3.4781e-07 4.6743e-23
3.4793e-07 4.7907e-23
3.4804e-07 5.0004e-23
3.4816e-07 5.264e-23
3.4828e-07 5.4868e-23
3.4839e-07 5.6077e-23
3.4851e-07 5.6041e-23
3.4863e-07 5.5021e-23
3.4874e-07 5.3623e-23
3.4886e-07 5.2156e-23
3.4898e-07 5.056e-23
3.4909e-07 4.8705e-23
3.4921e-07 4.673e-23
3.4932e-07 4.5058e-23
3.4944e-07 4.3969e-23
3.4956e-07 4.3379e-23
3.4967e-07 4.3073e-23
3.4979e-07 4.2984e-23
3.4991e-07 4.3113e-23
3.5002e-07 4.342e-23
3.5014e-07 4.3845e-23
3.5026e-07 4.4411e-23
3.5038e-07 4.5217e-23
3.5049e-07 4.6134e-23
3.5061e-07 4.6864e-23
3.5073e-07 4.7413e-23
3.5084e-07 4.7953e-23
3.5096e-07 4.848e-23
3.5108e-07 4.8999e-23
3.5119e-07 4.9417e-23
3.5131e-07 4.946e-23
3.5143e-07 4.8977e-23
3.5155e-07 4.7983e-23
3.5166e-07 4.6766e-23
3.5178e-07 4.5869e-23
3.519e-07 4.5695e-23
3.5202e-07 4.6273e-23
3.5213e-07 4.7212e-23
3.5225e-07 4.7885e-23
3.5237e-07 4.7956e-23
3.5249e-07 4.7469e-23
3.526e-07 4.6507e-23
3.5272e-07 4.5183e-23
3.5284e-07 4.383e-23
3.5296e-07 4.2903e-23
3.5307e-07 4.2601e-23
3.5319e-07 4.2793e-23
3.5331e-07 4.3388e-23
3.5343e-07 4.4329e-23
3.5355e-07 4.5476e-23
3.5366e-07 4.6852e-23
3.5378e-07 4.8498e-23
3.539e-07 5.0201e-23
3.5402e-07 5.1932e-23
3.5414e-07 5.3825e-23
3.5425e-07 5.5597e-23
3.5437e-07 5.6767e-23
3.5449e-07 5.7187e-23
3.5461e-07 5.7032e-23
3.5473e-07 5.6522e-23
3.5485e-07 5.5719e-23
3.5496e-07 5.4601e-23
3.5508e-07 5.3275e-23
3.552e-07 5.1915e-23
3.5532e-07 5.0662e-23
3.5544e-07 4.9602e-23
3.5556e-07 4.8683e-23
3.5568e-07 4.7834e-23
3.5579e-07 4.7175e-23
3.5591e-07 4.694e-23
3.5603e-07 4.723e-23
3.5615e-07 4.7873e-23
3.5627e-07 4.8613e-23
3.5639e-07 4.9414e-23
3.5651e-07 5.0468e-23
3.5663e-07 5.1911e-23
3.5675e-07 5.356e-23
3.5686e-07 5.5182e-23
3.5698e-07 5.6711e-23
3.571e-07 5.7951e-23
3.5722e-07 5.8523e-23
3.5734e-07 5.8356e-23
3.5746e-07 5.7838e-23
3.5758e-07 5.7082e-23
3.577e-07 5.5999e-23
3.5782e-07 5.5002e-23
3.5794e-07 5.4328e-23
3.5806e-07 5.3688e-23
3.5818e-07 5.3e-23
3.583e-07 5.2339e-23
3.5842e-07 5.1633e-23
3.5854e-07 5.0882e-23
3.5865e-07 5.0166e-23
3.5877e-07 4.9453e-23
3.5889e-07 4.8631e-23
3.5901e-07 4.7882e-23
3.5913e-07 4.7601e-23
3.5925e-07 4.7776e-23
3.5937e-07 4.8043e-23
3.5949e-07 4.815e-23
3.5961e-07 4.8145e-23
3.5973e-07 4.8109e-23
3.5985e-07 4.7962e-23
3.5997e-07 4.7854e-23
3.6009e-07 4.8201e-23
3.6021e-07 4.909e-23
3.6033e-07 5.0184e-23
3.6045e-07 5.1251e-23
3.6057e-07 5.2403e-23
3.6069e-07 5.3626e-23
3.6082e-07 5.4598e-23
3.6094e-07 5.5163e-23
3.6106e-07 5.5381e-23
3.6118e-07 5.5272e-23
3.613e-07 5.4809e-23
3.6142e-07 5.4078e-23
3.6154e-07 5.3275e-23
3.6166e-07 5.2574e-23
3.6178e-07 5.2105e-23
3.619e-07 5.1929e-23
3.6202e-07 5.2044e-23
3.6214e-07 5.2394e-23
3.6226e-07 5.2819e-23
3.6238e-07 5.3166e-23
3.625e-07 5.3429e-23
3.6263e-07 5.3504e-23
3.6275e-07 5.3434e-23
3.6287e-07 5.3505e-23
3.6299e-07 5.3582e-23
3.6311e-07 5.3383e-23
3.6323e-07 5.3085e-23
3.6335e-07 5.2851e-23
3.6347e-07 5.2414e-23
3.6359e-07 5.1657e-23
3.6372e-07 5.0879e-23
3.6384e-07 5.0493e-23
3.6396e-07 5.0803e-23
3.6408e-07 5.172e-23
3.642e-07 5.2844e-23
3.6432e-07 5.3882e-23
3.6444e-07 5.4853e-23
3.6457e-07 5.5999e-23
3.6469e-07 5.7254e-23
3.6481e-07 5.8253e-23
3.6493e-07 5.916e-23
3.6505e-07 6.0387e-23
3.6518e-07 6.1778e-23
3.653e-07 6.2712e-23
3.6542e-07 6.2809e-23
3.6554e-07 6.2422e-23
3.6566e-07 6.1785e-23
3.6578e-07 6.0732e-23
3.6591e-07 5.9426e-23
3.6603e-07 5.7956e-23
3.6615e-07 5.6234e-23
3.6627e-07 5.4527e-23
3.664e-07 5.3238e-23
3.6652e-07 5.2513e-23
3.6664e-07 5.2285e-23
3.6676e-07 5.2519e-23
3.6689e-07 5.3254e-23
3.6701e-07 5.4338e-23
3.6713e-07 5.5573e-23
3.6725e-07 5.6903e-23
3.6737e-07 5.7944e-23
3.675e-07 5.8262e-23
3.6762e-07 5.8008e-23
3.6774e-07 5.7665e-23
3.6787e-07 5.7513e-23
3.6799e-07 5.737e-23
3.6811e-07 5.6977e-23
3.6823e-07 5.6389e-23
3.6836e-07 5.588e-23
3.6848e-07 5.5583e-23
3.686e-07 5.5161e-23
3.6873e-07 5.4567e-23
3.6885e-07 5.4367e-23
3.6897e-07 5.4689e-23
3.691e-07 5.5304e-23
3.6922e-07 5.5973e-23
3.6934e-07 5.6269e-23
3.6946e-07 5.6144e-23
3.6959e-07 5.5911e-23
3.6971e-07 5.5637e-23
3.6983e-07 5.5573e-23
3.6996e-07 5.6041e-23
3.7008e-07 5.6573e-23
3.7021e-07 5.6666e-23
3.7033e-07 5.6529e-23
3.7045e-07 5.6171e-23
3.7058e-07 5.5273e-23
3.707e-07 5.4051e-23
3.7082e-07 5.3192e-23
3.7095e-07 5.3286e-23
3.7107e-07 5.422e-23
3.7119e-07 5.5187e-23
3.7132e-07 5.5954e-23
3.7144e-07 5.7079e-23
3.7157e-07 5.8719e-23
3.7169e-07 6.0443e-23
3.7181e-07 6.1912e-23
3.7194e-07 6.3023e-23
3.7206e-07 6.3484e-23
3.7219e-07 6.3339e-23
3.7231e-07 6.3274e-23
3.7244e-07 6.3399e-23
3.7256e-07 6.3171e-23
3.7268e-07 6.231e-23
3.7281e-07 6.0964e-23
3.7293e-07 5.956e-23
3.7306e-07 5.844e-23
3.7318e-07 5.765e-23
3.7331e-07 5.7035e-23
3.7343e-07 5.6419e-23
3.7356e-07 5.5967e-23
3.7368e-07 5.6101e-23
3.738e-07 5.6843e-23
3.7393e-07 5.7514e-23
3.7405e-07 5.7473e-23
3.7418e-07 5.6877e-23
3.743e-07 5.589e-23
3.7443e-07 5.4637e-23
3.7455e-07 5.3786e-23
3.7468e-07 5.3638e-23
3.748e-07 5.3974e-23
3.7493e-07 5.4776e-23
3.7505e-07 5.6252e-23
3.7518e-07 5.8246e-23
3.753e-07 6.0217e-23
3.7543e-07 6.1699e-23
3.7555e-07 6.2379e-23
3.7568e-07 6.2535e-23
3.7581e-07 6.2647e-23
3.7593e-07 6.331e-23
3.7606e-07 6.5145e-23
3.7618e-07 6.7444e-23
3.7631e-07 6.8751e-23
3.7643e-07 6.8512e-23
3.7656e-07 6.7383e-23
3.7668e-07 6.6099e-23
3.7681e-07 6.4428e-23
3.7694e-07 6.2277e-23
3.7706e-07 6.0371e-23
3.7719e-07 5.8824e-23
3.7731e-07 5.7133e-23
3.7744e-07 5.5636e-23
3.7756e-07 5.4899e-23
3.7769e-07 5.4669e-23
3.7782e-07 5.4862e-23
3.7794e-07 5.528e-23
3.7807e-07 5.504e-23
3.782e-07 5.4314e-23
3.7832e-07 5.4152e-23
3.7845e-07 5.4593e-23
3.7857e-07 5.4965e-23
3.787e-07 5.5266e-23
3.7883e-07 5.58e-23
3.7895e-07 5.6494e-23
3.7908e-07 5.7319e-23
3.7921e-07 5.8462e-23
3.7933e-07 6.014e-23
3.7946e-07 6.2349e-23
3.7959e-07 6.4589e-23
3.7971e-07 6.609e-23
3.7984e-07 6.6584e-23
3.7997e-07 6.6169e-23
3.8009e-07 6.5199e-23
3.8022e-07 6.4422e-23
3.8035e-07 6.4088e-23
3.8047e-07 6.4002e-23
3.806e-07 6.4051e-23
3.8073e-07 6.385e-23
3.8085e-07 6.3076e-23
3.8098e-07 6.2132e-23
3.8111e-07 6.1493e-23
3.8124e-07 6.1073e-23
3.8136e-07 6.0692e-23
3.8149e-07 6.0488e-23
3.8162e-07 6.0713e-23
3.8175e-07 6.0942e-23
3.8187e-07 6.0642e-23
3.82e-07 6.0435e-23
3.8213e-07 6.0613e-23
3.8225e-07 6.0012e-23
3.8238e-07 5.8264e-23
3.8251e-07 5.6699e-23
3.8264e-07 5.6419e-23
3.8277e-07 5.6965e-23
3.8289e-07 5.7204e-23
3.8302e-07 5.7165e-23
3.8315e-07 5.7719e-23
3.8328e-07 5.8656e-23
3.834e-07 5.8998e-23
3.8353e-07 5.8966e-23
3.8366e-07 5.9582e-23
3.8379e-07 6.0925e-23
3.8392e-07 6.2129e-23
3.8404e-07 6.2276e-23
3.8417e-07 6.1645e-23
3.843e-07 6.1744e-23
3.8443e-07 6.2878e-23
3.8456e-07 6.3929e-23
3.8469e-07 6.4819e-23
3.8481e-07 6.5475e-23
3.8494e-07 6.4878e-23
3.8507e-07 6.3254e-23
3.852e-07 6.1959e-23
3.8533e-07 6.1558e-23
3.8546e-07 6.1669e-23
3.8559e-07 6.2614e-23
3.8571e-07 6.3866e-23
3.8584e-07 6.3461e-23
3.8597e-07 6.1607e-23
3.861e-07 5.9827e-23
3.8623e-07 5.8493e-23
3.8636e-07 5.7484e-23
3.8649e-07 5.6994e-23
3.8662e-07 5.7259e-23
3.8675e-07 5.8261e-23
3.8687e-07 5.9592e-23
3.87e-07 6.0667e-23
3.8713e-07 6.1367e-23
3.8726e-07 6.194e-23
3.8739e-07 6.2489e-23
3.8752e-07 6.2756e-23
3.8765e-07 6.2834e-23
3.8778e-07 6.3201e-23
3.8791e-07 6.3456e-23
3.8804e-07 6.2993e-23
3.8817e-07 6.2138e-23
3.883e-07 6.1294e-23
3.8843e-07 6.0674e-23
3.8856e-07 6.0522e-23
3.8869e-07 6.0838e-23
3.8882e-07 6.1644e-23
3.8894e-07 6.3026e-23
3.8907e-07 6.4607e-23
3.892e-07 6.5465e-23
3.8933e-07 6.5276e-23
3.8946e-07 6.4415e-23
3.8959e-07 6.3088e-23
3.8972e-07 6.2115e-23
3.8985e-07 6.2338e-23
3.8998e-07 6.3044e-23
3.9011e-07 6.3482e-23
3.9024e-07 6.3942e-23
3.9038e-07 6.409e-23
3.9051e-07 6.3409e-23
3.9064e-07 6.2497e-23
3.9077e-07 6.1889e-23
3.909e-07 6.1675e-23
3.9103e-07 6.2014e-23
3.9116e-07 6.2539e-23
3.9129e-07 6.2535e-23
3.9142e-07 6.287e-23
3.9155e-07 6.4888e-23
3.9168e-07 6.7833e-23
3.9181e-07 6.9627e-23
3.9194e-07 6.8685e-23
3.9207e-07 6.6046e-23
3.922e-07 6.4295e-23
3.9233e-07 6.3857e-23
3.9246e-07 6.3762e-23
3.926e-07 6.3737e-23
3.9273e-07 6.3598e-23
3.9286e-07 6.267e-23
3.9299e-07 6.0483e-23
3.9312e-07 5.8049e-23
3.9325e-07 5.6641e-23
3.9338e-07 5.6509e-23
3.9351e-07 5.7391e-23
3.9364e-07 5.8342e-23
3.9378e-07 5.8618e-23
3.9391e-07 5.8501e-23
3.9404e-07 5.8239e-23
3.9417e-07 5.7574e-23
3.943e-07 5.6935e-23
3.9443e-07 5.679e-23
3.9457e-07 5.6727e-23
3.947e-07 5.7003e-23
3.9483e-07 5.8223e-23
3.9496e-07 5.9709e-23
3.9509e-07 6.1005e-23
3.9522e-07 6.282e-23
3.9536e-07 6.5068e-23
3.9549e-07 6.6306e-23
3.9562e-07 6.6219e-23
3.9575e-07 6.6523e-23
3.9588e-07 6.7002e-23
3.9602e-07 6.5928e-23
3.9615e-07 6.3854e-23
3.9628e-07 6.2095e-23
3.9641e-07 6.0716e-23
3.9655e-07 5.9363e-23
3.9668e-07 5.826e-23
3.9681e-07 5.7897e-23
3.9694e-07 5.8192e-23
3.9707e-07 5.8518e-23
3.9721e-07 5.8532e-23
3.9734e-07 5.8276e-23
3.9747e-07 5.8563e-23
3.976e-07 6.0138e-23
3.9774e-07 6.2703e-23
3.9787e-07 6.5583e-23
3.98e-07 6.775e-23
3.9814e-07 6.8827e-23
3.9827e-07 7.0016e-23
3.984e-07 7.1461e-23
3.9853e-07 7.124e-23
3.9867e-07 6.8713e-23
3.988e-07 6.5151e-23
3.9893e-07 6.1755e-23
3.9907e-07 5.9585e-23
3.992e-07 5.8829e-23
3.9933e-07 5.9186e-23
3.9947e-07 6.0762e-23
3.996e-07 6.297e-23
3.9973e-07 6.5121e-23
3.9987e-07 6.748e-23
4e-07 6.9823e-23
