2.8e-07 1.4932e-31
2.8094e-07 7.2047e-32
2.8189e-07 1.9488e-32
2.8284e-07 4.1684e-32
2.8379e-07 4.1602e-33
2.8475e-07 7.8851e-32
2.8571e-07 6.9185e-32
2.8667e-07 4.0206e-33
2.8764e-07 1.1489e-32
2.8861e-07 1.7367e-33
2.8958e-07 3.8779e-34
2.9056e-07 5.3533e-34
2.9154e-07 1.1584e-33
2.9252e-07 2.1118e-32
2.9351e-07 9.9553e-33
2.945e-07 2.0947e-34
2.9549e-07 1.9276e-34
2.9648e-07 1.0635e-37
2.9748e-07 8.5002e-40
2.9849e-07 6.608e-42
2.9949e-07 0
3.005e-07 0
3.0151e-07 0
3.0253e-07 0
3.0355e-07 0
3.0457e-07 0
3.056e-07 0
3.0663e-07 0
3.0766e-07 0
3.087e-07 0
3.0974e-07 0
3.1078e-07 0
3.1183e-07 0
3.1288e-07 0
3.1394e-07 0
3.15e-07 0
3.1606e-07 0
3.1712e-07 0
3.1819e-07 0
3.1926e-07 0
3.2034e-07 0
3.2142e-07 0
3.225e-07 0
3.2359e-07 0
3.2468e-07 0
3.2578e-07 0
3.2687e-07 0
3.2798e-07 0
3.2908e-07 0
3.3019e-07 0
3.313e-07 0
3.3242e-07 0
3.3354e-07 0
3.3466e-07 0
3.3579e-07 0
3.3692e-07 0
3.3806e-07 0
3.392e-07 0
3.4034e-07 0
3.4149e-07 0
3.4264e-07 0
3.438e-07 0
3.4495e-07 0
3.4612e-07 0
3.4728e-07 0
3.4845e-07 0
3.4963e-07 0
3.5081e-07 0
3.5199e-07 0
3.5318e-07 0
3.5437e-07 0
3.5556e-07 0
3.5676e-07 0
3.5796e-07 0
3.5917e-07 0
3.6038e-07 0
3.6159e-07 0
3.6281e-07 0
3.6403e-07 0
3.6526e-07 0
3.6649e-07 0
3.6773e-07 0
3.6897e-07 0
3.7021e-07 0
3.7146e-07 0
3.7271e-07 0
3.7397e-07 0
3.7523e-07 0
3.7649e-07 0
3.7776e-07 0
3.7903e-07 0
3.8031e-07 0
3.8159e-07 0
3.8288e-07 0
3.8417e-07 0
3.8547e-07 0
3.8676e-07 0
3.8807e-07 0
3.8938e-07 0
3.9069e-07 0
3.9201e-07 0
3.9333e-07 0
3.9465e-07 0
3.9598e-07 0
3.9732e-07 0
3.9866e-07 0
4e-07 0
