2.8e-07 3.9322e-22
2.8019e-07 3.8331e-22
2.8037e-07 3.7503e-22
2.8056e-07 3.6911e-22
2.8075e-07 3.65e-22
2.8094e-07 3.6087e-22
2.8112e-07 3.5376e-22
2.8131e-07 3.4383e-22
2.815e-07 3.3435e-22
2.8169e-07 3.2699e-22
2.8188e-07 3.2192e-22
2.8206e-07 3.1847e-22
2.8225e-07 3.1495e-22
2.8244e-07 3.0982e-22
2.8263e-07 3.0412e-22
2.8282e-07 2.997e-22
2.8301e-07 2.9731e-22
2.832e-07 2.9618e-22
2.8339e-07 2.9313e-22
2.8358e-07 2.8541e-22
2.8377e-07 2.7578e-22
2.8396e-07 2.6737e-22
2.8414e-07 2.6117e-22
2.8433e-07 2.5676e-22
2.8452e-07 2.5289e-22
2.8471e-07 2.4857e-22
2.8491e-07 2.4318e-22
2.851e-07 2.3685e-22
2.8529e-07 2.309e-22
2.8548e-07 2.2653e-22
2.8567e-07 2.2373e-22
2.8586e-07 2.2125e-22
2.8605e-07 2.1784e-22
2.8624e-07 2.1342e-22
2.8643e-07 2.0862e-22
2.8662e-07 2.0407e-22
2.8681e-07 2.0026e-22
2.8701e-07 1.9705e-22
2.872e-07 1.9344e-22
2.8739e-07 1.8836e-22
2.8758e-07 1.8218e-22
2.8777e-07 1.7622e-22
2.8797e-07 1.7123e-22
2.8816e-07 1.6727e-22
2.8835e-07 1.6405e-22
2.8854e-07 1.6112e-22
2.8874e-07 1.5801e-22
2.8893e-07 1.5463e-22
2.8912e-07 1.5118e-22
2.8932e-07 1.4765e-22
2.8951e-07 1.4406e-22
2.897e-07 1.4076e-22
2.899e-07 1.3796e-22
2.9009e-07 1.354e-22
2.9028e-07 1.3287e-22
2.9048e-07 1.3042e-22
2.9067e-07 1.2786e-22
2.9087e-07 1.2492e-22
2.9106e-07 1.2161e-22
2.9125e-07 1.1801e-22
2.9145e-07 1.1423e-22
2.9164e-07 1.106e-22
2.9184e-07 1.075e-22
2.9203e-07 1.0494e-22
2.9223e-07 1.028e-22
2.9242e-07 1.011e-22
2.9262e-07 9.956e-23
2.9281e-07 9.7588e-23
2.9301e-07 9.5004e-23
2.9321e-07 9.2092e-23
2.934e-07 8.9125e-23
2.936e-07 8.6317e-23
2.9379e-07 8.3957e-23
2.9399e-07 8.2189e-23
2.9419e-07 8.0742e-23
2.9438e-07 7.9223e-23
2.9458e-07 7.7528e-23
2.9478e-07 7.5654e-23
2.9497e-07 7.3547e-23
2.9517e-07 7.1193e-23
2.9537e-07 6.8802e-23
2.9557e-07 6.672e-23
2.9576e-07 6.499e-23
2.9596e-07 6.3258e-23
2.9616e-07 6.1371e-23
2.9636e-07 5.9716e-23
2.9655e-07 5.8559e-23
2.9675e-07 5.7544e-23
2.9695e-07 5.616e-23
2.9715e-07 5.4431e-23
2.9735e-07 5.2678e-23
2.9755e-07 5.1007e-23
2.9775e-07 4.944e-23
2.9794e-07 4.8038e-23
2.9814e-07 4.6827e-23
2.9834e-07 4.5766e-23
2.9854e-07 4.482e-23
2.9874e-07 4.3931e-23
2.9894e-07 4.2884e-23
2.9914e-07 4.1533e-23
2.9934e-07 4.0022e-23
2.9954e-07 3.8613e-23
2.9974e-07 3.7496e-23
2.9994e-07 3.6664e-23
3.0014e-07 3.5913e-23
3.0034e-07 3.5117e-23
3.0054e-07 3.4274e-23
3.0074e-07 3.3298e-23
3.0094e-07 3.2134e-23
3.0115e-07 3.0942e-23
3.0135e-07 2.9924e-23
3.0155e-07 2.9161e-23
3.0175e-07 2.8616e-23
3.0195e-07 2.8146e-23
3.0215e-07 2.7573e-23
3.0235e-07 2.6829e-23
3.0256e-07 2.5937e-23
3.0276e-07 2.4965e-23
3.0296e-07 2.402e-23
3.0316e-07 2.3223e-23
3.0337e-07 2.2617e-23
3.0357e-07 2.217e-23
3.0377e-07 2.1849e-23
3.0397e-07 2.1566e-23
3.0418e-07 2.1144e-23
3.0438e-07 2.0534e-23
3.0458e-07 1.98e-23
3.0479e-07 1.8982e-23
3.0499e-07 1.8164e-23
3.052e-07 1.7449e-23
3.054e-07 1.6918e-23
3.056e-07 1.659e-23
3.0581e-07 1.6369e-23
3.0601e-07 1.6156e-23
3.0622e-07 1.5939e-23
3.0642e-07 1.5621e-23
3.0663e-07 1.513e-23
3.0683e-07 1.4537e-23
3.0704e-07 1.3876e-23
3.0724e-07 1.3213e-23
3.0745e-07 1.2673e-23
3.0765e-07 1.2326e-23
3.0786e-07 1.2166e-23
3.0806e-07 1.2066e-23
3.0827e-07 1.1868e-23
3.0847e-07 1.1595e-23
3.0868e-07 1.1379e-23
3.0889e-07 1.1173e-23
3.0909e-07 1.0842e-23
3.093e-07 1.0333e-23
3.0951e-07 9.7211e-24
3.0971e-07 9.2196e-24
3.0992e-07 8.9537e-24
3.1013e-07 8.8532e-24
3.1033e-07 8.7533e-24
3.1054e-07 8.5495e-24
3.1075e-07 8.3166e-24
3.1096e-07 8.139e-24
3.1116e-07 8.0407e-24
3.1137e-07 7.9576e-24
3.1158e-07 7.732e-24
3.1179e-07 7.3487e-24
3.12e-07 6.9547e-24
3.1221e-07 6.6356e-24
3.1241e-07 6.3672e-24
3.1262e-07 6.1323e-24
3.1283e-07 5.961e-24
3.1304e-07 5.8787e-24
3.1325e-07 5.9087e-24
3.1346e-07 6.0054e-24
3.1367e-07 5.981e-24
3.1388e-07 5.7458e-24
3.1409e-07 5.3856e-24
3.143e-07 4.9943e-24
3.1451e-07 4.647e-24
3.1472e-07 4.4125e-24
3.1493e-07 4.3066e-24
3.1514e-07 4.3171e-24
3.1535e-07 4.4304e-24
3.1556e-07 4.5083e-24
3.1577e-07 4.3747e-24
3.1598e-07 4.0791e-24
3.1619e-07 3.7847e-24
3.164e-07 3.5441e-24
3.1662e-07 3.3645e-24
3.1683e-07 3.2998e-24
3.1704e-07 3.3412e-24
3.1725e-07 3.3975e-24
3.1746e-07 3.4487e-24
3.1767e-07 3.4549e-24
3.1789e-07 3.3158e-24
3.181e-07 3.0604e-24
3.1831e-07 2.768e-24
3.1852e-07 2.5013e-24
3.1874e-07 2.3035e-24
3.1895e-07 2.1884e-24
3.1916e-07 2.211e-24
3.1938e-07 2.3839e-24
3.1959e-07 2.5561e-24
3.198e-07 2.6315e-24
3.2002e-07 2.6323e-24
3.2023e-07 2.4865e-24
3.2045e-07 2.2088e-24
3.2066e-07 1.921e-24
3.2087e-07 1.6715e-24
3.2109e-07 1.4958e-24
3.213e-07 1.4216e-24
3.2152e-07 1.4277e-24
3.2173e-07 1.5308e-24
3.2195e-07 1.7575e-24
3.2216e-07 1.9461e-24
3.2238e-07 1.9705e-24
3.2259e-07 1.9447e-24
3.2281e-07 1.8597e-24
3.2302e-07 1.6254e-24
3.2324e-07 1.328e-24
3.2346e-07 1.0777e-24
3.2367e-07 9.1079e-25
3.2389e-07 8.4228e-25
3.241e-07 8.7191e-25
3.2432e-07 9.519e-25
3.2454e-07 1.0736e-24
3.2475e-07 1.2699e-24
3.2497e-07 1.408e-24
3.2519e-07 1.3624e-24
3.2541e-07 1.2521e-24
3.2562e-07 1.1485e-24
3.2584e-07 9.9858e-25
3.2606e-07 8.2054e-25
3.2628e-07 6.7423e-25
3.2649e-07 5.7824e-25
3.2671e-07 5.3466e-25
3.2693e-07 5.6291e-25
3.2715e-07 6.465e-25
3.2737e-07 7.1546e-25
3.2759e-07 7.8586e-25
3.2781e-07 9.2345e-25
3.2802e-07 1.0228e-24
3.2824e-07 9.5363e-25
3.2846e-07 7.7766e-25
3.2868e-07 6.018e-25
3.289e-07 4.6651e-25
3.2912e-07 3.7412e-25
3.2934e-07 3.2065e-25
3.2956e-07 3.0001e-25
3.2978e-07 3.0418e-25
3.3e-07 3.4668e-25
3.3022e-07 4.4339e-25
3.3044e-07 5.3204e-25
3.3066e-07 5.5974e-25
3.3089e-07 5.8732e-25
3.3111e-07 6.2995e-25
3.3133e-07 6.0486e-25
3.3155e-07 5.0382e-25
3.3177e-07 3.9055e-25
3.3199e-07 2.9978e-25
3.3221e-07 2.3579e-25
3.3244e-07 1.972e-25
3.3266e-07 1.8543e-25
3.3288e-07 1.9887e-25
3.331e-07 2.2563e-25
3.3333e-07 2.6945e-25
3.3355e-07 3.4964e-25
3.3377e-07 4.2219e-25
3.3399e-07 4.1529e-25
3.3422e-07 3.4585e-25
3.3444e-07 2.7142e-25
3.3466e-07 2.1561e-25
3.3489e-07 1.7274e-25
3.3511e-07 1.378e-25
3.3534e-07 1.1316e-25
3.3556e-07 9.9805e-26
3.3578e-07 9.5258e-26
3.3601e-07 1.0193e-25
3.3623e-07 1.2665e-25
3.3646e-07 1.5936e-25
3.3668e-07 1.8177e-25
3.3691e-07 2.0857e-25
3.3713e-07 2.5679e-25
3.3736e-07 2.8671e-25
3.3758e-07 2.6292e-25
3.3781e-07 2.098e-25
3.3803e-07 1.5832e-25
3.3826e-07 1.1881e-25
3.3849e-07 9.1621e-26
3.3871e-07 7.5278e-26
3.3894e-07 6.7352e-26
3.3916e-07 6.6324e-26
3.3939e-07 7.0835e-26
3.3962e-07 7.9531e-26
3.3984e-07 9.8588e-26
3.4007e-07 1.2839e-25
3.403e-07 1.4393e-25
3.4053e-07 1.3037e-25
3.4075e-07 1.0304e-25
3.4098e-07 7.7547e-26
3.4121e-07 5.8572e-26
3.4144e-07 4.5675e-26
3.4167e-07 3.7793e-26
3.4189e-07 3.3777e-26
3.4212e-07 3.1534e-26
3.4235e-07 2.9356e-26
3.4258e-07 2.867e-26
3.4281e-07 3.2191e-26
3.4304e-07 3.9535e-26
3.4327e-07 4.7087e-26
3.435e-07 5.5521e-26
3.4373e-07 7.3197e-26
3.4396e-07 9.6932e-26
3.4419e-07 1.053e-25
3.4442e-07 9.2231e-26
3.4465e-07 7.1749e-26
3.4488e-07 5.4192e-26
3.4511e-07 4.1842e-26
3.4534e-07 3.4266e-26
3.4557e-07 3.0178e-26
3.458e-07 2.7153e-26
3.4603e-07 2.3631e-26
3.4626e-07 2.0448e-26
3.4649e-07 1.8718e-26
3.4672e-07 1.9371e-26
3.4696e-07 2.4202e-26
3.4719e-07 3.1467e-26
3.4742e-07 3.4153e-26
3.4765e-07 3.0033e-26
3.4788e-07 2.3417e-26
3.4812e-07 1.7699e-26
3.4835e-07 1.3794e-26
3.4858e-07 1.1465e-26
3.4881e-07 9.9975e-27
3.4905e-07 9.122e-27
3.4928e-07 9.3015e-27
3.4951e-07 1.0128e-26
3.4975e-07 1.0278e-26
3.4998e-07 9.7516e-27
3.5021e-07 9.3758e-27
3.5045e-07 9.3177e-27
3.5068e-07 9.7889e-27
3.5092e-07 1.2261e-26
3.5115e-07 1.8812e-26
3.5139e-07 2.6992e-26
3.5162e-07 2.9963e-26
3.5186e-07 2.6421e-26
3.5209e-07 2.0812e-26
3.5233e-07 1.6403e-26
3.5256e-07 1.357e-26
3.528e-07 1.1302e-26
3.5303e-07 9.1163e-27
3.5327e-07 7.2879e-27
3.535e-07 5.8625e-27
3.5374e-07 4.6567e-27
3.5398e-07 3.7061e-27
3.5421e-07 3.1655e-27
3.5445e-07 3.1385e-27
3.5469e-07 3.6591e-27
3.5492e-07 4.4083e-27
3.5516e-07 4.6878e-27
3.554e-07 4.2296e-27
3.5564e-07 3.4408e-27
3.5587e-07 2.7471e-27
3.5611e-07 2.2772e-27
3.5635e-07 2.1514e-27
3.5659e-07 2.5067e-27
3.5683e-07 2.9396e-27
3.5706e-07 2.9075e-27
3.573e-07 2.5782e-27
3.5754e-07 2.2666e-27
3.5778e-07 1.927e-27
3.5802e-07 1.529e-27
3.5826e-07 1.2096e-27
3.585e-07 1.0724e-27
3.5874e-07 1.2471e-27
3.5898e-07 1.9542e-27
3.5922e-07 3.3071e-27
3.5946e-07 4.7259e-27
3.597e-07 5.2655e-27
3.5994e-07 4.9239e-27
3.6018e-07 4.2865e-27
3.6042e-07 3.5865e-27
3.6066e-07 2.8831e-27
3.609e-07 2.3001e-27
3.6114e-07 1.8466e-27
3.6138e-07 1.4663e-27
3.6162e-07 1.1657e-27
3.6187e-07 9.5068e-28
3.6211e-07 8.2076e-28
3.6235e-07 7.4619e-28
3.6259e-07 6.648e-28
3.6283e-07 5.9386e-28
3.6308e-07 5.7472e-28
3.6332e-07 5.9813e-28
3.6356e-07 6.2046e-28
3.6381e-07 5.8919e-28
3.6405e-07 5.2785e-28
3.6429e-07 5.4797e-28
3.6453e-07 7.1317e-28
3.6478e-07 8.9981e-28
3.6502e-07 9.2814e-28
3.6527e-07 8.383e-28
3.6551e-07 7.2824e-28
3.6575e-07 5.6476e-28
3.66e-07 3.8421e-28
3.6624e-07 2.7645e-28
3.6649e-07 2.3979e-28
3.6673e-07 2.3016e-28
3.6698e-07 2.2703e-28
3.6722e-07 2.2912e-28
3.6747e-07 2.3243e-28
3.6771e-07 2.2786e-28
3.6796e-07 2.1518e-28
3.6821e-07 2.0133e-28
3.6845e-07 1.9368e-28
3.687e-07 1.9191e-28
3.6894e-07 1.9139e-28
3.6919e-07 1.9204e-28
3.6944e-07 1.9516e-28
3.6968e-07 2.0224e-28
3.6993e-07 2.2104e-28
3.7018e-07 2.6766e-28
3.7043e-07 3.3538e-28
3.7067e-07 3.7306e-28
3.7092e-07 3.7579e-28
3.7117e-07 3.5951e-28
3.7142e-07 3.271e-28
3.7166e-07 2.898e-28
3.7191e-07 2.5776e-28
3.7216e-07 2.3492e-28
3.7241e-07 2.1852e-28
3.7266e-07 2.052e-28
3.7291e-07 1.9809e-28
3.7316e-07 2.0168e-28
3.7341e-07 2.2253e-28
3.7366e-07 2.5022e-28
3.7391e-07 2.5998e-28
3.7416e-07 2.7123e-28
3.7441e-07 2.7652e-28
3.7466e-07 2.4612e-28
3.7491e-07 2.2472e-28
3.7516e-07 2.848e-28
3.7541e-07 4.1342e-28
3.7566e-07 4.762e-28
3.7591e-07 4.6832e-28
3.7616e-07 4.662e-28
3.7641e-07 4.566e-28
3.7666e-07 4.3314e-28
3.7691e-07 4.3092e-28
3.7717e-07 4.1994e-28
3.7742e-07 3.7114e-28
3.7767e-07 3.6298e-28
3.7792e-07 3.5833e-28
3.7818e-07 3.1481e-28
3.7843e-07 2.7308e-28
3.7868e-07 2.4312e-28
3.7893e-07 2.037e-28
3.7919e-07 1.7759e-28
3.7944e-07 1.7099e-28
3.7969e-07 1.6948e-28
3.7995e-07 1.6872e-28
3.802e-07 1.6864e-28
3.8046e-07 1.6927e-28
3.8071e-07 1.702e-28
3.8096e-07 1.7136e-28
3.8122e-07 1.7291e-28
3.8147e-07 1.7433e-28
3.8173e-07 1.7488e-28
3.8198e-07 1.7471e-28
3.8224e-07 1.7473e-28
3.8249e-07 1.7524e-28
3.8275e-07 1.7598e-28
3.8301e-07 1.7618e-28
3.8326e-07 1.7666e-28
3.8352e-07 1.7852e-28
3.8377e-07 1.809e-28
3.8403e-07 1.8217e-28
3.8429e-07 1.8163e-28
3.8454e-07 1.8103e-28
3.848e-07 1.8137e-28
3.8506e-07 1.8089e-28
3.8531e-07 1.7934e-28
3.8557e-07 1.7779e-28
3.8583e-07 1.7781e-28
3.8609e-07 1.7951e-28
3.8635e-07 1.8558e-28
3.866e-07 2.2308e-28
3.8686e-07 2.9945e-28
3.8712e-07 3.5997e-28
3.8738e-07 4.0673e-28
3.8764e-07 4.8811e-28
3.879e-07 5.5637e-28
3.8816e-07 5.5851e-28
3.8842e-07 5.2822e-28
3.8868e-07 5.0891e-28
3.8893e-07 5.6853e-28
3.8919e-07 6.6633e-28
3.8945e-07 6.8724e-28
3.8971e-07 6.6702e-28
3.8998e-07 7.0389e-28
3.9024e-07 7.6139e-28
3.905e-07 7.5335e-28
3.9076e-07 7.1407e-28
3.9102e-07 7.1364e-28
3.9128e-07 7.325e-28
3.9154e-07 7.7565e-28
3.918e-07 8.3633e-28
3.9206e-07 8.698e-28
3.9233e-07 8.4532e-28
3.9259e-07 8.0231e-28
3.9285e-07 7.8759e-28
3.9311e-07 7.7174e-28
3.9338e-07 7.5971e-28
3.9364e-07 7.9471e-28
3.939e-07 8.4325e-28
3.9417e-07 8.9928e-28
3.9443e-07 9.5878e-28
3.9469e-07 9.9754e-28
3.9496e-07 9.8662e-28
3.9522e-07 9.8045e-28
3.9548e-07 9.9277e-28
3.9575e-07 9.5482e-28
3.9601e-07 9.3804e-28
3.9628e-07 9.531e-28
3.9654e-07 9.6215e-28
3.9681e-07 9.9369e-28
3.9707e-07 1.0267e-27
3.9734e-07 1.0536e-27
3.976e-07 1.0356e-27
3.9787e-07 9.4172e-28
3.9813e-07 8.2428e-28
3.984e-07 7.8373e-28
3.9867e-07 8.5251e-28
3.9893e-07 9.7015e-28
3.992e-07 1.0364e-27
3.9947e-07 1.0252e-27
3.9973e-07 9.8934e-28
4e-07 9.6514e-28
