/*
Synthetic/composite extraterrestrial spectrum at normal incidence and
mean Sun-Earth distance (1 ua). Solar constant: 1361.1 W m^-2.

C. Gueymard, "Revised composite extraterrestrial spectrum based on
recent solar irradiance observations", Solar Energy, 2018.

Column 1: Wavelength [m]
Column 2: Irradiance [W m^-2 m^-1] (SI base units)
*/

5e-10 2278
1.5e-09 121900
2.5e-09 15130
3.5e-09 25190
4.5e-09 37080
5.5e-09 46100
6.5e-09 43670
7.5e-09 31150
8.5e-09 28280
9.5e-09 16520
1.05e-08 6771
1.15e-08 3362
1.25e-08 1756
1.35e-08 1958
1.45e-08 21400
1.55e-08 16360
1.65e-08 33980
1.75e-08 500800
1.85e-08 287500
1.95e-08 203800
2.05e-08 195800
2.15e-08 94100
2.25e-08 102500
2.35e-08 22870
2.45e-08 47620
2.55e-08 117300
2.65e-08 40250
2.75e-08 84750
2.85e-08 85560
2.95e-08 43750
3.05e-08 625200
3.15e-08 119000
3.25e-08 159300
3.35e-08 156600
3.45e-08 69370
3.55e-08 59330
3.65e-08 80390
3.75e-08 13830
3.85e-08 5931
3.95e-08 5832
4.05e-08 9781
4.15e-08 18100
4.25e-08 4798
4.35e-08 11010
4.45e-08 4389
4.55e-08 4824
4.65e-08 17380
4.75e-08 6925
4.85e-08 11550
4.95e-08 39650
5.05e-08 16800
5.15e-08 5743
5.25e-08 9808
5.35e-08 7458
5.45e-08 4843
5.55e-08 21650
5.65e-08 6578
5.75e-08 6528
5.85e-08 36890
5.95e-08 7776
6.05e-08 31120
6.15e-08 9737
6.25e-08 42090
6.35e-08 10600
6.45e-08 2442
6.55e-08 1916
6.65e-08 1709
6.75e-08 1750
6.85e-08 6027
6.95e-08 4452
7.05e-08 11720
7.15e-08 5120
7.25e-08 3833
7.35e-08 4995
7.45e-08 6155
7.55e-08 9412
7.65e-08 23790
7.75e-08 21560
7.85e-08 30430
7.95e-08 14290
8.05e-08 14680
8.15e-08 16680
8.25e-08 24650
8.35e-08 42090
8.45e-08 30610
8.55e-08 34090
8.65e-08 36130
8.75e-08 43010
8.85e-08 49150
8.95e-08 59780
9.05e-08 70440
9.15e-08 53890
9.25e-08 19220
9.35e-08 16850
9.45e-08 12010
9.55e-08 6964
9.65e-08 7241
9.75e-08 129600
9.85e-08 14740
9.95e-08 22740
1.005e-07 9215
1.015e-07 10650
1.025e-07 97190
1.035e-07 100400
1.045e-07 14700
1.055e-07 12440
1.065e-07 11840
1.075e-07 12570
1.085e-07 21090
1.095e-07 14190
1.105e-07 15130
1.115e-07 13880
1.125e-07 15120
1.135e-07 11810
1.145e-07 7990
1.155e-07 13130
1.165e-07 14840
1.175e-07 63110
1.185e-07 16710
1.195e-07 55560
1.205e-07 168700
1.215e-07 8.119e+06
1.225e-07 59620
1.235e-07 42300
1.245e-07 32170
1.255e-07 30500
1.265e-07 44990
1.275e-07 23610
1.285e-07 19320
1.295e-07 22730
1.305e-07 181700
1.315e-07 29640
1.325e-07 22700
1.335e-07 216300
1.345e-07 20230
1.355e-07 46160
1.365e-07 29970
1.375e-07 31880
1.385e-07 31580
1.395e-07 92670
1.405e-07 76940
1.415e-07 45320
1.425e-07 48970
1.435e-07 57080
1.445e-07 55540
1.455e-07 59720
1.465e-07 74240
1.475e-07 92170
1.485e-07 93960
1.495e-07 84730
1.505e-07 94440
1.515e-07 102100
1.525e-07 128600
1.535e-07 142900
1.545e-07 254300
1.555e-07 210100
1.565e-07 211300
1.575e-07 191000
1.585e-07 183700
1.595e-07 183600
1.605e-07 206400
1.615e-07 241900
1.625e-07 277800
1.635e-07 304700
1.645e-07 339100
1.655e-07 529500
1.665e-07 369500
1.675e-07 436200
1.685e-07 485200
1.695e-07 635700
1.705e-07 735200
1.715e-07 737700
1.725e-07 796300
1.735e-07 799300
1.745e-07 981600
1.755e-07 1.209e+06
1.765e-07 1.31e+06
1.775e-07 1.58e+06
1.785e-07 1.762e+06
1.795e-07 1.723e+06
1.805e-07 2.061e+06
1.815e-07 2.481e+06
1.825e-07 2.312e+06
1.835e-07 2.471e+06
1.845e-07 2.114e+06
1.855e-07 2.417e+06
1.865e-07 2.769e+06
1.875e-07 3.211e+06
1.885e-07 3.402e+06
1.895e-07 3.834e+06
1.905e-07 3.969e+06
1.915e-07 4.36e+06
1.925e-07 4.664e+06
1.935e-07 3.532e+06
1.945e-07 5.901e+06
1.955e-07 5.754e+06
1.965e-07 6.512e+06
1.975e-07 6.603e+06
1.985e-07 6.658e+06
1.995e-07 7.231e+06
2e-07 7.106e+06
2.005e-07 7.3513e+06
2.01e-07 8.0707e+06
2.015e-07 8.4543e+06
2.02e-07 8.7708e+06
2.025e-07 8.4478e+06
2.03e-07 9.1859e+06
2.035e-07 9.4323e+06
2.04e-07 9.9191e+06
2.045e-07 1.0773e+07
2.05e-07 1.0933e+07
2.055e-07 1.0997e+07
2.06e-07 1.1061e+07
2.065e-07 1.1392e+07
2.07e-07 1.2514e+07
2.075e-07 1.3126e+07
2.08e-07 1.3752e+07
2.085e-07 1.5355e+07
2.09e-07 1.8678e+07
2.095e-07 2.1917e+07
2.1e-07 2.5668e+07
2.105e-07 2.8847e+07
2.11e-07 3.1209e+07
2.115e-07 3.4483e+07
2.12e-07 3.6927e+07
2.125e-07 2.9282e+07
2.13e-07 3.2264e+07
2.135e-07 3.2661e+07
2.14e-07 3.8542e+07
2.145e-07 4.2518e+07
2.15e-07 3.9835e+07
2.155e-07 3.7641e+07
2.16e-07 3.4892e+07
2.165e-07 3.3798e+07
2.17e-07 3.4018e+07
2.175e-07 3.4453e+07
2.18e-07 4.3961e+07
2.185e-07 4.6618e+07
2.19e-07 4.6776e+07
2.195e-07 4.9603e+07
2.2e-07 5.1101e+07
2.205e-07 5.1285e+07
2.21e-07 3.7527e+07
2.215e-07 4.0583e+07
2.22e-07 4.493e+07
2.225e-07 5.1201e+07
2.23e-07 5.8347e+07
2.235e-07 6.687e+07
2.24e-07 6.3864e+07
2.245e-07 6.0426e+07
2.25e-07 5.7402e+07
2.255e-07 5.2271e+07
2.26e-07 4.6996e+07
2.265e-07 3.8329e+07
2.27e-07 3.5837e+07
2.275e-07 3.7884e+07
2.28e-07 4.8995e+07
2.285e-07 5.4531e+07
2.29e-07 4.9343e+07
2.295e-07 4.9413e+07
2.3e-07 4.3026e+07
2.305e-07 5.5934e+07
2.31e-07 5.3323e+07
2.315e-07 5.0623e+07
2.32e-07 5.1204e+07
2.325e-07 5.5013e+07
2.33e-07 4.9551e+07
2.335e-07 4.558e+07
2.34e-07 4.1041e+07
2.345e-07 3.495e+07
2.35e-07 4.4283e+07
2.355e-07 5.582e+07
2.36e-07 4.8751e+07
2.365e-07 4.7397e+07
2.37e-07 5.0977e+07
2.375e-07 4.9335e+07
2.38e-07 4.412e+07
2.385e-07 3.9041e+07
2.39e-07 4.5621e+07
2.395e-07 4.3624e+07
2.4e-07 4.3184e+07
2.405e-07 3.9772e+07
2.41e-07 4.0582e+07
2.415e-07 4.9697e+07
2.42e-07 6.4243e+07
2.425e-07 7.0657e+07
2.43e-07 7.083e+07
2.435e-07 6.4871e+07
2.44e-07 6.644e+07
2.445e-07 6.3265e+07
2.45e-07 5.4784e+07
2.455e-07 4.9874e+07
2.46e-07 4.9864e+07
2.465e-07 4.9519e+07
2.47e-07 5.465e+07
2.475e-07 5.7764e+07
2.48e-07 5.1674e+07
2.485e-07 4.597e+07
2.49e-07 4.2261e+07
2.495e-07 5.7383e+07
2.5e-07 6.3739e+07
2.505e-07 5.9701e+07
2.51e-07 5.5842e+07
2.515e-07 4.6083e+07
2.52e-07 4.1442e+07
2.525e-07 4.0661e+07
2.53e-07 4.5589e+07
2.535e-07 5.2034e+07
2.54e-07 5.5837e+07
2.545e-07 5.97e+07
2.55e-07 6.4643e+07
2.555e-07 8.2618e+07
2.56e-07 8.9482e+07
2.565e-07 9.6816e+07
2.57e-07 1.2213e+08
2.575e-07 1.2355e+08
2.58e-07 1.3657e+08
2.585e-07 1.2313e+08
2.59e-07 1.2799e+08
2.595e-07 1.0601e+08
2.6e-07 8.3382e+07
2.605e-07 9.2921e+07
2.61e-07 8.2515e+07
2.615e-07 8.6753e+07
2.62e-07 1.0566e+08
2.625e-07 1.1112e+08
2.63e-07 9.4888e+07
2.635e-07 1.5744e+08
2.64e-07 2.4588e+08
2.645e-07 2.6362e+08
2.65e-07 2.3046e+08
2.655e-07 2.6867e+08
2.66e-07 2.6536e+08
2.665e-07 2.5406e+08
2.67e-07 2.4984e+08
2.675e-07 2.6629e+08
2.68e-07 2.5728e+08
2.685e-07 2.592e+08
2.69e-07 2.4337e+08
2.695e-07 2.4509e+08
2.7e-07 2.6495e+08
2.705e-07 2.8245e+08
2.71e-07 2.6663e+08
2.715e-07 2.4288e+08
2.72e-07 1.758e+08
2.725e-07 1.9596e+08
2.73e-07 2.3752e+08
2.735e-07 2.0706e+08
2.74e-07 1.5082e+08
2.745e-07 1.3359e+08
2.75e-07 1.4371e+08
2.755e-07 1.8154e+08
2.76e-07 2.315e+08
2.765e-07 2.5936e+08
2.77e-07 2.5776e+08
2.775e-07 2.5702e+08
2.78e-07 1.9677e+08
2.785e-07 1.6892e+08
2.79e-07 1.254e+08
2.795e-07 8.1587e+07
2.8e-07 7.8018e+07
2.805e-07 9.7054e+07
2.81e-07 1.5627e+08
2.815e-07 2.2108e+08
2.82e-07 2.7195e+08
2.825e-07 3.0201e+08
2.83e-07 3.2491e+08
2.835e-07 3.1976e+08
2.84e-07 3.0911e+08
2.845e-07 2.4706e+08
2.85e-07 1.441e+08
2.855e-07 1.4168e+08
2.86e-07 2.6703e+08
2.865e-07 3.3726e+08
2.87e-07 3.6623e+08
2.875e-07 3.5966e+08
2.88e-07 2.9309e+08
2.885e-07 3.4108e+08
2.89e-07 4.109e+08
2.895e-07 4.8679e+08
2.9e-07 5.835e+08
2.905e-07 6.2027e+08
2.91e-07 6.094e+08
2.915e-07 5.8795e+08
2.92e-07 5.5922e+08
2.925e-07 5.2007e+08
2.93e-07 5.4538e+08
2.935e-07 5.6202e+08
2.94e-07 5.2089e+08
2.945e-07 5.27e+08
2.95e-07 5.1843e+08
2.955e-07 5.6158e+08
2.96e-07 5.8224e+08
2.965e-07 5.1155e+08
2.97e-07 4.3635e+08
2.975e-07 5.3891e+08
2.98e-07 5.4472e+08
2.985e-07 3.9446e+08
2.99e-07 5.1778e+08
2.995e-07 5.024e+08
3e-07 4.4866e+08
3.005e-07 4.2804e+08
3.01e-07 4.6652e+08
3.015e-07 4.9837e+08
3.02e-07 4.3864e+08
3.025e-07 5.3152e+08
3.03e-07 6.3794e+08
3.035e-07 6.5888e+08
3.04e-07 6.0856e+08
3.045e-07 6.3517e+08
3.05e-07 6.4108e+08
3.055e-07 6.1946e+08
3.06e-07 5.4773e+08
3.065e-07 5.769e+08
3.07e-07 6.1547e+08
3.075e-07 6.418e+08
3.08e-07 6.471e+08
3.085e-07 6.5035e+08
3.09e-07 5.6363e+08
3.095e-07 5.057e+08
3.1e-07 4.9338e+08
3.105e-07 6.6089e+08
3.11e-07 7.7783e+08
3.115e-07 7.5172e+08
3.12e-07 6.5649e+08
3.125e-07 6.724e+08
3.13e-07 6.9618e+08
3.135e-07 7.1543e+08
3.14e-07 7.5176e+08
3.145e-07 6.2396e+08
3.15e-07 7.0523e+08
3.155e-07 6.5734e+08
3.16e-07 5.5641e+08
3.165e-07 6.5007e+08
3.17e-07 7.7114e+08
3.175e-07 8.2136e+08
3.18e-07 6.5927e+08
3.185e-07 6.6166e+08
3.19e-07 7.2854e+08
3.195e-07 6.9981e+08
3.2e-07 8.1191e+08
3.205e-07 8.5212e+08
3.21e-07 7.416e+08
3.215e-07 6.8476e+08
3.22e-07 7.6609e+08
3.225e-07 6.987e+08
3.23e-07 6.4875e+08
3.235e-07 6.7781e+08
3.24e-07 7.4757e+08
3.245e-07 7.9683e+08
3.25e-07 8.0208e+08
3.255e-07 9.2234e+08
3.26e-07 1.0111e+09
3.265e-07 9.9268e+08
3.27e-07 9.9411e+08
3.275e-07 9.7921e+08
3.28e-07 9.473e+08
3.285e-07 9.2074e+08
3.29e-07 9.9847e+08
3.295e-07 1.1042e+09
3.3e-07 1.1152e+09
3.305e-07 9.8663e+08
3.31e-07 9.8425e+08
3.315e-07 9.6787e+08
3.32e-07 9.9447e+08
3.325e-07 9.5458e+08
3.33e-07 9.5929e+08
3.335e-07 9.208e+08
3.34e-07 9.3402e+08
3.345e-07 1.0056e+09
3.35e-07 9.5424e+08
3.355e-07 9.9564e+08
3.36e-07 8.1321e+08
3.365e-07 8.5788e+08
3.37e-07 7.7949e+08
3.375e-07 8.9621e+08
3.38e-07 9.0625e+08
3.385e-07 9.3343e+08
3.39e-07 9.6218e+08
3.395e-07 9.3659e+08
3.4e-07 1.0788e+09
3.405e-07 1.0035e+09
3.41e-07 9.5085e+08
3.415e-07 8.8731e+08
3.42e-07 1.0021e+09
3.425e-07 9.5908e+08
3.43e-07 1.0527e+09
3.435e-07 9.8897e+08
3.44e-07 8.2934e+08
3.445e-07 7.6345e+08
3.45e-07 9.3938e+08
3.455e-07 9.8185e+08
3.46e-07 9.0686e+08
3.465e-07 9.506e+08
3.47e-07 9.757e+08
3.475e-07 8.7858e+08
3.48e-07 9.2112e+08
3.485e-07 9.4059e+08
3.49e-07 8.9851e+08
3.495e-07 8.9234e+08
3.5e-07 1.0107e+09
3.505e-07 1.098e+09
3.51e-07 1.0369e+09
3.515e-07 9.7716e+08
3.52e-07 1.004e+09
3.525e-07 8.765e+08
3.53e-07 1.0039e+09
3.535e-07 1.0818e+09
3.54e-07 1.1314e+09
3.545e-07 1.1436e+09
3.55e-07 1.1457e+09
3.555e-07 1.0558e+09
3.56e-07 1.0482e+09
3.565e-07 9.3999e+08
3.57e-07 8.1029e+08
3.575e-07 8.8218e+08
3.58e-07 7.7582e+08
3.585e-07 6.726e+08
3.59e-07 8.7301e+08
3.595e-07 1.0791e+09
3.6e-07 1.1345e+09
3.605e-07 9.8861e+08
3.61e-07 8.9198e+08
3.615e-07 9.6693e+08
3.62e-07 9.1034e+08
3.625e-07 1.0813e+09
3.63e-07 1.0731e+09
3.635e-07 9.8327e+08
3.64e-07 1.1273e+09
3.645e-07 1.0319e+09
3.65e-07 1.0446e+09
3.655e-07 1.2377e+09
3.66e-07 1.2875e+09
3.665e-07 1.2656e+09
3.67e-07 1.2284e+09
3.675e-07 1.2544e+09
3.68e-07 1.1377e+09
3.685e-07 1.1381e+09
3.69e-07 1.1752e+09
3.695e-07 1.2712e+09
3.7e-07 1.3052e+09
3.705e-07 1.1396e+09
3.71e-07 1.1417e+09
3.715e-07 1.2793e+09
3.72e-07 1.0532e+09
3.725e-07 1.0532e+09
3.73e-07 1.0952e+09
3.735e-07 8.3464e+08
3.74e-07 9.6762e+08
3.745e-07 9.2557e+08
3.75e-07 8.8892e+08
3.755e-07 1.1645e+09
3.76e-07 1.0905e+09
3.765e-07 1.1018e+09
3.77e-07 1.1727e+09
3.775e-07 1.3268e+09
3.78e-07 1.4288e+09
3.785e-07 1.383e+09
3.79e-07 1.1726e+09
3.795e-07 1.077e+09
3.8e-07 1.0803e+09
3.805e-07 1.2771e+09
3.81e-07 1.2856e+09
3.815e-07 1.0807e+09
3.82e-07 9.3227e+08
3.825e-07 7.928e+08
3.83e-07 7.1906e+08
3.835e-07 6.906e+08
3.84e-07 7.9025e+08
3.845e-07 1.0167e+09
3.85e-07 1.066e+09
3.855e-07 1.0175e+09
3.86e-07 9.3055e+08
3.865e-07 1.0667e+09
3.87e-07 9.9428e+08
3.875e-07 1.0144e+09
3.88e-07 9.9704e+08
3.885e-07 9.8391e+08
3.89e-07 1.0475e+09
3.895e-07 1.2267e+09
3.9e-07 1.2617e+09
3.905e-07 1.2078e+09
3.91e-07 1.3438e+09
3.915e-07 1.3973e+09
3.92e-07 1.2266e+09
3.925e-07 1.0542e+09
3.93e-07 6.6923e+08
3.935e-07 4.8483e+08
3.94e-07 7.8917e+08
3.945e-07 1.0726e+09
3.95e-07 1.289e+09
3.955e-07 1.3439e+09
3.96e-07 1.1796e+09
3.965e-07 7.5771e+08
3.97e-07 6.0611e+08
3.975e-07 9.9812e+08
3.98e-07 1.4212e+09
3.985e-07 1.5264e+09
3.99e-07 1.6513e+09
3.995e-07 1.6769e+09
4e-07 1.6894e+09
4.01e-07 1.726e+09
4.02e-07 1.7762e+09
4.03e-07 1.7221e+09
4.04e-07 1.7124e+09
4.05e-07 1.68e+09
4.06e-07 1.6426e+09
4.07e-07 1.6377e+09
4.08e-07 1.6857e+09
4.09e-07 1.8142e+09
4.1e-07 1.5852e+09
4.11e-07 1.7391e+09
4.12e-07 1.8392e+09
4.13e-07 1.7614e+09
4.14e-07 1.7941e+09
4.15e-07 1.7736e+09
4.16e-07 1.8277e+09
4.17e-07 1.7656e+09
4.18e-07 1.7253e+09
4.19e-07 1.7414e+09
4.2e-07 1.7068e+09
4.21e-07 1.8074e+09
4.22e-07 1.7488e+09
4.23e-07 1.6699e+09
4.24e-07 1.7269e+09
4.25e-07 1.7289e+09
4.26e-07 1.6924e+09
4.27e-07 1.653e+09
4.28e-07 1.6562e+09
4.29e-07 1.5675e+09
4.3e-07 1.3401e+09
4.31e-07 1.3392e+09
4.32e-07 1.7429e+09
4.33e-07 1.7467e+09
4.34e-07 1.6088e+09
4.35e-07 1.749e+09
4.36e-07 1.8619e+09
4.37e-07 1.8585e+09
4.38e-07 1.7114e+09
4.39e-07 1.7195e+09
4.4e-07 1.803e+09
4.41e-07 1.8488e+09
4.42e-07 1.9622e+09
4.43e-07 1.9568e+09
4.44e-07 1.9739e+09
4.45e-07 1.9635e+09
4.46e-07 1.8673e+09
4.47e-07 1.9883e+09
4.48e-07 2.0268e+09
4.49e-07 2.0335e+09
4.5e-07 2.0736e+09
4.51e-07 2.1488e+09
4.52e-07 2.0779e+09
4.53e-07 1.9367e+09
4.54e-07 2.0276e+09
4.55e-07 1.9989e+09
4.56e-07 2.0687e+09
4.57e-07 2.0961e+09
4.58e-07 2.0557e+09
4.59e-07 2.0423e+09
4.6e-07 2.0306e+09
4.61e-07 2.0901e+09
4.62e-07 2.1021e+09
4.63e-07 2.1e+09
4.64e-07 2.0682e+09
4.65e-07 2.0239e+09
4.66e-07 2.0357e+09
4.67e-07 1.9916e+09
4.68e-07 2.0237e+09
4.69e-07 2.0338e+09
4.7e-07 1.985e+09
4.71e-07 1.9792e+09
4.72e-07 2.0815e+09
4.73e-07 2.041e+09
4.74e-07 2.0548e+09
4.75e-07 2.0768e+09
4.76e-07 2.0314e+09
4.77e-07 2.0553e+09
4.78e-07 2.0991e+09
4.79e-07 2.0626e+09
4.8e-07 2.0879e+09
4.81e-07 2.0806e+09
4.82e-07 2.1029e+09
4.83e-07 2.0654e+09
4.84e-07 2.0114e+09
4.85e-07 1.9699e+09
4.86e-07 1.6972e+09
4.87e-07 1.7998e+09
4.88e-07 1.9407e+09
4.89e-07 1.9408e+09
4.9e-07 2.0384e+09
4.91e-07 2.0025e+09
4.92e-07 1.9041e+09
4.93e-07 1.9699e+09
4.94e-07 1.9774e+09
4.95e-07 2.037e+09
4.96e-07 1.9875e+09
4.97e-07 2.0169e+09
4.98e-07 1.9625e+09
4.99e-07 1.9488e+09
5e-07 1.9316e+09
5.01e-07 1.882e+09
5.02e-07 1.8849e+09
5.03e-07 1.9351e+09
5.04e-07 1.9193e+09
5.05e-07 1.95e+09
5.06e-07 2.0115e+09
5.07e-07 1.9471e+09
5.08e-07 1.8941e+09
5.09e-07 1.9418e+09
5.1e-07 1.9161e+09
5.11e-07 1.9383e+09
5.12e-07 1.9573e+09
5.13e-07 1.8682e+09
5.14e-07 1.8472e+09
5.15e-07 1.8608e+09
5.16e-07 1.8422e+09
5.17e-07 1.6269e+09
5.18e-07 1.7088e+09
5.19e-07 1.7517e+09
5.2e-07 1.8367e+09
5.21e-07 1.8508e+09
5.22e-07 1.8746e+09
5.23e-07 1.8292e+09
5.24e-07 1.9232e+09
5.25e-07 1.9194e+09
5.26e-07 1.8403e+09
5.27e-07 1.7218e+09
5.28e-07 1.8638e+09
5.29e-07 1.9434e+09
5.3e-07 1.9224e+09
5.31e-07 1.96e+09
5.32e-07 1.9038e+09
5.33e-07 1.8253e+09
5.34e-07 1.8867e+09
5.35e-07 1.9023e+09
5.36e-07 1.9408e+09
5.37e-07 1.8681e+09
5.38e-07 1.8973e+09
5.39e-07 1.882e+09
5.4e-07 1.8122e+09
5.41e-07 1.8091e+09
5.42e-07 1.8776e+09
5.43e-07 1.8472e+09
5.44e-07 1.8962e+09
5.45e-07 1.8868e+09
5.46e-07 1.892e+09
5.47e-07 1.8742e+09
5.48e-07 1.8591e+09
5.49e-07 1.88e+09
5.5e-07 1.8815e+09
5.51e-07 1.8697e+09
5.52e-07 1.8816e+09
5.53e-07 1.8531e+09
5.54e-07 1.8848e+09
5.55e-07 1.8944e+09
5.56e-07 1.8658e+09
5.57e-07 1.8283e+09
5.58e-07 1.8361e+09
5.59e-07 1.7952e+09
5.6e-07 1.8158e+09
5.61e-07 1.8486e+09
5.62e-07 1.8216e+09
5.63e-07 1.8565e+09
5.64e-07 1.8402e+09
5.65e-07 1.8365e+09
5.66e-07 1.7866e+09
5.67e-07 1.8446e+09
5.68e-07 1.8399e+09
5.69e-07 1.8273e+09
5.7e-07 1.8303e+09
5.71e-07 1.7755e+09
5.72e-07 1.8459e+09
5.73e-07 1.8712e+09
5.74e-07 1.8656e+09
5.75e-07 1.8364e+09
5.76e-07 1.8279e+09
5.77e-07 1.8433e+09
5.78e-07 1.8133e+09
5.79e-07 1.8131e+09
5.8e-07 1.8285e+09
5.81e-07 1.8262e+09
5.82e-07 1.8479e+09
5.83e-07 1.848e+09
5.84e-07 1.8442e+09
5.85e-07 1.8167e+09
5.86e-07 1.7792e+09
5.87e-07 1.8152e+09
5.88e-07 1.7973e+09
5.89e-07 1.6621e+09
5.9e-07 1.7225e+09
5.91e-07 1.7882e+09
5.92e-07 1.7934e+09
5.93e-07 1.7833e+09
5.94e-07 1.7848e+09
5.95e-07 1.7688e+09
5.96e-07 1.7797e+09
5.97e-07 1.787e+09
5.98e-07 1.7636e+09
5.99e-07 1.7579e+09
6e-07 1.7543e+09
6.01e-07 1.7415e+09
6.02e-07 1.7274e+09
6.03e-07 1.7368e+09
6.04e-07 1.7662e+09
6.05e-07 1.7633e+09
6.06e-07 1.7499e+09
6.07e-07 1.7502e+09
6.08e-07 1.7368e+09
6.09e-07 1.7251e+09
6.1e-07 1.7166e+09
6.11e-07 1.7164e+09
6.12e-07 1.7161e+09
6.13e-07 1.6957e+09
6.14e-07 1.6737e+09
6.15e-07 1.6979e+09
6.16e-07 1.6545e+09
6.17e-07 1.6439e+09
6.18e-07 1.695e+09
6.19e-07 1.6893e+09
6.2e-07 1.6992e+09
6.21e-07 1.7036e+09
6.22e-07 1.6864e+09
6.23e-07 1.671e+09
6.24e-07 1.6462e+09
6.25e-07 1.6352e+09
6.26e-07 1.644e+09
6.27e-07 1.6774e+09
6.28e-07 1.6811e+09
6.29e-07 1.678e+09
6.3e-07 1.6532e+09
6.31e-07 1.6486e+09
6.32e-07 1.6245e+09
6.33e-07 1.6523e+09
6.34e-07 1.6343e+09
6.35e-07 1.6462e+09
6.36e-07 1.6229e+09
6.37e-07 1.6423e+09
6.38e-07 1.6445e+09
6.39e-07 1.6394e+09
6.4e-07 1.6136e+09
6.41e-07 1.6052e+09
6.42e-07 1.6027e+09
6.43e-07 1.6141e+09
6.44e-07 1.6034e+09
6.45e-07 1.6102e+09
6.46e-07 1.5967e+09
6.47e-07 1.5923e+09
6.48e-07 1.5929e+09
6.49e-07 1.5718e+09
6.5e-07 1.5423e+09
6.51e-07 1.6032e+09
6.52e-07 1.5909e+09
6.53e-07 1.5847e+09
6.54e-07 1.559e+09
6.55e-07 1.5243e+09
6.56e-07 1.378e+09
6.57e-07 1.3779e+09
6.58e-07 1.519e+09
6.59e-07 1.5422e+09
6.6e-07 1.5442e+09
6.61e-07 1.5539e+09
6.62e-07 1.5548e+09
6.63e-07 1.5393e+09
6.64e-07 1.5286e+09
6.65e-07 1.5349e+09
6.66e-07 1.5278e+09
6.67e-07 1.5241e+09
6.68e-07 1.5269e+09
6.69e-07 1.5408e+09
6.7e-07 1.5256e+09
6.71e-07 1.5202e+09
6.72e-07 1.5086e+09
6.73e-07 1.5205e+09
6.74e-07 1.5167e+09
6.75e-07 1.5033e+09
6.76e-07 1.5083e+09
6.77e-07 1.5015e+09
6.78e-07 1.5006e+09
6.79e-07 1.4916e+09
6.8e-07 1.4807e+09
6.81e-07 1.4852e+09
6.82e-07 1.4831e+09
6.83e-07 1.4774e+09
6.84e-07 1.4705e+09
6.85e-07 1.4571e+09
6.86e-07 1.4425e+09
6.87e-07 1.4718e+09
6.88e-07 1.4719e+09
6.89e-07 1.4705e+09
6.9e-07 1.4657e+09
6.91e-07 1.4562e+09
6.92e-07 1.4441e+09
6.93e-07 1.4476e+09
6.94e-07 1.4476e+09
6.95e-07 1.4435e+09
6.96e-07 1.445e+09
6.97e-07 1.4435e+09
6.98e-07 1.421e+09
6.99e-07 1.4371e+09
7e-07 1.4117e+09
7.01e-07 1.3857e+09
7.02e-07 1.3872e+09
7.03e-07 1.3926e+09
7.04e-07 1.4086e+09
7.05e-07 1.4185e+09
7.06e-07 1.4092e+09
7.07e-07 1.3931e+09
7.08e-07 1.4007e+09
7.09e-07 1.3847e+09
7.1e-07 1.3924e+09
7.11e-07 1.3875e+09
7.12e-07 1.38e+09
7.13e-07 1.3723e+09
7.14e-07 1.3753e+09
7.15e-07 1.356e+09
7.16e-07 1.359e+09
7.17e-07 1.3467e+09
7.18e-07 1.3429e+09
7.19e-07 1.3279e+09
7.2e-07 1.3473e+09
7.21e-07 1.337e+09
7.22e-07 1.3413e+09
7.23e-07 1.3505e+09
7.24e-07 1.3498e+09
7.25e-07 1.343e+09
7.26e-07 1.3426e+09
7.27e-07 1.3464e+09
7.28e-07 1.3211e+09
7.29e-07 1.3054e+09
7.3e-07 1.3231e+09
7.31e-07 1.3182e+09
7.32e-07 1.3205e+09
7.33e-07 1.3139e+09
7.34e-07 1.3218e+09
7.35e-07 1.3105e+09
7.36e-07 1.3039e+09
7.37e-07 1.3066e+09
7.38e-07 1.2958e+09
7.39e-07 1.2729e+09
7.4e-07 1.276e+09
7.41e-07 1.2599e+09
7.42e-07 1.264e+09
7.43e-07 1.2855e+09
7.44e-07 1.2839e+09
7.45e-07 1.2749e+09
7.46e-07 1.2858e+09
7.47e-07 1.2864e+09
7.48e-07 1.2801e+09
7.49e-07 1.2716e+09
7.5e-07 1.2628e+09
7.51e-07 1.2588e+09
7.52e-07 1.2614e+09
7.53e-07 1.2564e+09
7.54e-07 1.2646e+09
7.55e-07 1.2597e+09
7.56e-07 1.2523e+09
7.57e-07 1.2493e+09
7.58e-07 1.2474e+09
7.59e-07 1.2401e+09
7.6e-07 1.2418e+09
7.61e-07 1.2364e+09
7.62e-07 1.2265e+09
7.63e-07 1.2401e+09
7.64e-07 1.2357e+09
7.65e-07 1.2266e+09
7.66e-07 1.1905e+09
7.67e-07 1.192e+09
7.68e-07 1.2138e+09
7.69e-07 1.2077e+09
7.7e-07 1.2021e+09
7.71e-07 1.202e+09
7.72e-07 1.1987e+09
7.73e-07 1.2008e+09
7.74e-07 1.1985e+09
7.75e-07 1.1778e+09
7.76e-07 1.1955e+09
7.77e-07 1.192e+09
7.78e-07 1.1814e+09
7.79e-07 1.1822e+09
7.8e-07 1.1785e+09
7.81e-07 1.1797e+09
7.82e-07 1.1811e+09
7.83e-07 1.1691e+09
7.84e-07 1.1685e+09
7.85e-07 1.1716e+09
7.86e-07 1.1668e+09
7.87e-07 1.1709e+09
7.88e-07 1.1676e+09
7.89e-07 1.1695e+09
7.9e-07 1.164e+09
7.91e-07 1.1534e+09
7.92e-07 1.142e+09
7.93e-07 1.1338e+09
7.94e-07 1.1209e+09
7.95e-07 1.1267e+09
7.96e-07 1.1406e+09
7.97e-07 1.1443e+09
7.98e-07 1.1418e+09
7.99e-07 1.1347e+09
8e-07 1.1232e+09
8.01e-07 1.1341e+09
8.02e-07 1.1312e+09
8.03e-07 1.1214e+09
8.04e-07 1.1197e+09
8.05e-07 1.1055e+09
8.06e-07 1.1188e+09
8.07e-07 1.1148e+09
8.08e-07 1.108e+09
8.09e-07 1.0983e+09
8.1e-07 1.0999e+09
8.11e-07 1.1044e+09
8.12e-07 1.1044e+09
8.13e-07 1.1045e+09
8.14e-07 1.1006e+09
8.15e-07 1.0962e+09
8.16e-07 1.0936e+09
8.17e-07 1.0899e+09
8.18e-07 1.0774e+09
8.19e-07 1.066e+09
8.2e-07 1.0625e+09
8.21e-07 1.0647e+09
8.22e-07 1.0602e+09
8.23e-07 1.0696e+09
8.24e-07 1.071e+09
8.25e-07 1.0674e+09
8.26e-07 1.0697e+09
8.27e-07 1.0742e+09
8.28e-07 1.0697e+09
8.29e-07 1.0594e+09
8.3e-07 1.0579e+09
8.31e-07 1.0504e+09
8.32e-07 1.0497e+09
8.33e-07 1.0277e+09
8.34e-07 1.0335e+09
8.35e-07 1.0418e+09
8.36e-07 1.0479e+09
8.37e-07 1.0435e+09
8.38e-07 1.0379e+09
8.39e-07 1.0261e+09
8.4e-07 1.0383e+09
8.41e-07 1.0388e+09
8.42e-07 1.0237e+09
8.43e-07 1.0193e+09
8.44e-07 1.0143e+09
8.45e-07 1.0258e+09
8.46e-07 1.0262e+09
8.47e-07 1.0102e+09
8.48e-07 1.006e+09
8.49e-07 9.7767e+08
8.5e-07 9.3813e+08
8.51e-07 9.8998e+08
8.52e-07 9.8057e+08
8.53e-07 9.6334e+08
8.54e-07 8.3742e+08
8.55e-07 8.7117e+08
8.56e-07 9.7659e+08
8.57e-07 9.9209e+08
8.58e-07 9.9121e+08
8.59e-07 9.8787e+08
8.6e-07 9.8422e+08
8.61e-07 9.8529e+08
8.62e-07 9.8876e+08
8.63e-07 9.8552e+08
8.64e-07 9.7768e+08
8.65e-07 9.6484e+08
8.66e-07 8.8764e+08
8.67e-07 9.0537e+08
8.68e-07 9.4887e+08
8.69e-07 9.5789e+08
8.7e-07 9.6829e+08
8.71e-07 9.6698e+08
8.72e-07 9.5973e+08
8.73e-07 9.6563e+08
8.74e-07 9.5538e+08
8.75e-07 9.3907e+08
8.76e-07 9.4423e+08
8.77e-07 9.5128e+08
8.78e-07 9.6433e+08
8.79e-07 9.5057e+08
8.8e-07 9.4201e+08
8.81e-07 9.2197e+08
8.82e-07 9.3997e+08
8.83e-07 9.4158e+08
8.84e-07 9.3964e+08
8.85e-07 9.4291e+08
8.86e-07 9.1356e+08
8.87e-07 9.1418e+08
8.88e-07 9.3137e+08
8.89e-07 9.3244e+08
8.9e-07 9.3372e+08
8.91e-07 9.3271e+08
8.92e-07 9.2297e+08
8.93e-07 9.087e+08
8.94e-07 9.179e+08
8.95e-07 9.071e+08
8.96e-07 9.2381e+08
8.97e-07 9.0961e+08
8.98e-07 9.1158e+08
8.99e-07 9.0739e+08
9e-07 8.8985e+08
9.01e-07 8.788e+08
9.02e-07 8.7258e+08
9.03e-07 8.9687e+08
9.04e-07 9.0421e+08
9.05e-07 8.9687e+08
9.06e-07 8.8216e+08
9.07e-07 8.8437e+08
9.08e-07 8.7428e+08
9.09e-07 8.6427e+08
9.1e-07 8.7222e+08
9.11e-07 8.7338e+08
9.12e-07 8.7088e+08
9.13e-07 8.8238e+08
9.14e-07 8.7658e+08
9.15e-07 8.6954e+08
9.16e-07 8.7149e+08
9.17e-07 8.6658e+08
9.18e-07 8.6663e+08
9.19e-07 8.6637e+08
9.2e-07 8.5966e+08
9.21e-07 8.4215e+08
9.22e-07 8.3765e+08
9.23e-07 8.2756e+08
9.24e-07 8.3888e+08
9.25e-07 8.3889e+08
9.26e-07 8.3283e+08
9.27e-07 8.5004e+08
9.28e-07 8.5448e+08
9.29e-07 8.4394e+08
9.3e-07 8.4513e+08
9.31e-07 8.4576e+08
9.32e-07 8.4086e+08
9.33e-07 8.4509e+08
9.34e-07 8.4443e+08
9.35e-07 8.3429e+08
9.36e-07 8.2852e+08
9.37e-07 8.3481e+08
9.38e-07 8.3105e+08
9.39e-07 8.2599e+08
9.4e-07 8.1856e+08
9.41e-07 8.0358e+08
9.42e-07 8.035e+08
9.43e-07 8.1324e+08
9.44e-07 8.0931e+08
9.45e-07 8.1296e+08
9.46e-07 8.1591e+08
9.47e-07 8.1331e+08
9.48e-07 8.145e+08
9.49e-07 8.1481e+08
9.5e-07 8.1176e+08
9.51e-07 8.0907e+08
9.52e-07 8.0736e+08
9.53e-07 8.0145e+08
9.54e-07 7.8527e+08
9.55e-07 7.7339e+08
9.56e-07 7.947e+08
9.57e-07 7.9329e+08
9.58e-07 7.9686e+08
9.59e-07 7.9814e+08
9.6e-07 7.8965e+08
9.61e-07 7.8862e+08
9.62e-07 7.8619e+08
9.63e-07 7.831e+08
9.64e-07 7.8199e+08
9.65e-07 7.8007e+08
9.66e-07 7.7514e+08
9.67e-07 7.8016e+08
9.68e-07 7.7815e+08
9.69e-07 7.7764e+08
9.7e-07 7.7633e+08
9.71e-07 7.7295e+08
9.72e-07 7.7508e+08
9.73e-07 7.7186e+08
9.74e-07 7.6446e+08
9.75e-07 7.6649e+08
9.76e-07 7.6611e+08
9.77e-07 7.6248e+08
9.78e-07 7.6356e+08
9.79e-07 7.5757e+08
9.8e-07 7.5916e+08
9.81e-07 7.6194e+08
9.82e-07 7.5982e+08
9.83e-07 7.5761e+08
9.84e-07 7.5329e+08
9.85e-07 7.556e+08
9.86e-07 7.5089e+08
9.87e-07 7.4801e+08
9.88e-07 7.4894e+08
9.89e-07 7.406e+08
9.9e-07 7.4308e+08
9.91e-07 7.4346e+08
9.92e-07 7.4236e+08
9.93e-07 7.4116e+08
9.94e-07 7.4054e+08
9.95e-07 7.3757e+08
9.96e-07 7.3689e+08
9.97e-07 7.3751e+08
9.98e-07 7.3543e+08
9.99e-07 7.3118e+08
1e-06 7.3018e+08
1.001e-06 7.3322e+08
1.002e-06 7.2979e+08
1.003e-06 7.2192e+08
1.004e-06 7.1466e+08
1.005e-06 6.8425e+08
1.006e-06 7.0476e+08
1.007e-06 7.1676e+08
1.008e-06 7.1868e+08
1.009e-06 7.1725e+08
1.01e-06 7.1763e+08
1.011e-06 7.1497e+08
1.012e-06 7.1375e+08
1.013e-06 7.1302e+08
1.014e-06 7.1071e+08
1.015e-06 7.0585e+08
1.016e-06 7.0508e+08
1.017e-06 7.0351e+08
1.018e-06 7.027e+08
1.019e-06 6.9617e+08
1.02e-06 6.9789e+08
1.021e-06 6.975e+08
1.022e-06 6.942e+08
1.023e-06 6.9843e+08
1.024e-06 6.9773e+08
1.025e-06 6.9654e+08
1.026e-06 6.955e+08
1.027e-06 6.9377e+08
1.028e-06 6.9328e+08
1.029e-06 6.8813e+08
1.03e-06 6.8768e+08
1.031e-06 6.866e+08
1.032e-06 6.8523e+08
1.033e-06 6.7797e+08
1.034e-06 6.768e+08
1.035e-06 6.7611e+08
1.036e-06 6.7933e+08
1.037e-06 6.7275e+08
1.038e-06 6.7055e+08
1.039e-06 6.7388e+08
1.04e-06 6.6968e+08
1.041e-06 6.7223e+08
1.042e-06 6.6928e+08
1.043e-06 6.6652e+08
1.044e-06 6.6805e+08
1.045e-06 6.6356e+08
1.046e-06 6.5377e+08
1.047e-06 6.5855e+08
1.048e-06 6.6229e+08
1.049e-06 6.614e+08
1.05e-06 6.5837e+08
1.051e-06 6.5805e+08
1.052e-06 6.553e+08
1.053e-06 6.5254e+08
1.054e-06 6.5142e+08
1.055e-06 6.528e+08
1.056e-06 6.516e+08
1.057e-06 6.5054e+08
1.058e-06 6.4313e+08
1.059e-06 6.3701e+08
1.06e-06 6.4118e+08
1.061e-06 6.3753e+08
1.062e-06 6.4223e+08
1.063e-06 6.3781e+08
1.064e-06 6.4249e+08
1.065e-06 6.4116e+08
1.066e-06 6.3181e+08
1.067e-06 6.3224e+08
1.068e-06 6.2765e+08
1.069e-06 6.0938e+08
1.07e-06 6.2121e+08
1.071e-06 6.2771e+08
1.072e-06 6.2764e+08
1.073e-06 6.1802e+08
1.074e-06 6.2561e+08
1.075e-06 6.1715e+08
1.076e-06 6.2214e+08
1.077e-06 6.2393e+08
1.078e-06 6.1809e+08
1.079e-06 6.1301e+08
1.08e-06 6.2045e+08
1.081e-06 6.0837e+08
1.082e-06 6.019e+08
1.083e-06 6.0235e+08
1.084e-06 6.1111e+08
1.085e-06 6.1253e+08
1.086e-06 6.1115e+08
1.087e-06 5.9556e+08
1.088e-06 6.0277e+08
1.089e-06 6.0129e+08
1.09e-06 6.0456e+08
1.091e-06 6.0591e+08
1.092e-06 5.9859e+08
1.093e-06 5.8996e+08
1.094e-06 5.6286e+08
1.095e-06 5.8303e+08
1.096e-06 5.8387e+08
1.097e-06 5.8548e+08
1.098e-06 5.7764e+08
1.099e-06 5.9005e+08
1.1e-06 5.9128e+08
1.101e-06 5.8776e+08
1.102e-06 5.7838e+08
1.103e-06 5.8765e+08
1.104e-06 5.8724e+08
1.105e-06 5.8491e+08
1.106e-06 5.847e+08
1.107e-06 5.841e+08
1.108e-06 5.8278e+08
1.109e-06 5.8302e+08
1.11e-06 5.8162e+08
1.111e-06 5.7864e+08
1.112e-06 5.7696e+08
1.113e-06 5.7563e+08
1.114e-06 5.7764e+08
1.115e-06 5.7431e+08
1.116e-06 5.7447e+08
1.117e-06 5.7539e+08
1.118e-06 5.7257e+08
1.119e-06 5.6833e+08
1.12e-06 5.6771e+08
1.121e-06 5.6696e+08
1.122e-06 5.682e+08
1.123e-06 5.6747e+08
1.124e-06 5.6551e+08
1.125e-06 5.5385e+08
1.126e-06 5.5577e+08
1.127e-06 5.6009e+08
1.128e-06 5.6033e+08
1.129e-06 5.5596e+08
1.13e-06 5.538e+08
1.131e-06 5.5621e+08
1.132e-06 5.5544e+08
1.133e-06 5.5026e+08
1.134e-06 5.5295e+08
1.135e-06 5.5454e+08
1.136e-06 5.5299e+08
1.137e-06 5.4994e+08
1.138e-06 5.4404e+08
1.139e-06 5.428e+08
1.14e-06 5.4041e+08
1.141e-06 5.3717e+08
1.142e-06 5.4308e+08
1.143e-06 5.4212e+08
1.144e-06 5.3905e+08
1.145e-06 5.4283e+08
1.146e-06 5.4293e+08
1.147e-06 5.4245e+08
1.148e-06 5.3975e+08
1.149e-06 5.3837e+08
1.15e-06 5.3801e+08
1.151e-06 5.3753e+08
1.152e-06 5.3535e+08
1.153e-06 5.3416e+08
1.154e-06 5.3502e+08
1.155e-06 5.3382e+08
1.156e-06 5.3199e+08
1.157e-06 5.3177e+08
1.158e-06 5.3025e+08
1.159e-06 5.2272e+08
1.16e-06 5.2134e+08
1.161e-06 5.1456e+08
1.162e-06 5.2197e+08
1.163e-06 5.2529e+08
1.164e-06 5.172e+08
1.165e-06 5.2054e+08
1.166e-06 5.1738e+08
1.167e-06 5.1789e+08
1.168e-06 5.2055e+08
1.169e-06 5.1255e+08
1.17e-06 5.163e+08
1.171e-06 5.1897e+08
1.172e-06 5.179e+08
1.173e-06 5.1618e+08
1.174e-06 5.1385e+08
1.175e-06 5.0654e+08
1.176e-06 5.0851e+08
1.177e-06 5.1036e+08
1.178e-06 5.0576e+08
1.179e-06 5.0891e+08
1.18e-06 5.1007e+08
1.181e-06 5.0726e+08
1.182e-06 5.0452e+08
1.183e-06 4.9189e+08
1.184e-06 5.0068e+08
1.185e-06 5.0433e+08
1.186e-06 5.027e+08
1.187e-06 5.0462e+08
1.188e-06 4.945e+08
1.189e-06 4.8898e+08
1.19e-06 4.9639e+08
1.191e-06 5.0049e+08
1.192e-06 4.9861e+08
1.193e-06 4.9758e+08
1.194e-06 4.9735e+08
1.195e-06 4.9282e+08
1.196e-06 4.9149e+08
1.197e-06 4.8732e+08
1.198e-06 4.7823e+08
1.199e-06 4.7297e+08
1.2e-06 4.8711e+08
1.201e-06 4.912e+08
1.202e-06 4.8894e+08
1.203e-06 4.7733e+08
1.204e-06 4.7637e+08
1.205e-06 4.8562e+08
1.206e-06 4.8532e+08
1.207e-06 4.8618e+08
1.208e-06 4.7442e+08
1.209e-06 4.6692e+08
1.21e-06 4.7706e+08
1.211e-06 4.744e+08
1.212e-06 4.7958e+08
1.213e-06 4.7992e+08
1.214e-06 4.7901e+08
1.215e-06 4.7994e+08
1.216e-06 4.7896e+08
1.217e-06 4.7784e+08
1.218e-06 4.7661e+08
1.219e-06 4.7449e+08
1.22e-06 4.7494e+08
1.221e-06 4.7405e+08
1.222e-06 4.7202e+08
1.223e-06 4.7102e+08
1.224e-06 4.7092e+08
1.225e-06 4.6966e+08
1.226e-06 4.6963e+08
1.227e-06 4.6392e+08
1.228e-06 4.6629e+08
1.229e-06 4.6821e+08
1.23e-06 4.651e+08
1.231e-06 4.6465e+08
1.232e-06 4.6249e+08
1.233e-06 4.6369e+08
1.234e-06 4.6258e+08
1.235e-06 4.602e+08
1.236e-06 4.6044e+08
1.237e-06 4.6146e+08
1.238e-06 4.6139e+08
1.239e-06 4.5692e+08
1.24e-06 4.552e+08
1.241e-06 4.5732e+08
1.242e-06 4.5572e+08
1.243e-06 4.5167e+08
1.244e-06 4.5306e+08
1.245e-06 4.5564e+08
1.246e-06 4.5142e+08
1.247e-06 4.5121e+08
1.248e-06 4.5133e+08
1.249e-06 4.512e+08
1.25e-06 4.5052e+08
1.251e-06 4.4773e+08
1.252e-06 4.4513e+08
1.253e-06 4.4466e+08
1.254e-06 4.4513e+08
1.255e-06 4.4428e+08
1.256e-06 4.443e+08
1.257e-06 4.4154e+08
1.258e-06 4.4157e+08
1.259e-06 4.4116e+08
1.26e-06 4.4181e+08
1.261e-06 4.4033e+08
1.262e-06 4.3751e+08
1.263e-06 4.4078e+08
1.264e-06 4.3636e+08
1.265e-06 4.3598e+08
1.266e-06 4.3707e+08
1.267e-06 4.3305e+08
1.268e-06 4.3098e+08
1.269e-06 4.3207e+08
1.27e-06 4.33e+08
1.271e-06 4.3351e+08
1.272e-06 4.3296e+08
1.273e-06 4.313e+08
1.274e-06 4.3011e+08
1.275e-06 4.3037e+08
1.276e-06 4.306e+08
1.277e-06 4.2979e+08
1.278e-06 4.2762e+08
1.279e-06 4.2569e+08
1.28e-06 4.222e+08
1.281e-06 4.0781e+08
1.282e-06 3.8384e+08
1.283e-06 4.028e+08
1.284e-06 4.1832e+08
1.285e-06 4.2069e+08
1.286e-06 4.2139e+08
1.287e-06 4.2229e+08
1.288e-06 4.1976e+08
1.289e-06 4.2176e+08
1.29e-06 4.1763e+08
1.291e-06 4.182e+08
1.292e-06 4.1799e+08
1.293e-06 4.1848e+08
1.294e-06 4.1651e+08
1.295e-06 4.1653e+08
1.296e-06 4.1607e+08
1.297e-06 4.1485e+08
1.298e-06 4.125e+08
1.299e-06 4.144e+08
1.3e-06 4.1308e+08
1.301e-06 4.117e+08
1.302e-06 4.0954e+08
1.303e-06 4.0829e+08
1.304e-06 4.0781e+08
1.305e-06 4.0889e+08
1.306e-06 4.1002e+08
1.307e-06 4.0725e+08
1.308e-06 4.0636e+08
1.309e-06 4.0702e+08
1.31e-06 4.0546e+08
1.311e-06 4.0437e+08
1.312e-06 3.9783e+08
1.313e-06 3.9511e+08
1.314e-06 4.0331e+08
1.315e-06 3.927e+08
1.316e-06 3.9234e+08
1.317e-06 3.9961e+08
1.318e-06 3.9758e+08
1.319e-06 3.9953e+08
1.32e-06 3.9821e+08
1.321e-06 3.9628e+08
1.322e-06 3.958e+08
1.323e-06 3.9542e+08
1.324e-06 3.959e+08
1.325e-06 3.9436e+08
1.326e-06 3.9337e+08
1.327e-06 3.9125e+08
1.328e-06 3.9138e+08
1.329e-06 3.8424e+08
1.33e-06 3.871e+08
1.331e-06 3.8919e+08
1.332e-06 3.8387e+08
1.333e-06 3.8758e+08
1.334e-06 3.8914e+08
1.335e-06 3.8742e+08
1.336e-06 3.8625e+08
1.337e-06 3.8592e+08
1.338e-06 3.8354e+08
1.339e-06 3.7935e+08
1.34e-06 3.7877e+08
1.341e-06 3.8208e+08
1.342e-06 3.8165e+08
1.343e-06 3.8143e+08
1.344e-06 3.8148e+08
1.345e-06 3.8035e+08
1.346e-06 3.7841e+08
1.347e-06 3.7876e+08
1.348e-06 3.7865e+08
1.349e-06 3.7704e+08
1.35e-06 3.7284e+08
1.351e-06 3.7466e+08
1.352e-06 3.7625e+08
1.353e-06 3.7545e+08
1.354e-06 3.7428e+08
1.355e-06 3.6881e+08
1.356e-06 3.6801e+08
1.357e-06 3.6614e+08
1.358e-06 3.7101e+08
1.359e-06 3.7039e+08
1.36e-06 3.6557e+08
1.361e-06 3.6961e+08
1.362e-06 3.6991e+08
1.363e-06 3.637e+08
1.364e-06 3.6674e+08
1.365e-06 3.6706e+08
1.366e-06 3.6678e+08
1.367e-06 3.6357e+08
1.368e-06 3.6317e+08
1.369e-06 3.5927e+08
1.37e-06 3.5882e+08
1.371e-06 3.5916e+08
1.372e-06 3.6275e+08
1.373e-06 3.6291e+08
1.374e-06 3.6173e+08
1.375e-06 3.5699e+08
1.376e-06 3.5433e+08
1.377e-06 3.5766e+08
1.378e-06 3.5869e+08
1.379e-06 3.6063e+08
1.38e-06 3.5841e+08
1.381e-06 3.5782e+08
1.382e-06 3.5433e+08
1.383e-06 3.5569e+08
1.384e-06 3.5627e+08
1.385e-06 3.5465e+08
1.386e-06 3.5514e+08
1.387e-06 3.5373e+08
1.388e-06 3.5425e+08
1.389e-06 3.5348e+08
1.39e-06 3.4988e+08
1.391e-06 3.5231e+08
1.392e-06 3.5306e+08
1.393e-06 3.5135e+08
1.394e-06 3.4922e+08
1.395e-06 3.4856e+08
1.396e-06 3.4939e+08
1.397e-06 3.4975e+08
1.398e-06 3.4929e+08
1.399e-06 3.4708e+08
1.4e-06 3.4125e+08
1.401e-06 3.4205e+08
1.402e-06 3.4479e+08
1.403e-06 3.4323e+08
1.404e-06 3.4291e+08
1.405e-06 3.4234e+08
1.406e-06 3.4257e+08
1.407e-06 3.4197e+08
1.408e-06 3.4236e+08
1.409e-06 3.4257e+08
1.41e-06 3.4164e+08
1.411e-06 3.3677e+08
1.412e-06 3.3103e+08
1.413e-06 3.3487e+08
1.414e-06 3.3783e+08
1.415e-06 3.3835e+08
1.416e-06 3.3766e+08
1.417e-06 3.3755e+08
1.418e-06 3.3757e+08
1.419e-06 3.3504e+08
1.42e-06 3.3398e+08
1.421e-06 3.3355e+08
1.422e-06 3.2841e+08
1.423e-06 3.2967e+08
1.424e-06 3.2978e+08
1.425e-06 3.3044e+08
1.426e-06 3.2409e+08
1.427e-06 3.2592e+08
1.428e-06 3.2876e+08
1.429e-06 3.2273e+08
1.43e-06 3.2296e+08
1.431e-06 3.2653e+08
1.432e-06 3.2931e+08
1.433e-06 3.2908e+08
1.434e-06 3.2621e+08
1.435e-06 3.2772e+08
1.436e-06 3.2731e+08
1.437e-06 3.2665e+08
1.438e-06 3.273e+08
1.439e-06 3.259e+08
1.44e-06 3.1455e+08
1.441e-06 3.1486e+08
1.442e-06 3.1766e+08
1.443e-06 3.1715e+08
1.444e-06 3.187e+08
1.445e-06 3.1971e+08
1.446e-06 3.2091e+08
1.447e-06 3.192e+08
1.448e-06 3.2081e+08
1.449e-06 3.2035e+08
1.45e-06 3.1752e+08
1.451e-06 3.1275e+08
1.452e-06 3.1461e+08
1.453e-06 3.1608e+08
1.454e-06 3.1241e+08
1.455e-06 3.1144e+08
1.456e-06 3.1121e+08
1.457e-06 3.1378e+08
1.458e-06 3.1607e+08
1.459e-06 3.1514e+08
1.46e-06 3.1417e+08
1.461e-06 3.1339e+08
1.462e-06 3.1088e+08
1.463e-06 3.0961e+08
1.464e-06 3.0938e+08
1.465e-06 3.1081e+08
1.466e-06 3.0857e+08
1.467e-06 3.1125e+08
1.468e-06 3.0863e+08
1.469e-06 3.0942e+08
1.47e-06 3.0846e+08
1.471e-06 3.0542e+08
1.472e-06 3.0556e+08
1.473e-06 3.0277e+08
1.474e-06 2.984e+08
1.475e-06 3.0138e+08
1.476e-06 3.0311e+08
1.477e-06 3.0196e+08
1.478e-06 3.0213e+08
1.479e-06 3.0393e+08
1.48e-06 3.0437e+08
1.481e-06 3.0173e+08
1.482e-06 3.0301e+08
1.483e-06 3.0008e+08
1.484e-06 3.0134e+08
1.485e-06 3.0289e+08
1.486e-06 3.0209e+08
1.487e-06 2.9425e+08
1.488e-06 2.7904e+08
1.489e-06 2.9295e+08
1.49e-06 3.0105e+08
1.491e-06 2.9941e+08
1.492e-06 2.9949e+08
1.493e-06 2.9969e+08
1.494e-06 2.9929e+08
1.495e-06 2.9759e+08
1.496e-06 2.9261e+08
1.497e-06 2.963e+08
1.498e-06 2.9679e+08
1.499e-06 2.9698e+08
1.5e-06 2.972e+08
1.501e-06 2.9608e+08
1.502e-06 2.8954e+08
1.503e-06 2.772e+08
1.504e-06 2.779e+08
1.505e-06 2.7312e+08
1.506e-06 2.8182e+08
1.507e-06 2.9033e+08
1.508e-06 2.8874e+08
1.509e-06 2.8828e+08
1.51e-06 2.9217e+08
1.511e-06 2.9199e+08
1.512e-06 2.8912e+08
1.513e-06 2.8547e+08
1.514e-06 2.8504e+08
1.515e-06 2.8697e+08
1.516e-06 2.8632e+08
1.517e-06 2.8555e+08
1.518e-06 2.8736e+08
1.519e-06 2.8552e+08
1.52e-06 2.8605e+08
1.521e-06 2.8032e+08
1.522e-06 2.7847e+08
1.523e-06 2.8208e+08
1.524e-06 2.8214e+08
1.525e-06 2.7926e+08
1.526e-06 2.8414e+08
1.527e-06 2.8319e+08
1.528e-06 2.8294e+08
1.529e-06 2.7996e+08
1.53e-06 2.7125e+08
1.531e-06 2.7914e+08
1.532e-06 2.8091e+08
1.533e-06 2.7867e+08
1.534e-06 2.742e+08
1.535e-06 2.765e+08
1.536e-06 2.7929e+08
1.537e-06 2.7818e+08
1.538e-06 2.7413e+08
1.539e-06 2.7413e+08
1.54e-06 2.6897e+08
1.541e-06 2.7061e+08
1.542e-06 2.7307e+08
1.543e-06 2.7451e+08
1.544e-06 2.7508e+08
1.545e-06 2.7507e+08
1.546e-06 2.7514e+08
1.547e-06 2.7214e+08
1.548e-06 2.6651e+08
1.549e-06 2.6934e+08
1.55e-06 2.6771e+08
1.551e-06 2.6901e+08
1.552e-06 2.7085e+08
1.553e-06 2.6819e+08
1.554e-06 2.6369e+08
1.555e-06 2.6428e+08
1.556e-06 2.6366e+08
1.557e-06 2.6631e+08
1.558e-06 2.665e+08
1.559e-06 2.6477e+08
1.56e-06 2.6411e+08
1.561e-06 2.6681e+08
1.562e-06 2.651e+08
1.563e-06 2.6437e+08
1.564e-06 2.6224e+08
1.565e-06 2.6338e+08
1.566e-06 2.616e+08
1.567e-06 2.6077e+08
1.568e-06 2.5982e+08
1.569e-06 2.5957e+08
1.57e-06 2.5905e+08
1.571e-06 2.6209e+08
1.572e-06 2.6204e+08
1.573e-06 2.5936e+08
1.574e-06 2.5763e+08
1.575e-06 2.4954e+08
1.576e-06 2.5039e+08
1.577e-06 2.4303e+08
1.578e-06 2.5226e+08
1.579e-06 2.5684e+08
1.58e-06 2.5877e+08
1.581e-06 2.5668e+08
1.582e-06 2.5264e+08
1.583e-06 2.5322e+08
1.584e-06 2.5385e+08
1.585e-06 2.5503e+08
1.586e-06 2.541e+08
1.587e-06 2.5107e+08
1.588e-06 2.4395e+08
1.589e-06 2.3543e+08
1.59e-06 2.3681e+08
1.591e-06 2.3997e+08
1.592e-06 2.4946e+08
1.593e-06 2.523e+08
1.594e-06 2.5318e+08
1.595e-06 2.5147e+08
1.596e-06 2.4639e+08
1.597e-06 2.4804e+08
1.598e-06 2.5141e+08
1.599e-06 2.4812e+08
1.6e-06 2.4798e+08
1.601e-06 2.4542e+08
1.602e-06 2.4539e+08
1.603e-06 2.4657e+08
1.604e-06 2.4635e+08
1.605e-06 2.453e+08
1.606e-06 2.4513e+08
1.607e-06 2.4432e+08
1.608e-06 2.458e+08
1.609e-06 2.4244e+08
1.61e-06 2.3527e+08
1.611e-06 2.3729e+08
1.612e-06 2.4033e+08
1.613e-06 2.4163e+08
1.614e-06 2.4173e+08
1.615e-06 2.3863e+08
1.616e-06 2.3319e+08
1.617e-06 2.3662e+08
1.618e-06 2.4025e+08
1.619e-06 2.3993e+08
1.62e-06 2.3396e+08
1.621e-06 2.336e+08
1.622e-06 2.3661e+08
1.623e-06 2.3948e+08
1.624e-06 2.4064e+08
1.625e-06 2.3794e+08
1.626e-06 2.3817e+08
1.627e-06 2.3937e+08
1.628e-06 2.3997e+08
1.629e-06 2.3936e+08
1.63e-06 2.3588e+08
1.631e-06 2.3677e+08
1.632e-06 2.3576e+08
1.633e-06 2.3387e+08
1.634e-06 2.3234e+08
1.635e-06 2.3457e+08
1.636e-06 2.3247e+08
1.637e-06 2.2865e+08
1.638e-06 2.2424e+08
1.639e-06 2.2129e+08
1.64e-06 2.2378e+08
1.641e-06 2.2265e+08
1.642e-06 2.2338e+08
1.643e-06 2.2554e+08
1.644e-06 2.2477e+08
1.645e-06 2.2531e+08
1.646e-06 2.2676e+08
1.647e-06 2.2767e+08
1.648e-06 2.2678e+08
1.649e-06 2.2538e+08
1.65e-06 2.2637e+08
1.651e-06 2.2426e+08
1.652e-06 2.2508e+08
1.653e-06 2.2501e+08
1.654e-06 2.2563e+08
1.655e-06 2.2451e+08
1.656e-06 2.2573e+08
1.657e-06 2.2549e+08
1.658e-06 2.2506e+08
1.659e-06 2.2396e+08
1.66e-06 2.2302e+08
1.661e-06 2.2384e+08
1.662e-06 2.2309e+08
1.663e-06 2.2162e+08
1.664e-06 2.2109e+08
1.665e-06 2.2e+08
1.666e-06 2.1895e+08
1.667e-06 2.2034e+08
1.668e-06 2.1608e+08
1.669e-06 2.1845e+08
1.67e-06 2.2099e+08
1.671e-06 2.1848e+08
1.672e-06 2.1338e+08
1.673e-06 2.1472e+08
1.674e-06 2.173e+08
1.675e-06 2.1353e+08
1.676e-06 2.1237e+08
1.677e-06 2.1373e+08
1.678e-06 2.1325e+08
1.679e-06 2.0998e+08
1.68e-06 2.0449e+08
1.681e-06 1.9847e+08
1.682e-06 2.0208e+08
1.683e-06 2.0701e+08
1.684e-06 2.1039e+08
1.685e-06 2.1104e+08
1.686e-06 2.0897e+08
1.687e-06 2.0883e+08
1.688e-06 2.0869e+08
1.689e-06 2.0819e+08
1.69e-06 2.0729e+08
1.691e-06 2.0944e+08
1.692e-06 2.1026e+08
1.693e-06 2.0952e+08
1.694e-06 2.0897e+08
1.695e-06 2.0867e+08
1.696e-06 2.0815e+08
1.697e-06 2.0765e+08
1.698e-06 2.0736e+08
1.699e-06 2.0643e+08
1.7e-06 2.0479e+08
1.701e-06 2.0441e+08
1.702e-06 2.0227e+08
1.703e-06 2.0211e+08
1.704e-06 2.0408e+08
1.705e-06 2.0429e+08
1.71e-06 1.9809e+08
1.715e-06 1.9997e+08
1.72e-06 1.972e+08
1.725e-06 1.9382e+08
1.73e-06 1.9297e+08
1.735e-06 1.8326e+08
1.74e-06 1.8485e+08
1.745e-06 1.865e+08
1.75e-06 1.8489e+08
1.755e-06 1.8491e+08
1.76e-06 1.8231e+08
1.765e-06 1.808e+08
1.77e-06 1.7877e+08
1.775e-06 1.7705e+08
1.78e-06 1.7501e+08
1.785e-06 1.7317e+08
1.79e-06 1.7235e+08
1.795e-06 1.7046e+08
1.8e-06 1.6898e+08
1.805e-06 1.6674e+08
1.81e-06 1.6619e+08
1.815e-06 1.5958e+08
1.82e-06 1.547e+08
1.825e-06 1.601e+08
1.83e-06 1.5962e+08
1.835e-06 1.5754e+08
1.84e-06 1.5531e+08
1.845e-06 1.5246e+08
1.85e-06 1.5264e+08
1.855e-06 1.5125e+08
1.86e-06 1.4884e+08
1.865e-06 1.4755e+08
1.87e-06 1.4626e+08
1.875e-06 1.3541e+08
1.88e-06 1.4266e+08
1.885e-06 1.4305e+08
1.89e-06 1.4094e+08
1.895e-06 1.3631e+08
1.9e-06 1.3809e+08
1.905e-06 1.3788e+08
1.91e-06 1.3609e+08
1.915e-06 1.3508e+08
1.92e-06 1.3393e+08
1.925e-06 1.3347e+08
1.93e-06 1.3009e+08
1.935e-06 1.3051e+08
1.94e-06 1.2799e+08
1.945e-06 1.2008e+08
1.95e-06 1.2329e+08
1.955e-06 1.2634e+08
1.96e-06 1.2514e+08
1.965e-06 1.2208e+08
1.97e-06 1.2204e+08
1.975e-06 1.2015e+08
1.98e-06 1.1806e+08
1.985e-06 1.1788e+08
1.99e-06 1.1902e+08
1.995e-06 1.1523e+08
2e-06 1.1505e+08
2.005e-06 1.1366e+08
2.01e-06 1.1463e+08
2.015e-06 1.1405e+08
2.02e-06 1.1062e+08
2.025e-06 1.1056e+08
2.03e-06 1.0824e+08
2.035e-06 1.0786e+08
2.04e-06 1.0694e+08
2.045e-06 1.0758e+08
2.05e-06 1.0568e+08
2.055e-06 1.0407e+08
2.06e-06 1.0251e+08
2.065e-06 1.0187e+08
2.07e-06 1.0076e+08
2.075e-06 1.0128e+08
2.08e-06 9.9115e+07
2.085e-06 9.828e+07
2.09e-06 9.8002e+07
2.095e-06 9.6222e+07
2.1e-06 9.6018e+07
2.105e-06 9.648e+07
2.11e-06 9.4918e+07
2.115e-06 9.4156e+07
2.12e-06 9.255e+07
2.125e-06 9.2089e+07
2.13e-06 9.2556e+07
2.135e-06 9.107e+07
2.14e-06 9.1366e+07
2.145e-06 9.0191e+07
2.15e-06 8.9653e+07
2.155e-06 8.91e+07
2.16e-06 8.7365e+07
2.165e-06 8.1981e+07
2.17e-06 8.3926e+07
2.175e-06 8.5133e+07
2.18e-06 8.3862e+07
2.185e-06 8.4069e+07
2.19e-06 8.249e+07
2.195e-06 8.2982e+07
2.2e-06 8.1857e+07
2.205e-06 8.0391e+07
2.21e-06 7.9872e+07
2.215e-06 7.9548e+07
2.22e-06 7.9182e+07
2.225e-06 7.8357e+07
2.23e-06 7.7586e+07
2.235e-06 7.7401e+07
2.24e-06 7.5896e+07
2.245e-06 7.5585e+07
2.25e-06 7.4831e+07
2.255e-06 7.3874e+07
2.26e-06 7.3595e+07
2.265e-06 7.2822e+07
2.27e-06 7.2595e+07
2.275e-06 7.207e+07
2.28e-06 7.102e+07
2.285e-06 7.0529e+07
2.29e-06 7.0351e+07
2.295e-06 6.8661e+07
2.3e-06 6.8746e+07
2.305e-06 6.8604e+07
2.31e-06 6.8104e+07
2.315e-06 6.7385e+07
2.32e-06 6.6683e+07
2.325e-06 6.584e+07
2.33e-06 6.5509e+07
2.335e-06 6.478e+07
2.34e-06 6.4465e+07
2.345e-06 6.4301e+07
2.35e-06 6.3407e+07
2.355e-06 6.2547e+07
2.36e-06 6.247e+07
2.365e-06 6.2397e+07
2.37e-06 6.1739e+07
2.375e-06 6.0981e+07
2.38e-06 6.1188e+07
2.385e-06 5.9299e+07
2.39e-06 5.9953e+07
2.395e-06 5.9327e+07
2.4e-06 5.8928e+07
2.405e-06 5.8652e+07
2.41e-06 5.8253e+07
2.415e-06 5.6019e+07
2.42e-06 5.6772e+07
2.425e-06 5.6517e+07
2.43e-06 5.6411e+07
2.435e-06 5.563e+07
2.44e-06 5.5474e+07
2.445e-06 5.4745e+07
2.45e-06 5.3816e+07
2.455e-06 5.3319e+07
2.46e-06 5.3491e+07
2.465e-06 5.3505e+07
2.47e-06 5.26e+07
2.475e-06 5.2571e+07
2.48e-06 5.1237e+07
2.485e-06 5.1007e+07
2.49e-06 5.1332e+07
2.495e-06 5.1032e+07
2.5e-06 5.1127e+07
2.505e-06 5.0744e+07
2.51e-06 5.0021e+07
2.515e-06 4.9738e+07
2.52e-06 4.9492e+07
2.525e-06 4.9202e+07
2.53e-06 4.8859e+07
2.535e-06 4.822e+07
2.54e-06 4.7647e+07
2.545e-06 4.7448e+07
2.55e-06 4.7175e+07
2.555e-06 4.677e+07
2.56e-06 4.6205e+07
2.565e-06 4.6136e+07
2.57e-06 4.5635e+07
2.575e-06 4.5543e+07
2.58e-06 4.5071e+07
2.585e-06 4.4023e+07
2.59e-06 4.45e+07
2.595e-06 4.4007e+07
2.6e-06 4.3837e+07
2.605e-06 4.3844e+07
2.61e-06 4.3583e+07
2.615e-06 4.3143e+07
2.62e-06 4.2388e+07
2.625e-06 4.011e+07
2.63e-06 4.1309e+07
2.635e-06 4.1591e+07
2.64e-06 4.0911e+07
2.645e-06 4.1338e+07
2.65e-06 4.1133e+07
2.655e-06 4.0603e+07
2.66e-06 4.0517e+07
2.665e-06 3.9581e+07
2.67e-06 3.9814e+07
2.675e-06 3.9465e+07
2.68e-06 3.9137e+07
2.685e-06 3.8993e+07
2.69e-06 3.8723e+07
2.695e-06 3.8547e+07
2.7e-06 3.8378e+07
2.705e-06 3.8084e+07
2.71e-06 3.7931e+07
2.715e-06 3.7577e+07
2.72e-06 3.7303e+07
2.725e-06 3.7161e+07
2.73e-06 3.6798e+07
2.735e-06 3.6599e+07
2.74e-06 3.6399e+07
2.745e-06 3.6116e+07
2.75e-06 3.5812e+07
2.755e-06 3.5367e+07
2.76e-06 3.4938e+07
2.765e-06 3.508e+07
2.77e-06 3.4844e+07
2.775e-06 3.4675e+07
2.78e-06 3.4518e+07
2.785e-06 3.4285e+07
2.79e-06 3.4035e+07
2.795e-06 3.3815e+07
2.8e-06 3.3549e+07
2.805e-06 3.3423e+07
2.81e-06 3.3137e+07
2.815e-06 3.2907e+07
2.82e-06 3.2696e+07
2.825e-06 3.2586e+07
2.83e-06 3.2261e+07
2.835e-06 3.2076e+07
2.84e-06 3.1885e+07
2.845e-06 3.1711e+07
2.85e-06 3.1478e+07
2.855e-06 3.118e+07
2.86e-06 3.0981e+07
2.865e-06 3.0743e+07
2.87e-06 3.0274e+07
2.875e-06 3.0047e+07
2.88e-06 3.0115e+07
2.885e-06 2.9976e+07
2.89e-06 2.9876e+07
2.895e-06 2.9616e+07
2.9e-06 2.9396e+07
2.905e-06 2.9203e+07
2.91e-06 2.9039e+07
2.915e-06 2.8822e+07
2.92e-06 2.8636e+07
2.925e-06 2.8487e+07
2.93e-06 2.8231e+07
2.935e-06 2.811e+07
2.94e-06 2.7913e+07
2.945e-06 2.7682e+07
2.95e-06 2.7533e+07
2.955e-06 2.7402e+07
2.96e-06 2.7235e+07
2.965e-06 2.7074e+07
2.97e-06 2.6912e+07
2.975e-06 2.6743e+07
2.98e-06 2.6542e+07
2.985e-06 2.6383e+07
2.99e-06 2.6209e+07
2.995e-06 2.6132e+07
3e-06 2.5924e+07
3.005e-06 2.5869e+07
3.01e-06 2.5705e+07
3.015e-06 2.5503e+07
3.02e-06 2.5347e+07
3.025e-06 2.5198e+07
3.03e-06 2.5004e+07
3.035e-06 2.4637e+07
3.04e-06 2.42e+07
3.045e-06 2.4423e+07
3.05e-06 2.438e+07
3.055e-06 2.4221e+07
3.06e-06 2.413e+07
3.065e-06 2.3911e+07
3.07e-06 2.3812e+07
3.075e-06 2.3718e+07
3.08e-06 2.3529e+07
3.085e-06 2.335e+07
3.09e-06 2.3251e+07
3.095e-06 2.3102e+07
3.1e-06 2.2943e+07
3.105e-06 2.2827e+07
3.11e-06 2.2664e+07
3.115e-06 2.2267e+07
3.12e-06 2.2356e+07
3.125e-06 2.2247e+07
3.13e-06 2.2115e+07
3.135e-06 2.2039e+07
3.14e-06 2.1899e+07
3.145e-06 2.1737e+07
3.15e-06 2.1507e+07
3.155e-06 2.1452e+07
3.16e-06 2.1346e+07
3.165e-06 2.1214e+07
3.17e-06 2.1045e+07
3.175e-06 2.101e+07
3.18e-06 2.0831e+07
3.185e-06 2.072e+07
3.19e-06 2.0621e+07
3.195e-06 2.0518e+07
3.2e-06 2.0325e+07
3.205e-06 2.026e+07
3.21e-06 2.0131e+07
3.215e-06 1.9982e+07
3.22e-06 1.9912e+07
3.225e-06 1.9783e+07
3.23e-06 1.9674e+07
3.235e-06 1.9535e+07
3.24e-06 1.94e+07
3.245e-06 1.9276e+07
3.25e-06 1.9237e+07
3.255e-06 1.9097e+07
3.26e-06 1.8978e+07
3.265e-06 1.8832e+07
3.27e-06 1.874e+07
3.275e-06 1.864e+07
3.28e-06 1.8501e+07
3.285e-06 1.8349e+07
3.29e-06 1.8228e+07
3.295e-06 1.7836e+07
3.3e-06 1.7811e+07
3.305e-06 1.7908e+07
3.31e-06 1.7855e+07
3.315e-06 1.7736e+07
3.32e-06 1.7403e+07
3.325e-06 1.7547e+07
3.33e-06 1.7468e+07
3.335e-06 1.7362e+07
3.34e-06 1.7269e+07
3.345e-06 1.7214e+07
3.35e-06 1.709e+07
3.355e-06 1.7001e+07
3.36e-06 1.6931e+07
3.365e-06 1.6782e+07
3.37e-06 1.6638e+07
3.375e-06 1.6603e+07
3.38e-06 1.6514e+07
3.385e-06 1.6434e+07
3.39e-06 1.6348e+07
3.395e-06 1.6156e+07
3.4e-06 1.5938e+07
3.405e-06 1.6022e+07
3.41e-06 1.5948e+07
3.415e-06 1.5799e+07
3.42e-06 1.5762e+07
3.425e-06 1.5689e+07
3.43e-06 1.56e+07
3.435e-06 1.554e+07
3.44e-06 1.5454e+07
3.445e-06 1.5391e+07
3.45e-06 1.5312e+07
3.455e-06 1.5212e+07
3.46e-06 1.5143e+07
3.465e-06 1.5053e+07
3.47e-06 1.4944e+07
3.475e-06 1.486e+07
3.48e-06 1.4805e+07
3.485e-06 1.4725e+07
3.49e-06 1.4636e+07
3.495e-06 1.4547e+07
3.5e-06 1.4487e+07
3.505e-06 1.4417e+07
3.51e-06 1.4338e+07
3.515e-06 1.4249e+07
3.52e-06 1.4169e+07
3.525e-06 1.409e+07
3.53e-06 1.402e+07
3.535e-06 1.3911e+07
3.54e-06 1.3841e+07
3.545e-06 1.3811e+07
3.55e-06 1.3737e+07
3.555e-06 1.3603e+07
3.56e-06 1.3523e+07
3.565e-06 1.3503e+07
3.57e-06 1.3404e+07
3.575e-06 1.3349e+07
3.58e-06 1.3255e+07
3.585e-06 1.3195e+07
3.59e-06 1.3151e+07
3.595e-06 1.3056e+07
3.6e-06 1.2987e+07
3.605e-06 1.2947e+07
3.61e-06 1.2861e+07
3.615e-06 1.2818e+07
3.62e-06 1.2758e+07
3.625e-06 1.2659e+07
3.63e-06 1.2609e+07
3.635e-06 1.2539e+07
3.64e-06 1.246e+07
3.645e-06 1.2354e+07
3.65e-06 1.2291e+07
3.655e-06 1.2187e+07
3.66e-06 1.2162e+07
3.665e-06 1.2099e+07
3.67e-06 1.2048e+07
3.675e-06 1.1968e+07
3.68e-06 1.1814e+07
3.685e-06 1.1804e+07
3.69e-06 1.1778e+07
3.695e-06 1.1635e+07
3.7e-06 1.1461e+07
3.705e-06 1.1516e+07
3.71e-06 1.1456e+07
3.715e-06 1.1437e+07
3.72e-06 1.1427e+07
3.725e-06 1.1367e+07
3.73e-06 1.1294e+07
3.735e-06 1.1153e+07
3.74e-06 1.0875e+07
3.745e-06 1.086e+07
3.75e-06 1.097e+07
3.755e-06 1.094e+07
3.76e-06 1.093e+07
3.765e-06 1.0883e+07
3.77e-06 1.086e+07
3.775e-06 1.0756e+07
3.78e-06 1.0731e+07
3.785e-06 1.0671e+07
3.79e-06 1.0612e+07
3.795e-06 1.0562e+07
3.8e-06 1.0522e+07
3.805e-06 1.0469e+07
3.81e-06 1.0423e+07
3.815e-06 1.0363e+07
3.82e-06 1.0334e+07
3.825e-06 1.0287e+07
3.83e-06 1.0254e+07
3.835e-06 1.017e+07
3.84e-06 1.0145e+07
3.845e-06 1.0089e+07
3.85e-06 1.0065e+07
3.855e-06 9.9826e+06
3.86e-06 9.9273e+06
3.865e-06 9.8587e+06
3.87e-06 9.8195e+06
3.875e-06 9.7822e+06
3.88e-06 9.7544e+06
3.885e-06 9.6605e+06
3.89e-06 9.6466e+06
3.895e-06 9.5735e+06
3.9e-06 9.5388e+06
3.905e-06 9.5169e+06
3.91e-06 9.4642e+06
3.915e-06 9.429e+06
3.92e-06 9.3659e+06
3.925e-06 9.34e+06
3.93e-06 9.2731e+06
3.935e-06 9.2327e+06
3.94e-06 9.186e+06
3.945e-06 9.1413e+06
3.95e-06 9.0628e+06
3.955e-06 9.0047e+06
3.96e-06 8.9688e+06
3.965e-06 8.9635e+06
3.97e-06 8.8962e+06
3.975e-06 8.873e+06
3.98e-06 8.8239e+06
3.985e-06 8.7523e+06
3.99e-06 8.6952e+06
3.995e-06 8.6395e+06
4e-06 8.6162e+06
4.02e-06 7.9458e+06
4.04e-06 7.7864e+06
4.06e-06 7.63e+06
4.08e-06 7.4785e+06
4.1e-06 7.3301e+06
4.12e-06 7.1866e+06
4.14e-06 7.0451e+06
4.16e-06 6.9076e+06
4.18e-06 6.7731e+06
4.2e-06 6.6426e+06
4.22e-06 6.5141e+06
4.24e-06 6.3895e+06
4.26e-06 6.267e+06
4.28e-06 6.1484e+06
4.3e-06 6.0318e+06
4.32e-06 5.9193e+06
4.34e-06 5.8077e+06
4.36e-06 5.7001e+06
4.38e-06 5.5935e+06
4.4e-06 5.4908e+06
4.42e-06 5.3892e+06
4.44e-06 5.2916e+06
4.46e-06 5.1949e+06
4.48e-06 5.1003e+06
4.5e-06 5.0076e+06
4.52e-06 4.9179e+06
4.54e-06 4.8293e+06
4.56e-06 4.7436e+06
4.58e-06 4.6599e+06
4.6e-06 4.5772e+06
4.62e-06 4.4965e+06
4.64e-06 4.4178e+06
4.66e-06 4.3401e+06
4.68e-06 4.2653e+06
4.7e-06 4.1916e+06
4.72e-06 4.1189e+06
4.74e-06 4.0491e+06
4.76e-06 3.9794e+06
4.78e-06 3.9116e+06
4.8e-06 3.8449e+06
4.82e-06 3.7801e+06
4.84e-06 3.7173e+06
4.86e-06 3.6546e+06
4.88e-06 3.5938e+06
4.9e-06 3.534e+06
4.92e-06 3.4752e+06
4.94e-06 3.4184e+06
4.96e-06 3.3626e+06
4.98e-06 3.3078e+06
5e-06 3.254e+06
5.05e-06 3.1853e+06
5.1e-06 3.0667e+06
5.15e-06 2.9532e+06
5.2e-06 2.8436e+06
5.25e-06 2.7409e+06
5.3e-06 2.6423e+06
5.35e-06 2.5486e+06
5.4e-06 2.458e+06
5.45e-06 2.3713e+06
5.5e-06 2.2896e+06
5.55e-06 2.2099e+06
5.6e-06 2.1352e+06
5.65e-06 2.0634e+06
5.7e-06 1.9937e+06
5.75e-06 1.9279e+06
5.8e-06 1.8642e+06
5.85e-06 1.8034e+06
5.9e-06 1.7446e+06
5.95e-06 1.6888e+06
6e-06 1.635e+06
6.05e-06 1.5832e+06
6.1e-06 1.5334e+06
6.15e-06 1.4855e+06
6.2e-06 1.4397e+06
6.25e-06 1.3959e+06
6.3e-06 1.353e+06
6.35e-06 1.3132e+06
6.4e-06 1.2733e+06
6.45e-06 1.2365e+06
6.5e-06 1.1996e+06
6.55e-06 1.1637e+06
6.6e-06 1.1298e+06
6.65e-06 1.098e+06
6.7e-06 1.0661e+06
6.75e-06 1.0362e+06
6.8e-06 1.0073e+06
6.85e-06 978900
6.9e-06 951700
6.95e-06 925600
7e-06 900290
7.05e-06 875780
7.1e-06 852170
7.15e-06 829350
7.2e-06 807230
7.25e-06 785910
7.3e-06 765290
7.35e-06 745360
7.4e-06 726030
7.45e-06 707400
7.5e-06 689270
7.55e-06 671830
7.6e-06 654790
7.65e-06 638360
7.7e-06 622510
7.75e-06 607170
7.8e-06 592220
7.85e-06 577780
7.9e-06 563730
7.95e-06 550180
8e-06 536930
8.05e-06 524170
8.1e-06 511820
8.15e-06 499660
8.2e-06 488010
8.25e-06 476650
8.3e-06 465590
8.35e-06 454930
8.4e-06 444570
8.45e-06 434500
8.5e-06 424740
8.55e-06 415080
8.6e-06 405810
8.65e-06 396840
8.7e-06 388070
8.75e-06 379510
8.8e-06 371340
8.85e-06 363270
8.9e-06 355390
8.95e-06 347820
9e-06 340450
9.05e-06 333180
9.1e-06 326100
9.15e-06 319330
9.2e-06 312650
9.25e-06 306180
9.3e-06 299900
9.35e-06 293720
9.4e-06 287640
9.45e-06 281860
9.5e-06 276090
9.55e-06 270610
9.6e-06 265130
9.65e-06 259850
9.7e-06 254760
9.75e-06 249780
9.8e-06 244800
9.85e-06 240120
9.9e-06 235440
9.95e-06 230850
1e-05 226370
1.1e-05 153440
1.2e-05 108100
1.3e-05 78272
1.4e-05 58097
1.5e-05 44018
1.6e-05 33886
1.7e-05 26562
1.8e-05 21122
1.9e-05 16988
2e-05 13799
2.5e-05 5678.1
3e-05 2749.9
3.5e-05 1482.6
4e-05 873.79
5e-05 359.48
6e-05 173.66
8e-05 55.187
0.0001 22.717
0.00012 10.98
0.00015 4.5144
0.0002 1.4357
0.00025 0.58943
0.0003 0.27688
0.0004 0.094792
0.001 0.0031723
