# AccuRT configuration file for the user_specified material #
PROFILE_LABEL = layer_numbering #
MATERIAL_PROFILE = 1 1  2 1   #
TURN_OFF_DELTA_FIT = true #

WAVELENGTHS = 300 322.413793103 344.827586207 367.24137931 389.655172414 412.068965517 434.482758621 456.896551724 479.310344828 501.724137931 524.137931034 546.551724138 568.965517241 591.379310345 613.793103448 636.206896552 658.620689655 681.034482759 703.448275862 725.862068966 748.275862069 770.689655172 793.103448276 815.517241379 837.931034483 860.344827586 882.75862069 905.172413793 927.586206897 950 #

REFRACTIVE_INDICES = 1.36636504278 1.36090573314 1.35670798505 1.35339904736 1.35073226074 1.34854006245 1.34670591566 1.34514703303 1.3438034565 1.34263098754 1.34159651012 1.34067483519 1.33984653307 1.33909641967 1.33841248301 1.33778511126 1.3372065301 1.33667038772 1.33617144502 1.33570534201 1.33526841963 1.33485758273 1.33447019366 1.3341039888 1.33375701279 1.33342756604 1.33311416267 1.33281549659 1.33253041381 1.33225788984 #

A_1_1 = 0.00078638191562 #
S_1_1 = 0.00493956102646 #
P_1_1 = 1 0.0411547347132 0.123195226982 0.0265611157437 0.0212530084981 0.0171272644879 0.0136929430825 0.0110725622813 0.00884399164938 0.00718526771694 0.00572344473979 0.0046725507142 0.00369332176536 0.00302373072657 0.00234695796813 0.00190012064818 0.0014208878719 0.000960571934041 0.000677411273991  #

A_1_2 = 0.00015824583267 #
S_1_2 = 0.00368059780206 #
P_1_2 = 1 0.0531430231911 0.131108484962 0.03388752232 0.0269699300465 0.0216079454417 0.0171970355102 0.0138327502116 0.0110086561497 0.00889987727434 0.00706825607475 0.00574013125631 0.00452329842141 0.00367735373232 0.00284038718112 0.0022749335045 0.00168331875213 0.00112507427065 0.000775412227274  #

A_1_3 = 8.60398706009e-05 #
S_1_3 = 0.00283159140821 #
P_1_3 = 1 0.0664495217065 0.139723682929 0.0417957086336 0.0330639097949 0.0263260127878 0.0208502084465 0.0166820973917 0.0132275298703 0.010643692729 0.00842956803721 0.00681294556954 0.0053539513168 0.00432502628032 0.00332578651845 0.00263692529342 0.0019315280243 0.00127661028372 0.000859479915142  #

A_1_4 = 8.0316695916e-05 #
S_1_4 = 0.00223914067742 #
P_1_4 = 1 0.0809140262167 0.148899970166 0.0501501288989 0.0394219842696 0.031191842404 0.024583486813 0.0195694886497 0.0154633361939 0.0123905584657 0.00978911759646 0.00787896773052 0.00617735088652 0.00496223012548 0.0038007147713 0.0029855910627 0.00216614428341 0.00141629926863 0.000931318735128  #

A_1_5 = 0.000141518051347 #
S_1_5 = 0.00181368456614 #
P_1_5 = 1 0.0963560943092 0.158491646988 0.0588162528275 0.0459379433188 0.0361254512196 0.0283383565539 0.0224537211017 0.0176874332019 0.0141213571075 0.0111340934273 0.00893018321745 0.00698839761415 0.00558633580053 0.00426393052338 0.00332111768729 0.0023881432155 0.00154539313186 0.00099262282441  #

A_1_6 = 0.000198864969749 #
S_1_6 = 0.00150055168627 #
P_1_6 = 1 0.112581877372 0.168353316898 0.0676646937601 0.0525147016583 0.0410572261534 0.0320662137535 0.0253020241639 0.0198778474747 0.0158218445898 0.0124550601269 0.00996070790838 0.00778325526528 0.00619532210611 0.0047144228668 0.00364364514214 0.00259832820529 0.00166494488521 0.00104485403763  #

A_1_7 = 0.000310000835643 #
S_1_7 = 0.00126510744069 #
P_1_7 = 1 0.1293918174 0.178343743865 0.0765733005385 0.0590641653286 0.0459261745251 0.0357256385003 0.0280868398874 0.022016001325 0.0174795739164 0.0137432774766 0.0109645388108 0.00855756797218 0.00678638697819 0.00515039007959 0.00395251937997 0.00279682490192 0.00177550018899 0.00108905867663  #

A_1_8 = 0.000714940695089 #
S_1_8 = 0.00108469710871 #
P_1_8 = 1 0.146586324585 0.188333631092 0.0854351564974 0.0655144998865 0.0506864145734 0.0392880617995 0.0307909387151 0.0240912791429 0.0190881266998 0.0149945102366 0.0119390735436 0.00930954569604 0.00735870203922 0.0055715190806 0.0042482009544 0.00298452316596 0.00187806317399 0.0011265092071  #

A_1_9 = 0.000968962804042 #
S_1_9 = 0.00094410410855 #
P_1_9 = 1 0.163973466124 0.198205529234 0.0941553687863 0.0718040801121 0.055299622357 0.0427299143223 0.0333998405508 0.0260942145143 0.0206410965941 0.0162039457792 0.0128807858998 0.0100364330887 0.00791046440987 0.00597665735924 0.00453038208214 0.00316168085908 0.00197316988417 0.0011580925112  #

A_1_10 = 0.00220996843063 #
S_1_10 = 0.000832862186153 #
P_1_10 = 1 0.181374052837 0.207857433383 0.102653910546 0.0778833104967 0.0597363144065 0.0460337086429 0.0359029886659 0.0280177838532 0.022133526646 0.0173676447771 0.0137866560209 0.0107357967589 0.00844004600435 0.00636475032596 0.00479875549147 0.00332849457261 0.00206126681574 0.00118456596129  #

A_1_11 = 0.0035351484108 #
S_1_11 = 0.000743621562798 #
P_1_11 = 1 0.198625682933 0.217204131306 0.11086592303 0.0837139557293 0.0639747819343 0.049186985877 0.0382929482006 0.0298569236524 0.0235617144757 0.0184825453344 0.0146542891199 0.0114056817594 0.00894614565347 0.00673496072277 0.00505310039221 0.00348515436748 0.00214274286928 0.00120657974085  #

A_1_12 = 0.00515334456046 #
S_1_12 = 0.000671124756188 #
P_1_12 = 1 0.215585475727 0.226177583245 0.118741336686 0.0892682114821 0.0680000545237 0.0521814180734 0.0405647661294 0.0316081559642 0.0249230600128 0.0195464573849 0.0154819933313 0.012044716068 0.00942789215396 0.00708675016585 0.00529334398991 0.00363188590201 0.00221795649252 0.00122469757614  #

A_1_13 = 0.00708054637381 #
S_1_13 = 0.000611548292742 #
P_1_13 = 1 0.232131660136 0.234726472677 0.126243932271 0.0945275835048 0.0718029180879 0.0550120605779 0.042715460792 0.0332692664758 0.0262158826474 0.0205579673712 0.0162687410145 0.0126521003634 0.0098848524993 0.00741989380822 0.00551958276843 0.00376897285692 0.00228725551053 0.00123941510728  #

A_1_14 = 0.0153616832778 #
S_1_14 = 0.000562069654903 #
P_1_14 = 1 0.248164016805 0.242815067761 0.133349973247 0.0994816587924 0.0753790251844 0.0576767745458 0.0447436656082 0.0348390709566 0.0274392511673 0.0215162969127 0.0170140519808 0.0132275133546 0.0103169670888 0.00773444228153 0.00573207181006 0.0038967637346 0.0023509912575 0.00125117665904  #

A_1_15 = 0.0194550685783 #
S_1_15 = 0.00052057524167 #
P_1_15 = 1 0.263602960832 0.250421606368 0.140046644507 0.104126989546 0.078728274501 0.0601759706833 0.0466495811082 0.0363174397335 0.0285930103044 0.0224212994658 0.0177179693133 0.0137710773001 0.0107245259984 0.00803071284123 0.0059312368776 0.00401569562172 0.00240954396816 0.00126039861463  #

A_1_16 = 0.025019372451 #
S_1_16 = 0.000485461206781 #
P_1_16 = 1 0.278388184877 0.257536514093 0.146330434735 0.108465997171 0.0818542226238 0.0625123797754 0.0484349416993 0.0377053288616 0.0296778036995 0.0232734462466 0.0183810140449 0.0142832958592 0.0111081100042 0.00830924379825 0.00611764907271 0.00412628579159 0.00246332464401 0.00126747672468  #

A_1_17 = 0.0346654846031 #
S_1_17 = 0.000455499468084 #
P_1_17 = 1 0.292478140457 0.264160385082 0.15220515815 0.112505299859 0.0847628000882 0.0646900989454 0.0501022797585 0.039004176 0.0306945370498 0.0240733381729 0.0190037356105 0.0147646563345 0.0114682472128 0.00857051869977 0.00629181260792 0.00422898576447 0.00251268780537 0.00127274146856  #

A_1_18 = 0.033531430432 #
S_1_18 = 0.000429735536584 #
P_1_18 = 1 0.305846586136 0.270302086811 0.157680632485 0.11625522738 0.0874623871774 0.0667149866529 0.0516554776257 0.0402164849295 0.0316449360844 0.0248221954231 0.0195871296791 0.0152159672648 0.0118056853472 0.00881517360661 0.00645432386565 0.00432429382286 0.00255800303531 0.00127650309596  #

A_1_19 = 0.0624649617529 #
S_1_19 = 0.000407423461948 #
P_1_19 = 1 0.318481684184 0.275976756506 0.162770816611 0.119728215237 0.0899624830909 0.0685935763716 0.0530988679682 0.0413450759948 0.0325309102516 0.0255213211315 0.0201321804428 0.0156379758516 0.0121210705451 0.00904373980347 0.00660566912805 0.00441261140297 0.00259956580241 0.00127900477063  #

A_1_20 = 0.152453511944 #
S_1_20 = 0.000387976891787 #
P_1_20 = 1 0.33038397792 0.281203768819 0.167492119155 0.122937524616 0.092272735834 0.0703323317984 0.0544366506948 0.0423926242506 0.0333541859435 0.0261718119425 0.0206396320477 0.0160311878132 0.0124148049089 0.00925653313807 0.00674614131041 0.00449418638684 0.00263756417571 0.00128040968125  #

A_1_21 = 0.163704671726 #
S_1_21 = 0.000370918515712 #
P_1_21 = 1 0.341560951705 0.286006619434 0.171864269193 0.125899248995 0.0944054074349 0.0719401875278 0.0556753555345 0.0433639309042 0.0341183713186 0.0267763743969 0.0211115745575 0.0163971983507 0.0126881520147 0.00945452003983 0.0068765034673 0.00456957366829 0.00267236017839 0.00128095397827  #

A_1_22 = 0.17616553146 #
S_1_22 = 0.000355855278072 #
P_1_22 = 1 0.352026555903 0.290412383872 0.175909907764 0.128632013238 0.0963751125589 0.0734283155993 0.0568236303637 0.0442657396164 0.0348288020978 0.027339204416 0.0215513500926 0.01673862219 0.0129431812693 0.00963927434769 0.00699795193038 0.00463960589532 0.00270446882529 0.0012809312394  #

A_1_23 = 0.165356500808 #
S_1_23 = 0.000342486912059 #
P_1_23 = 1 0.361805464993 0.294446739317 0.17964876238 0.131149998273 0.0981916553482 0.07480329728 0.0578859147334 0.0451010602384 0.0354875127887 0.027861654764 0.0219598510979 0.0170560349853 0.0131802680199 0.0098110376462 0.00711065017309 0.00470438894303 0.00273395426672 0.00128038308558  #

A_1_24 = 0.228743327031 #
S_1_24 = 0.00033057071571 #
P_1_24 = 1 0.370926263477 0.298134703763 0.183099595762 0.133466216329 0.0998637666749 0.0760708449583 0.058865971158 0.0458723786187 0.0360961214319 0.0283447487956 0.0223377006946 0.0173497957389 0.0133996072708 0.00996990801643 0.00721464513108 0.00476394239342 0.00276082401102 0.00127931515849  #

A_1_25 = 0.279949013496 #
S_1_25 = 0.000319900593382 #
P_1_25 = 1 0.379418713841 0.301501812962 0.186281919147 0.135594789841 0.101401498893 0.0772380944436 0.0597690037875 0.0465835528517 0.0366575111095 0.0287906342951 0.0226865016092 0.0176210849249 0.0136020671789 0.0101165055783 0.0073103721238 0.00481854632203 0.00278523759936 0.00127780366865  #

A_1_26 = 0.305867385987 #
S_1_26 = 0.000310297891528 #
P_1_26 = 1 0.387313537122 0.304574497093 0.189216459037 0.13755145084 0.102816679845 0.0783139990087 0.060601992084 0.047240093831 0.0371760662827 0.0292027820517 0.0230090017425 0.0178720403452 0.0137892977496 0.0102520559153 0.00739871502702 0.00486878012693 0.00280752785298 0.00127600236313  #

A_1_27 = 0.392888337934 #
S_1_27 = 0.000301613127154 #
P_1_27 = 1 0.394643205934 0.307378425183 0.19192331161 0.139351367768 0.104120689749 0.0793072080676 0.0613717187184 0.0478473892203 0.0376560946953 0.0295846216259 0.0233079260561 0.0181047901055 0.0139629408588 0.0103777777551 0.00748054550483 0.00491520861951 0.002828013568 0.00127404849861  #

A_1_28 = 0.593112580461 #
S_1_28 = 0.00029373132231 #
P_1_28 = 1 0.401441808095 0.309935453128 0.194418724947 0.141005629253 0.105321009208 0.0802228453003 0.0620818218413 0.0484080749161 0.0380995114729 0.0299375485978 0.0235842803116 0.0183200528056 0.0141234943286 0.0104940066111 0.00755607119278 0.00495794391639 0.0028467429007 0.00127194217497  #

A_1_29 = 1.36638215545 #
S_1_29 = 0.00028662361521 #
P_1_29 = 1 0.407745199184 0.312247343843 0.196697624335 0.142502179076 0.106402582258 0.0810451823966 0.0627170143266 0.0489080118257 0.0384935164069 0.0302503408342 0.0238283558769 0.0185097210498 0.014264298575 0.0105955571857 0.00762138877699 0.00499433027206 0.00286213891572 0.00126891335322  #

A_1_30 = 3.20676421098 #
S_1_30 = 0.000280229965875 #
P_1_30 = 1 0.413581257303 0.314323245599 0.198764251139 0.143840576925 0.107362425645 0.0817700846355 0.0632727902413 0.049342762081 0.0388339277805 0.0305192309398 0.0240368324017 0.0186709834666 0.0143830258092 0.0106806068448 0.00767512687319 0.00502343722515 0.00287365330954 0.00126470405761  #

A_2_1 = 0.00407529488074 #
S_2_1 = 0.0261203850229 #
P_2_1 = 1 0.0989505903229 0.165783445812 0.0693954933052 0.0579125850002 0.048653408653 0.0405053868137 0.0340220613302 0.0281818671819 0.0236145314258 0.0193671129269 0.0161211840285 0.0129753762848 0.0106465008984 0.00827430631142 0.00655626719621 0.00477301265418 0.00312153796164 0.00204069378599  #

A_2_2 = 0.00106653609338 #
S_2_2 = 0.0196750887141 #
P_2_2 = 1 0.131237292713 0.189424439739 0.0923865904574 0.0772490398046 0.0649190906919 0.0541099304745 0.0453935592121 0.0375989847814 0.0313954421174 0.0256987527693 0.0212454435434 0.0170170489443 0.0137964895143 0.0106178752512 0.00824985556448 0.00588709745533 0.00376499947768 0.00235608913891  #

A_2_3 = 0.000863545575142 #
S_2_3 = 0.015359148825 #
P_2_3 = 1 0.167624815295 0.216053204802 0.118245375285 0.0989699938936 0.0831356828132 0.0693083714066 0.0580340334541 0.0480221493599 0.0399395789334 0.0326030246938 0.026764103332 0.0213209285224 0.0170842770228 0.0130171709698 0.00992457579545 0.00694463354063 0.00434330578731 0.00260059075936  #

A_2_4 = 0.00119308600992 #
S_2_4 = 0.0123676335894 #
P_2_4 = 1 0.207328528145 0.2450820664 0.146394722906 0.122578629224 0.102877884341 0.0857348381279 0.0716320079385 0.0591852087331 0.0490235916775 0.0398924155781 0.0325246918767 0.0257640044349 0.0204165523354 0.0154037248332 0.0115368859255 0.00792251865362 0.00484813521793 0.00277880238632  #

A_2_5 = 0.00174340594874 #
S_2_5 = 0.0102339393502 #
P_2_5 = 1 0.249397870562 0.275807806488 0.176150234105 0.147493943748 0.123656156264 0.102975742812 0.0858425839859 0.0708001961773 0.058412234291 0.0473751522216 0.0383767239863 0.0302294413473 0.0237091354255 0.0177192266325 0.013053313791 0.00880596296559 0.00527689251339 0.00289831431365  #

A_2_6 = 0.00268093955599 #
S_2_6 = 0.0086748632523 #
P_2_6 = 1 0.292797137118 0.307469716497 0.206775408836 0.173096282557 0.144953556401 0.120599639589 0.100310765052 0.0825755314012 0.0678716605 0.05486480808 0.0441776810052 0.0346100273643 0.026887878119 0.0199149210045 0.0144483820162 0.00958588842624 0.00563029309231 0.00296744550865  #

A_2_7 = 0.00418013079273 #
S_2_7 = 0.00751182183609 #
P_2_7 = 1 0.336493566835 0.33931014167 0.237538006183 0.198772074389 0.166260819837 0.138184572012 0.114692211671 0.0942315230413 0.0771804118705 0.0621878077304 0.0497975210873 0.0388105218332 0.029889190096 0.0219510318329 0.0157032138052 0.0102573339341 0.00591099353759 0.00299419265252  #

A_2_8 = 0.0088172902391 #
S_2_8 = 0.00662841190337 #
P_2_8 = 1 0.379542298133 0.370644663532 0.267781512236 0.223977644824 0.187132647072 0.15536692382 0.128695029323 0.105535354569 0.086158166035 0.0692063806662 0.0551365479492 0.0427609889058 0.0326696193609 0.0238031874828 0.0168095926622 0.0108217564445 0.00612472183869 0.00298679170484  #

A_2_9 = 0.0120254817453 #
S_2_9 = 0.00594666563237 #
P_2_9 = 1 0.421141551248 0.400891997626 0.296948604255 0.248252396883 0.207193235811 0.171841732322 0.142076393029 0.116295469349 0.0946586508081 0.075810902581 0.0601175501759 0.0464093372325 0.0351989428101 0.0254564925504 0.0177650453832 0.0112834093846 0.0062779714742 0.00295249601341  #

A_2_10 = 0.0224172074804 #
S_2_10 = 0.00541307109691 #
P_2_10 = 1 0.460668220257 0.42960216964 0.324609205178 0.27124292646 0.226156722442 0.187379704348 0.154656585471 0.126372868308 0.102578576987 0.0819266538916 0.0646907537131 0.0497246766835 0.037462324056 0.0269067241088 0.0185734725782 0.0116496489987 0.00637816368638 0.00289782520685  #

A_2_11 = 0.040411441326 #
S_2_11 = 0.00499011296931 #
P_2_11 = 1 0.497685667433 0.456461575214 0.350464879217 0.292705870282 0.24382865294 0.201827527577 0.166318467946 0.135679963807 0.109856102131 0.0875120094267 0.0688318882087 0.052695341217 0.0394584381466 0.0281586479778 0.0192438008948 0.0119300068673 0.00643313322752 0.00282847246283  #

A_2_12 = 0.0533764533077 #
S_2_12 = 0.00465099170401 #
P_2_12 = 1 0.531931482839 0.481283603507 0.374339469577 0.312499533837 0.260098370478 0.215100832601 0.177001029123 0.144174699088 0.11646559117 0.0925538119558 0.0725382117116 0.0553255140579 0.0411967313746 0.029223871508 0.0197884618168 0.0121352539344 0.00645067056833 0.00274926718173  #

A_2_13 = 0.0697586488409 #
S_2_13 = 0.00437624299589 #
P_2_13 = 1 0.563292684313 0.503990191757 0.396161104764 0.330568535503 0.274925846225 0.227172764198 0.186689472559 0.151851943232 0.12241026335 0.0970611502705 0.0758233961737 0.057631103893 0.0426942600249 0.0301185227598 0.020221864776 0.0122765365018 0.00643814591949 0.00266418393614  #

A_2_14 = 0.142963119838 #
S_2_14 = 0.0041515205469 #
P_2_14 = 1 0.591775042764 0.524589253655 0.415940345971 0.346925446697 0.288326271795 0.238060952512 0.195404194884 0.158734131863 0.127714339315 0.101058826817 0.0787122543788 0.0596355883007 0.0439725968725 0.0308610646656 0.0205590325663 0.012364656777 0.00640223305452 0.00257638893131  #

A_2_15 = 0.265702420408 #
S_2_15 = 0.00396609635032 #
P_2_15 = 1 0.61747144668 0.543151857259 0.433748319406 0.361632734943 0.300355225884 0.247815276866 0.203190698483 0.164862901436 0.132416165592 0.104581735101 0.0812362776035 0.0613665570492 0.0450553213025 0.0314705763669 0.0208145854826 0.0124095834464 0.00634875984443 0.0024883240567  #

A_2_16 = 0.309309191435 #
S_2_16 = 0.00381184031928 #
P_2_16 = 1 0.640533850445 0.559791971224 0.449697306092 0.37478676294 0.311095606679 0.256507209506 0.210110951007 0.170292064211 0.136562561664 0.107670331278 0.083430115839 0.062853041831 0.0459661298936 0.0319654991268 0.0210020391671 0.0124201457112 0.00628264405995 0.00240179963711  #

A_2_17 = 0.400927008095 #
S_2_17 = 0.00368256075488 #
P_2_17 = 1 0.661151342508 0.574649606569 0.463924121615 0.386503565515 0.320645654448 0.264219841519 0.216235205956 0.175080959757 0.140203514195 0.110366455295 0.0853283935775 0.064123159283 0.0467272068091 0.0323625829203 0.021133227776 0.012403787549 0.00620784329145 0.00231806292871  #

A_2_18 = 0.476748477253 #
S_2_18 = 0.00357345354419 #
P_2_18 = 1 0.679530214321 0.587877508692 0.476577859882 0.39690934697 0.329111723369 0.271042467092 0.221638065326 0.179291645923 0.143390265239 0.112712066889 0.086964957551 0.0652037049162 0.0473590953312 0.0326769204679 0.0212184624752 0.0123667647561 0.00612753162368 0.0022379489437  #

A_2_19 = 0.679495642441 #
S_2_19 = 0.00348079660856 #
P_2_19 = 1 0.695881882614 0.599631313145 0.487809946532 0.406131705329 0.336600730836 0.277064236415 0.226393302258 0.182984784467 0.146172159802 0.114746905703 0.0883712295516 0.066119049598 0.0478800312916 0.032921589601 0.02126639892 0.0123141393907 0.00604414672465 0.00216194549123  #

A_2_20 = 1.5187511717 #
S_2_20 = 0.0034017099827 #
P_2_20 = 1 0.710413366119 0.610062194914 0.497766881635 0.414293416402 0.343214957473 0.282369907592 0.230570516063 0.186217097215 0.148594815941 0.116507244713 0.0895754418667 0.0668907275105 0.0483057959577 0.0331076646713 0.0212841463065 0.0122499135111 0.00595950327219 0.00209027582692  #

A_2_21 = 2.55821205529 #
S_2_21 = 0.00333380019959 #
P_2_21 = 1 0.723318866284 0.619314364599 0.506589441389 0.421513639867 0.349054496189 0.28704294995 0.234238514189 0.18904472361 0.150703293139 0.118028723998 0.0906050917678 0.0675394595511 0.0486513361703 0.0332454369863 0.0212781529671 0.0121776111981 0.00587512966351 0.00202306611697  #

A_2_22 = 2.48152198389 #
S_2_22 = 0.00327503981049 #
P_2_22 = 1 0.734778357243 0.627523589373 0.514411028579 0.427906287777 0.354215717004 0.291164164863 0.237464135638 0.191522267491 0.152541367399 0.11934583631 0.0914866114953 0.0680849690219 0.0489306893158 0.0333444092618 0.021254239748 0.0121003218119 0.00579230381385 0.00196036537153  #

A_2_23 = 2.06062120795 #
S_2_23 = 0.00322402147098 #
P_2_23 = 1 0.744958874315 0.634810212659 0.521347448452 0.433567496956 0.35877792653 0.294798616329 0.240300150867 0.19369211974 0.154142477001 0.120484562955 0.0922396040204 0.0685416761016 0.0491539097013 0.033411236707 0.021216305601 0.0120199673154 0.00571169274339 0.0019019996759  #

A_2_24 = 2.30571853976 #
S_2_24 = 0.00317964324036 #
P_2_24 = 1 0.754009997823 0.641281064487 0.527501073098 0.438581768453 0.362810469075 0.298002935513 0.242792290707 0.195590868932 0.155535354166 0.12146712409 0.0928807288094 0.0689217447307 0.0493293809949 0.0334513861837 0.0211674650065 0.0119380094629 0.00563373842195 0.00184774639294  #

A_2_25 = 3.43381556192 #
S_2_25 = 0.00314092855591 #
P_2_25 = 1 0.76206423156 0.647032408297 0.532964852567 0.443026645308 0.366377585914 0.300830015496 0.244983564561 0.197253108747 0.156747270396 0.122314646992 0.093425827479 0.0692367097916 0.0494650169433 0.0334699750556 0.021110603138 0.0118557820834 0.00555883118272 0.00179740406404  #

A_2_26 = 4.90248608935 #
S_2_26 = 0.00310697090441 #
P_2_26 = 1 0.769239177254 0.65215174779 0.537824142235 0.446974324319 0.369539801293 0.303330176698 0.2469152172 0.198712207358 0.157804640412 0.123047630504 0.0938902712245 0.0694977310172 0.0495684398137 0.033471892101 0.0210484516279 0.0117745333068 0.00548732929964 0.00175079474623  #

A_2_27 = 5.92390563664 #
S_2_27 = 0.00307700808292 #
P_2_27 = 1 0.775639337377 0.656716768983 0.542154646996 0.450488752621 0.372350636365 0.305547838426 0.248623579188 0.199997486282 0.158730601985 0.123683960464 0.094287397329 0.0697144213701 0.0496461423207 0.0334612370838 0.0209832364102 0.0116952260789 0.00541946021797 0.00170772100751  #

A_2_28 = 7.10926199351 #
S_2_28 = 0.00305054134963 #
P_2_28 = 1 0.781356462239 0.660792468673 0.546018313803 0.453620676027 0.374851399403 0.307516465203 0.250135432287 0.201130167614 0.159541613871 0.124236173335 0.0946263976586 0.0698932972687 0.0497024075428 0.0334406190116 0.020916254511 0.0116183103121 0.00535521493381 0.00166792518371  #

A_2_29 = 16.3930590549 #
S_2_29 = 0.00302808725167 #
P_2_29 = 1 0.786464381304 0.664410849699 0.549436664513 0.456377340379 0.377040256495 0.309229101095 0.25144131342 0.202100220924 0.160228134182 0.124695969541 0.0949003904358 0.0700290174465 0.049733187909 0.0334071553794 0.020845443889 0.0115424037917 0.00529373243316 0.00163086439465  #

A_2_30 = 36.6417373275 #
S_2_30 = 0.00300963550841 #
P_2_30 = 1 0.791026424909 0.667609388362 0.552442199816 0.458781667233 0.378933155805 0.310696790597 0.252548768244 0.202912823789 0.160793652683 0.125065731444 0.0951109226027 0.0701225802329 0.0497390065938 0.0333610587157 0.0207707273214 0.0114672788501 0.00523474388147 0.00159625868979  #

