/*
From CIE's open access data sets: CIE 2006, CIE 2006 LMS cone
fundamentals for 2° field size in terms of energy, International
Commission on Illumination (CIE), Vienna, Austria, DOI:
10.25039/CIE.DS.tijidesg
    
Original data have been extrapolated and interpolated with cubic
splines on log-transformed values to 1 nm spectral resolution.

Column 1: Wavelength [nm]
Column 2: Long-wavelength cones
Column 3: Medium-wavelength cones
Column 4: Short-wavelength cones
*/

370  1.0522e-05  1.1218e-05  4.2413e-04
371  1.2221e-05  1.2686e-05  4.7052e-04
372  1.4282e-05  1.4468e-05  5.2615e-04
373  1.6786e-05  1.6633e-05  5.9279e-04
374  1.9833e-05  1.9266e-05  6.7263e-04
375  2.3548e-05  2.2472e-05  7.6835e-04
376  2.8083e-05  2.6380e-05  8.8322e-04
377  3.3625e-05  3.1154e-05  1.0213e-03
378  4.0407e-05  3.6991e-05  1.1873e-03
379  4.8709e-05  4.4139e-05  1.3874e-03
380  5.8878e-05  5.2901e-05  1.6287e-03
381  7.1334e-05  6.3649e-05  1.9201e-03
382  8.6589e-05  7.6841e-05  2.2723e-03
383  1.0526e-04  9.3034e-05  2.6983e-03
384  1.2809e-04  1.1291e-04  3.2137e-03
385  1.5596e-04  1.3728e-04  3.8375e-03
386  1.8993e-04  1.6713e-04  4.5924e-03
387  2.3125e-04  2.0365e-04  5.5055e-03
388  2.8137e-04  2.4822e-04  6.6091e-03
389  3.4197e-04  3.0248e-04  7.9414e-03
390  4.1500e-04  3.6835e-04  9.5473e-03
391  5.0265e-04  4.4801e-04  1.1479e-02
392  6.0736e-04  5.4396e-04  1.3798e-02
393  7.3184e-04  6.5898e-04  1.6574e-02
394  8.7900e-04  7.9611e-04  1.9887e-02
395  1.0519e-03  9.5865e-04  2.3825e-02
396  1.2537e-03  1.1500e-03  2.8488e-02
397  1.4876e-03  1.3737e-03  3.3983e-02
398  1.7563e-03  1.6330e-03  4.0427e-02
399  2.0626e-03  1.9309e-03  4.7942e-02
400  2.4084e-03  2.2699e-03  5.6650e-02
401  2.7952e-03  2.6521e-03  6.6676e-02
402  3.2264e-03  3.0811e-03  7.8148e-02
403  3.7062e-03  3.5616e-03  9.1192e-02
404  4.2397e-03  4.0990e-03  1.0593e-01
405  4.8334e-03  4.7001e-03  1.2245e-01
406  5.4933e-03  5.3719e-03  1.4084e-01
407  6.2193e-03  6.1176e-03  1.6114e-01
408  7.0063e-03  6.9380e-03  1.8332e-01
409  7.8450e-03  7.8314e-03  2.0733e-01
410  8.7213e-03  8.7937e-03  2.3301e-01
411  9.6188e-03  9.8186e-03  2.6018e-01
412  1.0532e-02  1.0904e-02  2.8872e-01
413  1.1462e-02  1.2051e-02  3.1851e-01
414  1.2411e-02  1.3258e-02  3.4943e-01
415  1.3384e-02  1.4528e-02  3.8136e-01
416  1.4387e-02  1.5860e-02  4.1414e-01
417  1.5412e-02  1.7250e-02  4.4735e-01
418  1.6442e-02  1.8688e-02  4.8044e-01
419  1.7461e-02  2.0164e-02  5.1276e-01
420  1.8448e-02  2.1665e-02  5.4361e-01
421  1.9385e-02  2.3180e-02  5.7240e-01
422  2.0281e-02  2.4714e-02  5.9928e-01
423  2.1155e-02  2.6278e-02  6.2479e-01
424  2.2029e-02  2.7890e-02  6.4958e-01
425  2.2932e-02  2.9571e-02  6.7448e-01
426  2.3890e-02  3.1344e-02  7.0019e-01
427  2.4903e-02  3.3215e-02  7.2646e-01
428  2.5963e-02  3.5189e-02  7.5272e-01
429  2.7062e-02  3.7268e-02  7.7833e-01
430  2.8188e-02  3.9457e-02  8.0255e-01
431  2.9330e-02  4.1755e-02  8.2481e-01
432  3.0490e-02  4.4155e-02  8.4541e-01
433  3.1669e-02  4.6644e-02  8.6495e-01
434  3.2873e-02  4.9205e-02  8.8409e-01
435  3.4105e-02  5.1820e-02  9.0357e-01
436  3.5367e-02  5.4465e-02  9.2384e-01
437  3.6640e-02  5.7114e-02  9.4405e-01
438  3.7899e-02  5.9737e-02  9.6291e-01
439  3.9115e-02  6.2304e-02  9.7905e-01
440  4.0256e-02  6.4778e-02  9.9101e-01
441  4.1299e-02  6.7133e-02  9.9776e-01
442  4.2258e-02  6.9384e-02  9.9998e-01
443  4.3162e-02  7.1565e-02  9.9886e-01
444  4.4044e-02  7.3716e-02  9.9563e-01
445  4.4938e-02  7.5880e-02  9.9152e-01
446  4.5873e-02  7.8097e-02  9.8738e-01
447  4.6846e-02  8.0353e-02  9.8262e-01
448  4.7845e-02  8.2619e-02  9.7630e-01
449  4.8856e-02  8.4864e-02  9.6751e-01
450  4.9864e-02  8.7052e-02  9.5539e-01
451  5.0862e-02  8.9164e-02  9.3949e-01
452  5.1873e-02  9.1252e-02  9.2080e-01
453  5.2932e-02  9.3395e-02  9.0059e-01
454  5.4074e-02  9.5677e-02  8.8004e-01
455  5.5341e-02  9.8193e-02  8.6024e-01
456  5.6773e-02  1.0103e-01  8.4203e-01
457  5.8397e-02  1.0423e-01  8.2557e-01
458  6.0240e-02  1.0781e-01  8.1086e-01
459  6.2334e-02  1.1182e-01  7.9790e-01
460  6.4716e-02  1.1627e-01  7.8670e-01
461  6.7413e-02  1.2121e-01  7.7712e-01
462  7.0404e-02  1.2657e-01  7.6836e-01
463  7.3649e-02  1.3231e-01  7.5953e-01
464  7.7098e-02  1.3833e-01  7.4977e-01
465  8.0690e-02  1.4454e-01  7.3826e-01
466  8.4362e-02  1.5083e-01  7.2438e-01
467  8.8092e-02  1.5715e-01  7.0810e-01
468  9.1864e-02  1.6346e-01  6.8956e-01
469  9.5665e-02  1.6972e-01  6.6892e-01
470  9.9476e-02  1.7589e-01  6.4635e-01
471  1.0329e-01  1.8194e-01  6.2211e-01
472  1.0710e-01  1.8787e-01  5.9659e-01
473  1.1095e-01  1.9373e-01  5.7022e-01
474  1.1484e-01  1.9956e-01  5.4338e-01
475  1.1880e-01  2.0540e-01  5.1642e-01
476  1.2286e-01  2.1130e-01  4.8965e-01
477  1.2702e-01  2.1728e-01  4.6341e-01
478  1.3129e-01  2.2335e-01  4.3797e-01
479  1.3567e-01  2.2950e-01  4.1355e-01
480  1.4015e-01  2.3575e-01  3.9034e-01
481  1.4473e-01  2.4211e-01  3.6840e-01
482  1.4942e-01  2.4855e-01  3.4758e-01
483  1.5419e-01  2.5504e-01  3.2772e-01
484  1.5904e-01  2.6156e-01  3.0868e-01
485  1.6395e-01  2.6806e-01  2.9032e-01
486  1.6893e-01  2.7456e-01  2.7263e-01
487  1.7407e-01  2.8118e-01  2.5577e-01
488  1.7946e-01  2.8810e-01  2.3994e-01
489  1.8524e-01  2.9551e-01  2.2528e-01
490  1.9156e-01  3.0363e-01  2.1187e-01
491  1.9853e-01  3.1265e-01  1.9972e-01
492  2.0618e-01  3.2256e-01  1.8867e-01
493  2.1449e-01  3.3332e-01  1.7855e-01
494  2.2341e-01  3.4484e-01  1.6921e-01
495  2.3293e-01  3.5706e-01  1.6052e-01
496  2.4299e-01  3.6989e-01  1.5237e-01
497  2.5362e-01  3.8335e-01  1.4462e-01
498  2.6481e-01  3.9746e-01  1.3717e-01
499  2.7659e-01  4.1226e-01  1.2994e-01
500  2.8896e-01  4.2776e-01  1.2284e-01
501  3.0194e-01  4.4400e-01  1.1583e-01
502  3.1551e-01  4.6094e-01  1.0892e-01
503  3.2967e-01  4.7856e-01  1.0212e-01
504  3.4442e-01  4.9679e-01  9.5437e-02
505  3.5972e-01  5.1558e-01  8.8896e-02
506  3.7555e-01  5.3487e-01  8.2533e-02
507  3.9189e-01  5.5457e-01  7.6460e-02
508  4.0872e-01  5.7464e-01  7.0776e-02
509  4.2600e-01  5.9498e-01  6.5548e-02
510  4.4368e-01  6.1552e-01  6.0820e-02
511  4.6173e-01  6.3616e-01  5.6592e-02
512  4.8009e-01  6.5687e-01  5.2766e-02
513  4.9871e-01  6.7762e-01  4.9244e-02
514  5.1753e-01  6.9839e-01  4.5947e-02
515  5.3649e-01  7.1915e-01  4.2812e-02
516  5.5549e-01  7.3984e-01  3.9802e-02
517  5.7438e-01  7.6023e-01  3.6923e-02
518  5.9299e-01  7.8003e-01  3.4191e-02
519  6.1113e-01  7.9893e-01  3.1616e-02
520  6.2856e-01  8.1660e-01  2.9203e-02
521  6.4514e-01  8.3277e-01  2.6953e-02
522  6.6091e-01  8.4754e-01  2.4857e-02
523  6.7600e-01  8.6111e-01  2.2904e-02
524  6.9055e-01  8.7369e-01  2.1085e-02
525  7.0473e-01  8.8554e-01  1.9391e-02
526  7.1867e-01  8.9687e-01  1.7814e-02
527  7.3233e-01  9.0763e-01  1.6351e-02
528  7.4561e-01  9.1775e-01  1.4998e-02
529  7.5842e-01  9.2714e-01  1.3750e-02
530  7.7064e-01  9.3569e-01  1.2601e-02
531  7.8222e-01  9.4336e-01  1.1546e-02
532  7.9330e-01  9.5031e-01  1.0577e-02
533  8.0409e-01  9.5673e-01  9.6826e-03
534  8.1482e-01  9.6284e-01  8.8574e-03
535  8.2571e-01  9.6886e-01  8.0945e-03
536  8.3694e-01  9.7492e-01  7.3889e-03
537  8.4835e-01  9.8085e-01  6.7380e-03
538  8.5967e-01  9.8639e-01  6.1394e-03
539  8.7065e-01  9.9127e-01  5.5907e-03
540  8.8101e-01  9.9522e-01  5.0890e-03
541  8.9049e-01  9.9801e-01  4.6312e-03
542  8.9905e-01  9.9960e-01  4.2136e-03
543  9.0667e-01  9.9999e-01  3.8328e-03
544  9.1335e-01  9.9918e-01  3.4856e-03
545  9.1907e-01  9.9719e-01  3.1689e-03
546  9.2390e-01  9.9410e-01  2.8802e-03
547  9.2810e-01  9.9021e-01  2.6170e-03
548  9.3200e-01  9.8586e-01  2.3770e-03
549  9.3592e-01  9.8140e-01  2.1583e-03
550  9.4020e-01  9.7719e-01  1.9589e-03
551  9.4508e-01  9.7344e-01  1.7774e-03
552  9.5037e-01  9.6988e-01  1.6122e-03
553  9.5578e-01  9.6613e-01  1.4621e-03
554  9.6100e-01  9.6182e-01  1.3260e-03
555  9.6574e-01  9.5658e-01  1.2028e-03
556  9.6975e-01  9.5016e-01  1.0912e-03
557  9.7314e-01  9.4276e-01  9.9013e-04
558  9.7610e-01  9.3470e-01  8.9855e-04
559  9.7880e-01  9.2626e-01  8.1552e-04
560  9.8145e-01  9.1774e-01  7.4017e-04
561  9.8419e-01  9.0933e-01  6.7177e-04
562  9.8697e-01  9.0089e-01  6.0969e-04
563  9.8968e-01  8.9220e-01  5.5338e-04
564  9.9222e-01  8.8304e-01  5.0230e-04
565  9.9449e-01  8.7321e-01  4.5599e-04
566  9.9639e-01  8.6257e-01  4.1400e-04
567  9.9790e-01  8.5118e-01  3.7594e-04
568  9.9901e-01  8.3913e-01  3.4144e-04
569  9.9971e-01  8.2654e-01  3.1016e-04
570  1.0000e+00  8.1350e-01  2.8180e-04
571  9.9984e-01  8.0008e-01  2.5608e-04
572  9.9913e-01  7.8616e-01  2.3276e-04
573  9.9773e-01  7.7163e-01  2.1161e-04
574  9.9550e-01  7.5637e-01  1.9243e-04
575  9.9232e-01  7.4029e-01  1.7504e-04
576  9.8815e-01  7.2337e-01  1.5926e-04
577  9.8335e-01  7.0589e-01  1.4494e-04
578  9.7835e-01  6.8819e-01  1.3195e-04
579  9.7357e-01  6.7056e-01  1.2016e-04
580  9.6944e-01  6.5328e-01  1.0945e-04
581  9.6622e-01  6.3653e-01  9.9736e-05
582  9.6364e-01  6.2022e-01  9.0912e-05
583  9.6128e-01  6.0422e-01  8.2897e-05
584  9.5874e-01  5.8838e-01  7.5615e-05
585  9.5561e-01  5.7260e-01  6.8999e-05
586  9.5157e-01  5.5678e-01  6.2984e-05
587  9.4665e-01  5.4089e-01  5.7516e-05
588  9.4096e-01  5.2491e-01  5.2543e-05
589  9.3459e-01  5.0881e-01  4.8019e-05
590  9.2766e-01  4.9260e-01  4.3903e-05
591  9.2025e-01  4.7626e-01  4.0155e-05
592  9.1238e-01  4.5989e-01  3.6743e-05
593  9.0405e-01  4.4355e-01  3.3635e-05
594  8.9524e-01  4.2731e-01  3.0804e-05
595  8.8597e-01  4.1124e-01  2.8223e-05
596  8.7625e-01  3.9539e-01  2.5870e-05
597  8.6612e-01  3.7978e-01  2.3724e-05
598  8.5566e-01  3.6441e-01  2.1765e-05
599  8.4493e-01  3.4929e-01  1.9978e-05
600  8.3399e-01  3.3443e-01  1.8346e-05
601  8.2286e-01  3.1984e-01  1.6855e-05
602  8.1149e-01  3.0556e-01  1.5493e-05
603  7.9980e-01  2.9163e-01  1.4248e-05
604  7.8769e-01  2.7806e-01  1.3109e-05
605  7.7510e-01  2.6487e-01  1.2067e-05
606  7.6200e-01  2.5210e-01  1.1113e-05
607  7.4843e-01  2.3975e-01  1.0240e-05
608  7.3447e-01  2.2782e-01  9.4400e-06
609  7.2021e-01  2.1633e-01  8.7070e-06
610  7.0572e-01  2.0527e-01  8.0349e-06
611  6.9104e-01  1.9465e-01  7.4185e-06
612  6.7621e-01  1.8445e-01  6.8528e-06
613  6.6122e-01  1.7465e-01  6.3335e-06
614  6.4607e-01  1.6526e-01  5.8566e-06
615  6.3077e-01  1.5624e-01  5.4184e-06
616  6.1535e-01  1.4760e-01  5.0156e-06
617  5.9989e-01  1.3933e-01  4.6451e-06
618  5.8449e-01  1.3142e-01  4.3043e-06
619  5.6924e-01  1.2386e-01  3.9906e-06
620  5.5423e-01  1.1664e-01  3.7017e-06
621  5.3948e-01  1.0977e-01  3.4356e-06
622  5.2483e-01  1.0323e-01  3.1903e-06
623  5.1013e-01  9.7020e-02  2.9641e-06
624  4.9521e-01  9.1143e-02  2.7555e-06
625  4.7994e-01  8.5587e-02  2.5629e-06
626  4.6427e-01  8.0343e-02  2.3851e-06
627  4.4834e-01  7.5392e-02  2.2208e-06
628  4.3233e-01  7.0714e-02  2.0690e-06
629  4.1641e-01  6.6293e-02  1.9286e-06
630  4.0071e-01  6.2113e-02  1.7988e-06
631  3.8535e-01  5.8160e-02  1.6787e-06
632  3.7037e-01  5.4428e-02  1.5674e-06
633  3.5579e-01  5.0910e-02  1.4644e-06
634  3.4162e-01  4.7599e-02  1.3689e-06
635  3.2786e-01  4.4488e-02  1.2803e-06
636  3.1454e-01  4.1566e-02  1.1982e-06
637  3.0166e-01  3.8815e-02  1.1220e-06
638  2.8924e-01  3.6218e-02  1.0512e-06
639  2.7728e-01  3.3760e-02  9.8552e-07
640  2.6578e-01  3.1428e-02  9.2445e-07
641  2.5474e-01  2.9218e-02  8.6767e-07
642  2.4406e-01  2.7140e-02  8.1486e-07
643  2.3364e-01  2.5208e-02  7.6571e-07
644  2.2340e-01  2.3429e-02  7.1996e-07
645  2.1328e-01  2.1804e-02  6.7735e-07
646  2.0326e-01  2.0328e-02  6.3764e-07
647  1.9337e-01  1.8978e-02  6.0062e-07
648  1.8369e-01  1.7727e-02  5.6609e-07
649  1.7426e-01  1.6556e-02  5.3387e-07
650  1.6514e-01  1.5448e-02  5.0379e-07
651  1.5635e-01  1.4392e-02  4.7570e-07
652  1.4791e-01  1.3390e-02  4.4945e-07
653  1.3983e-01  1.2441e-02  4.2492e-07
654  1.3211e-01  1.1549e-02  4.0197e-07
655  1.2475e-01  1.0712e-02  3.8050e-07
656  1.1774e-01  9.9300e-03  3.6040e-07
657  1.1108e-01  9.2005e-03  3.4158e-07
658  1.0475e-01  8.5212e-03  3.2394e-07
659  9.8728e-02  7.8894e-03  3.0741e-07
660  9.3008e-02  7.3025e-03  2.9191e-07
661  8.7576e-02  6.7581e-03  2.7737e-07
662  8.2421e-02  6.2547e-03  2.6372e-07
663  7.7532e-02  5.7904e-03  2.5091e-07
664  7.2898e-02  5.3634e-03  2.3887e-07
665  6.8509e-02  4.9718e-03  2.2756e-07
666  6.4355e-02  4.6130e-03  2.1693e-07
667  6.0424e-02  4.2834e-03  2.0693e-07
668  5.6706e-02  3.9794e-03  1.9752e-07
669  5.3190e-02  3.6980e-03  1.8866e-07
670  4.9867e-02  3.4367e-03  1.8032e-07
671  4.6726e-02  3.1933e-03  1.7246e-07
672  4.3760e-02  2.9665e-03  1.6506e-07
673  4.0959e-02  2.7554e-03  1.5808e-07
674  3.8316e-02  2.5590e-03  1.5149e-07
675  3.5823e-02  2.3762e-03  1.4528e-07
676  3.3472e-02  2.2062e-03  1.3942e-07
677  3.1258e-02  2.0481e-03  1.3389e-07
678  2.9175e-02  1.9011e-03  1.2866e-07
679  2.7217e-02  1.7644e-03  1.2373e-07
680  2.5379e-02  1.6373e-03  1.1906e-07
681  2.3654e-02  1.5192e-03  1.1465e-07
682  2.2034e-02  1.4091e-03  1.1048e-07
683  2.0509e-02  1.3065e-03  1.0654e-07
684  1.9074e-02  1.2108e-03  1.0281e-07
685  1.7720e-02  1.1213e-03  9.9279e-08
686  1.6445e-02  1.0376e-03  9.5938e-08
687  1.5251e-02  9.5988e-04  9.2775e-08
688  1.4140e-02  8.8794e-04  8.9780e-08
689  1.3114e-02  8.2172e-04  8.6944e-08
690  1.2170e-02  7.6104e-04  8.4258e-08
691  1.1306e-02  7.0562e-04  8.1714e-08
692  1.0513e-02  6.5487e-04  7.9304e-08
693  9.7812e-03  6.0824e-04  7.7020e-08
694  9.1030e-03  5.6524e-04  7.4857e-08
695  8.4717e-03  5.2546e-04  7.2808e-08
696  7.8823e-03  4.8855e-04  7.0867e-08
697  7.3322e-03  4.5428e-04  6.9029e-08
698  6.8193e-03  4.2244e-04  6.7287e-08
699  6.3418e-03  3.9284e-04  6.5639e-08
700  5.8975e-03  3.6532e-04  6.4078e-08
701  5.4845e-03  3.3971e-04  6.2601e-08
702  5.0998e-03  3.1586e-04  6.2601e-08
703  4.7409e-03  2.9361e-04  6.2601e-08
704  4.4054e-03  2.7284e-04  6.2601e-08
705  4.0913e-03  2.5342e-04  6.2601e-08
706  3.7970e-03  2.3527e-04  6.2601e-08
707  3.5219e-03  2.1833e-04  6.2601e-08
708  3.2652e-03  2.0257e-04  6.2601e-08
709  3.0263e-03  1.8795e-04  6.2601e-08
710  2.8045e-03  1.7440e-04  6.2601e-08
711  2.5988e-03  1.6188e-04  6.2601e-08
712  2.4085e-03  1.5030e-04  6.2601e-08
713  2.2326e-03  1.3961e-04  6.2601e-08
714  2.0702e-03  1.2973e-04  6.2601e-08
715  1.9206e-03  1.2061e-04  6.2601e-08
716  1.7827e-03  1.1218e-04  6.2601e-08
717  1.6554e-03  1.0437e-04  6.2601e-08
718  1.5376e-03  9.7139e-05  6.2601e-08
719  1.4284e-03  9.0421e-05  6.2601e-08
720  1.3269e-03  8.4172e-05  6.2601e-08
721  1.2324e-03  7.8354e-05  6.2601e-08
722  1.1446e-03  7.2943e-05  6.2601e-08
723  1.0631e-03  6.7916e-05  6.2601e-08
724  9.8760e-04  6.3254e-05  6.2601e-08
725  9.1778e-04  5.8935e-05  6.2601e-08
726  8.5327e-04  5.4936e-05  6.2601e-08
727  7.9359e-04  5.1229e-05  6.2601e-08
728  7.3830e-04  4.7787e-05  6.2601e-08
729  6.8701e-04  4.4586e-05  6.2601e-08
730  6.3937e-04  4.1604e-05  6.2601e-08
731  5.9505e-04  3.8824e-05  6.2601e-08
732  5.5379e-04  3.6230e-05  6.2601e-08
733  5.1535e-04  3.3808e-05  6.2601e-08
734  4.7950e-04  3.1547e-05  6.2601e-08
735  4.4604e-04  2.9435e-05  6.2601e-08
736  4.1481e-04  2.7463e-05  6.2601e-08
737  3.8575e-04  2.5627e-05  6.2601e-08
738  3.5879e-04  2.3922e-05  6.2601e-08
739  3.3386e-04  2.2343e-05  6.2601e-08
740  3.1087e-04  2.0886e-05  6.2601e-08
741  2.8970e-04  1.9542e-05  6.2601e-08
742  2.7015e-04  1.8299e-05  6.2601e-08
743  2.5201e-04  1.7142e-05  6.2601e-08
744  2.3512e-04  1.6061e-05  6.2601e-08
745  2.1933e-04  1.5046e-05  6.2601e-08
746  2.0454e-04  1.4089e-05  6.2601e-08
747  1.9069e-04  1.3190e-05  6.2601e-08
748  1.7777e-04  1.2346e-05  6.2601e-08
749  1.6574e-04  1.1557e-05  6.2601e-08
750  1.5455e-04  1.0820e-05  6.2601e-08
751  1.4417e-04  1.0133e-05  6.2601e-08
752  1.3453e-04  9.4937e-06  6.2601e-08
753  1.2557e-04  8.8974e-06  6.2601e-08
754  1.1725e-04  8.3414e-06  6.2601e-08
755  1.0951e-04  7.8228e-06  6.2601e-08
756  1.0230e-04  7.3387e-06  6.2601e-08
757  9.5582e-05  6.8861e-06  6.2601e-08
758  8.9316e-05  6.4623e-06  6.2601e-08
759  8.3464e-05  6.0646e-06  6.2601e-08
760  7.7992e-05  5.6909e-06  6.2601e-08
761  7.2874e-05  5.3394e-06  6.2601e-08
762  6.8093e-05  5.0093e-06  6.2601e-08
763  6.3634e-05  4.6998e-06  6.2601e-08
764  5.9484e-05  4.4104e-06  6.2601e-08
765  5.5626e-05  4.1400e-06  6.2601e-08
766  5.2043e-05  3.8877e-06  6.2601e-08
767  4.8706e-05  3.6519e-06  6.2601e-08
768  4.5590e-05  3.4307e-06  6.2601e-08
769  4.2671e-05  3.2228e-06  6.2601e-08
770  3.9929e-05  3.0268e-06  6.2601e-08
771  3.7351e-05  2.8419e-06  6.2601e-08
772  3.4932e-05  2.6680e-06  6.2601e-08
773  3.2673e-05  2.5049e-06  6.2601e-08
774  3.0569e-05  2.3527e-06  6.2601e-08
775  2.8616e-05  2.2110e-06  6.2601e-08
776  2.6807e-05  2.0795e-06  6.2601e-08
777  2.5128e-05  1.9570e-06  6.2601e-08
778  2.3564e-05  1.8426e-06  6.2601e-08
779  2.2102e-05  1.7353e-06  6.2601e-08
780  2.0732e-05  1.6343e-06  6.2601e-08
781  1.9444e-05  1.5391e-06  6.2601e-08
782  1.8235e-05  1.4493e-06  6.2601e-08
783  1.7101e-05  1.3648e-06  6.2601e-08
784  1.6038e-05  1.2853e-06  6.2601e-08
785  1.5043e-05  1.2105e-06  6.2601e-08
786  1.4113e-05  1.1404e-06  6.2601e-08
787  1.3242e-05  1.0745e-06  6.2601e-08
788  1.2426e-05  1.0125e-06  6.2601e-08
789  1.1662e-05  9.5413e-07  6.2601e-08
790  1.0945e-05  8.9917e-07  6.2601e-08
791  1.0272e-05  8.4737e-07  6.2601e-08
792  9.6404e-06  7.9863e-07  6.2601e-08
793  9.0490e-06  7.5283e-07  6.2601e-08
794  8.4954e-06  7.0985e-07  6.2601e-08
795  7.9776e-06  6.6959e-07  6.2601e-08
796  7.4935e-06  6.3190e-07  6.2601e-08
797  7.0408e-06  5.9660e-07  6.2601e-08
798  6.6175e-06  5.6349e-07  6.2601e-08
799  6.2214e-06  5.3241e-07  6.2601e-08
800  5.8506e-06  5.0319e-07  6.2601e-08
801  5.5033e-06  4.7569e-07  6.2601e-08
802  5.1776e-06  4.4976e-07  6.2601e-08
803  4.8714e-06  4.2525e-07  6.2601e-08
804  4.5830e-06  4.0205e-07  6.2601e-08
805  4.3110e-06  3.8005e-07  6.2601e-08
806  4.0542e-06  3.5916e-07  6.2601e-08
807  3.8121e-06  3.3936e-07  6.2601e-08
808  3.5844e-06  3.2063e-07  6.2601e-08
809  3.3705e-06  3.0296e-07  6.2601e-08
810  3.1701e-06  2.8633e-07  6.2601e-08
811  2.9825e-06  2.7068e-07  6.2601e-08
812  2.8069e-06  2.5598e-07  6.2601e-08
813  2.6426e-06  2.4215e-07  6.2601e-08
814  2.4887e-06  2.2913e-07  6.2601e-08
815  2.3447e-06  2.1688e-07  6.2601e-08
816  2.2097e-06  2.0534e-07  6.2601e-08
817  2.0831e-06  1.9445e-07  6.2601e-08
818  1.9642e-06  1.8416e-07  6.2601e-08
819  1.8522e-06  1.7441e-07  6.2601e-08
820  1.7467e-06  1.6516e-07  6.2601e-08
821  1.6471e-06  1.5637e-07  6.2601e-08
822  1.5531e-06  1.4803e-07  6.2601e-08
823  1.4645e-06  1.4012e-07  6.2601e-08
824  1.3810e-06  1.3261e-07  6.2601e-08
825  1.3024e-06  1.2551e-07  6.2601e-08
826  1.2285e-06  1.1878e-07  6.2601e-08
827  1.1589e-06  1.1241e-07  6.2601e-08
828  1.0935e-06  1.0640e-07  6.2601e-08
829  1.0320e-06  1.0071e-07  6.2601e-08
830  9.7432e-07  9.5341e-08  6.2601e-08
