   1             5.00000
   2             5.00478
   3             5.05904
   4             5.20775
   5             5.44387
   6             5.74223
   7             6.08300
   8             6.45484
   9             6.85212
  10             7.27237
  11             7.71471
  12             8.17909
  13             8.66582
  14             9.17543
  15             9.70842
  16            10.26529
  17            10.84644
  18            11.45213
  19            12.08253
  20            12.73767
  21            13.41747
  22            14.12177
  23            14.85030
  24            15.60271
  25            16.37862
  26            17.17758
  27            17.99911
  28            18.84270
  29            19.70783
  30            20.59396
  31            21.50057
  32            22.42711
  33            23.37306
  34            24.33791
  35            25.32115
  36            26.32231
  37            27.34091
  38            28.37652
  39            29.42869
  40            30.49704
  41            31.58117
  42            32.68071
  43            33.79532
  44            34.92466
  45            36.06844
  46            37.22635
  47            38.39813
  48            39.58350
  49            40.78223
  50            41.99408
  51            43.21885
  52            44.45631
  53            45.70627
  54            46.96857
  55            48.24301
  56            49.52943
  57            50.82769
  58            52.13762
  59            53.45910
  60            54.79199
  61            56.13616
  62            57.49149
  63            58.85787
  64            60.23518
  65            61.62333
  66            63.02220
  67            64.43170
  68            65.85174
  69            67.28223
  70            68.72307
  71            70.17420
  72            71.63552
  73            73.10696
  74            74.58844
  75            76.07988
  76            77.58123
  77            79.09240
  78            80.61333
  79            82.14395
  80            83.68420
  81            85.23402
  82            86.79335
  83            88.36212
  84            89.94028
  85            91.52777
  86            93.12454
  87            94.73052
  88            96.34568
  89            97.96995
  90            99.60328
  91           101.24563
  92           102.89694
  93           104.55716
  94           106.22625
  95           107.90416
  96           109.59085
  97           111.28627
  98           112.99037
  99           114.70311
 100           116.42445
 101           118.15434
 102           119.89275
 103           121.63963
 104           123.39494
 105           125.15865
 106           126.93070
 107           128.71107
 108           130.49972
 109           132.29660
 110           134.10169
 111           135.91494
 112           137.73632
 113           139.56579
 114           141.40332
 115           143.24887
 116           145.10241
 117           146.96391
 118           148.83333
 119           150.71063
 120           152.59580
 121           154.48879
 122           156.38957
 123           158.29812
 124           160.21440
 125           162.13838
 126           164.07003
 127           166.00932
 128           167.95623
 129           169.91072
 130           171.87276
 131           173.84234
 132           175.81941
 133           177.80395
 134           179.79594
 135           181.79535
 136           183.80215
 137           185.81631
 138           187.83782
 139           189.86664
 140           191.90275
 141           193.94613
 142           195.99674
 143           198.05458
 144           200.11960
 145           202.19180
 146           204.27114
 147           206.35760
 148           208.45117
 149           210.55181
 150           212.65951
 151           214.77425
 152           216.89600
 153           219.02474
 154           221.16045
 155           223.30311
 156           225.45271
 157           227.60921
 158           229.77261
 159           231.94288
 160           234.12000
 161           236.30396
 162           238.49473
 163           240.69230
 164           242.89665
 165           245.10776
 166           247.32562
 167           249.55021
 168           251.78151
 169           254.01950
 170           256.26418
 171           258.51551
 172           260.77350
 173           263.03812
 174           265.30936
 175           267.58720
 176           269.87163
 177           272.16263
 178           274.46020
 179           276.76431
 180           279.07496
 181           281.39214
 182           283.71582
 183           286.04600
 184           288.38267
 185           290.72581
 186           293.07542
 187           295.43148
 188           297.79398
 189           300.16291
 190           302.53826
 191           304.92003
 192           307.30819
 193           309.70276
 194           312.10370
 195           314.51103
 196           316.92472
 197           319.34477
 198           321.77118
 199           324.20393
 200           326.64302
 201           329.08844
 202           331.54019
 203           333.99827
 204           336.46265
 205           338.93335
 206           341.41036
 207           343.89366
 208           346.38326
 209           348.87916
 210           351.38134
 211           353.88981
 212           356.40457
 213           358.92560
 214           361.45292
 215           363.98651
 216           366.52637
 217           369.07251
 218           371.62493
 219           374.18362
 220           376.74858
 221           379.31981
 222           381.89732
 223           384.48110
 224           387.07116
 225           389.66749
 226           392.27010
 227           394.87900
 228           397.49417
 229           400.11564
 230           402.74339
 231           405.37744
 232           408.01778
 233           410.66443
 234           413.31738
 235           415.97664
 236           418.64222
 237           421.31412
 238           423.99234
 239           426.67690
 240           429.36780
 241           432.06505
 242           434.76865
 243           437.47862
 244           440.19495
 245           442.91767
 246           445.64676
 247           448.38226
 248           451.12416
 249           453.87247
 250           456.62721
 251           459.38838
 252           462.15600
 253           464.93007
 254           467.71061
 255           470.49763
 256           473.29114
 257           476.09115
 258           478.89767
 259           481.71073
 260           484.53032
 261           487.35647
 262           490.18919
 263           493.02849
 264           495.87438
 265           498.72689
 266           501.58603
 267           504.45180
 268           507.32424
 269           510.20334
 270           513.08914
 271           515.98164
 272           518.88087
 273           521.78683
 274           524.69955
 275           527.61905
 276           530.54535
 277           533.47845
 278           536.41839
 279           539.36517
 280           542.31882
 281           545.27937
 282           548.24682
 283           551.22120
 284           554.20253
 285           557.19083
 286           560.18612
 287           563.18842
 288           566.19775
 289           569.21414
 290           572.23761
 291           575.26818
 292           578.30587
 293           581.35071
 294           584.40272
 295           587.46192
 296           590.52834
 297           593.60199
 298           596.68292
 299           599.77113
 300           602.86666
 301           605.96953
 302           609.07976
 303           612.19738
 304           615.32242
 305           618.45491
 306           621.59486
 307           624.74231
 308           627.89728
 309           631.05981
 310           634.22991
 311           637.40762
 312           640.59296
 313           643.78596
 314           646.98666
 315           650.19507
 316           653.41123
 317           656.63517
 318           659.86692
 319           663.10650
 320           666.35395
 321           669.60930
 322           672.87258
 323           676.14381
 324           679.42303
 325           682.71027
 326           686.00556
 327           689.30893
 328           692.62042
 329           695.94006
 330           699.26787
 331           702.60390
 332           705.94817
 333           709.30071
 334           712.66157
 335           716.03077
 336           719.40834
 337           722.79433
 338           726.18876
 339           729.59167
 340           733.00310
 341           736.42307
 342           739.85162
 343           743.28880
 344           746.73462
 345           750.18914
 346           753.65237
 347           757.12437
 348           760.60517
 349           764.09479
 350           767.59329
 351           771.10069
 352           774.61703
 353           778.14235
 354           781.67669
 355           785.22009
 356           788.77257
 357           792.33419
 358           795.90497
 359           799.48496
 360           803.07419
 361           806.67271
 362           810.28055
 363           813.89774
 364           817.52434
 365           821.16038
 366           824.80590
 367           828.46093
 368           832.12553
 369           835.79972
 370           839.48355
 371           843.17706
 372           846.88029
 373           850.59328
 374           854.31608
 375           858.04871
 376           861.79124
 377           865.54368
 378           869.30610
 379           873.07852
 380           876.86100
 381           880.65356
 382           884.45627
 383           888.26915
 384           892.09226
 385           895.92563
 386           899.76931
 387           903.62333
 388           907.48776
 389           911.36262
 390           915.24796
 391           919.14383
 392           923.05026
 393           926.96731
 394           930.89502
 395           934.83343
 396           938.78259
 397           942.74255
 398           946.71334
 399           950.69501
 400           954.68761
 401           958.69119
 402           962.70578
 403           966.73144
 404           970.76822
 405           974.81615
 406           978.87528
 407           982.94567
 408           987.02736
 409           991.12039
 410           995.22481
 411           999.34067
 412          1003.46801
 413          1007.60689
 414          1011.75735
 415          1015.91945
 416          1020.09321
 417          1024.27871
 418          1028.47598
 419          1032.68507
 420          1036.90603
 421          1041.13891
 422          1045.38376
 423          1049.64063
 424          1053.90956
 425          1058.19062
 426          1062.48383
 427          1066.78927
 428          1071.10697
 429          1075.43699
 430          1079.77937
 431          1084.13417
 432          1088.50144
 433          1092.88122
 434          1097.27357
 435          1101.67855
 436          1106.09619
 437          1110.52656
 438          1114.96970
 439          1119.42567
 440          1123.89451
 441          1128.37628
 442          1132.87103
 443          1137.37882
 444          1141.89970
 445          1146.43371
 446          1150.98091
 447          1155.54136
 448          1160.11510
 449          1164.70220
 450          1169.30270
 451          1173.91666
 452          1178.54413
 453          1183.18516
 454          1187.83981
 455          1192.50814
 456          1197.19019
 457          1201.88603
 458          1206.59570
 459          1211.31927
 460          1216.05678
 461          1220.80829
 462          1225.57386
 463          1230.35354
 464          1235.14739
 465          1239.95547
 466          1244.77782
 467          1249.61451
 468          1254.46560
 469          1259.33113
 470          1264.21116
 471          1269.10576
 472          1274.01498
 473          1278.93887
 474          1283.87750
 475          1288.83092
 476          1293.79918
 477          1298.78235
 478          1303.78049
 479          1308.79365
 480          1313.82189
 481          1318.86526
 482          1323.92383
 483          1328.99766
 484          1334.08681
 485          1339.19133
 486          1344.31128
 487          1349.44672
 488          1354.59772
 489          1359.76432
 490          1364.94660
 491          1370.14461
 492          1375.35842
 493          1380.58807
 494          1385.83364
 495          1391.09518
 496          1396.37276
 497          1401.66643
 498          1406.97626
 499          1412.30231
 500          1417.64464
 501          1423.00331
 502          1428.37839
 503          1433.76993
 504          1439.17800
 505          1444.60266
 506          1450.04397
 507          1455.50200
 508          1460.97681
 509          1466.46846
 510          1471.97702
 511          1477.50255
 512          1483.04511
 513          1488.60477
 514          1494.18159
 515          1499.77564
 516          1505.38698
 517          1511.01567
 518          1516.66178
 519          1522.32538
 520          1528.00653
 521          1533.70529
 522          1539.42173
 523          1545.15592
 524          1550.90792
 525          1556.67780
 526          1562.46563
 527          1568.27147
 528          1574.09538
 529          1579.93744
 530          1585.79771
 531          1591.67627
 532          1597.57317
 533          1603.48848
 534          1609.42228
 535          1615.37462
 536          1621.34559
 537          1627.33524
 538          1633.34365
 539          1639.37088
 540          1645.41700
 541          1651.48209
 542          1657.56621
 543          1663.66943
 544          1669.79183
 545          1675.93346
 546          1682.09441
 547          1688.27473
 548          1694.47451
 549          1700.69381
 550          1706.93271
 551          1713.19127
 552          1719.46957
 553          1725.76768
 554          1732.08567
 555          1738.42361
 556          1744.78157
 557          1751.15963
 558          1757.55786
 559          1763.97633
 560          1770.41512
 561          1776.87429
 562          1783.35393
 563          1789.85410
 564          1796.37489
 565          1802.91635
 566          1809.47857
 567          1816.06163
 568          1822.66559
 569          1829.29053
 570          1835.93654
 571          1842.60367
 572          1849.29201
 573          1856.00163
 574          1862.73262
 575          1869.48504
 576          1876.25897
 577          1883.05450
 578          1889.87168
 579          1896.71061
 580          1903.57137
 581          1910.45401
 582          1917.35864
 583          1924.28532
 584          1931.23413
 585          1938.20515
 586          1945.19846
 587          1952.21414
 588          1959.25227
 589          1966.31292
 590          1973.39618
 591          1980.50212
 592          1987.63083
 593          1994.78239
 594          2001.95687
 595          2009.15436
 596          2016.37494
 597          2023.61869
 598          2030.88569
 599          2038.17602
 600          2045.48977
 601          2052.82701
 602          2060.18784
 603          2067.57232
 604          2074.98055
 605          2082.41261
 606          2089.86858
 607          2097.34855
 608          2104.85259
 609          2112.38080
 610          2119.93326
 611          2127.51004
 612          2135.11125
 613          2142.73695
 614          2150.38725
 615          2158.06221
 616          2165.76193
 617          2173.48650
 618          2181.23600
 619          2189.01052
 620          2196.81014
 621          2204.63495
 622          2212.48505
 623          2220.36050
 624          2228.26142
 625          2236.18787
 626          2244.13996
 627          2252.11776
 628          2260.12138
 629          2268.15089
 630          2276.20638
 631          2284.28796
 632          2292.39570
 633          2300.52970
 634          2308.69004
 635          2316.87682
 636          2325.09014
 637          2333.33007
 638          2341.59671
 639          2349.89016
 640          2358.21050
 641          2366.55783
 642          2374.93224
 643          2383.33382
 644          2391.76268
 645          2400.21889
 646          2408.70255
 647          2417.21376
 648          2425.75262
 649          2434.31921
 650          2442.91363
 651          2451.53598
 652          2460.18635
 653          2468.86484
 654          2477.57154
 655          2486.30655
 656          2495.06996
 657          2503.86188
 658          2512.68240
 659          2521.53162
 660          2530.40963
 661          2539.31654
 662          2548.25243
 663          2557.21742
 664          2566.21159
 665          2575.23506
 666          2584.28791
 667          2593.37024
 668          2602.48216
 669          2611.62377
 670          2620.79517
 671          2629.99646
 672          2639.22773
 673          2648.48910
 674          2657.78066
 675          2667.10251
 676          2676.45476
 677          2685.83751
 678          2695.25087
 679          2704.69493
 680          2714.16980
 681          2723.67558
 682          2733.21238
 683          2742.78031
 684          2752.37946
 685          2762.00994
 686          2771.67187
 687          2781.36533
 688          2791.09045
 689          2800.84732
 690          2810.63605
 691          2820.45676
 692          2830.30954
 693          2840.19450
 694          2850.11176
 695          2860.06142
 696          2870.04359
 697          2880.05838
 698          2890.10590
 699          2900.18625
 700          2910.29955
 701          2920.44591
 702          2930.62544
 703          2940.83825
 704          2951.08444
 705          2961.36414
 706          2971.67745
 707          2982.02449
 708          2992.40537
 709          3002.82020
 710          3013.26909
 711          3023.75216
 712          3034.26953
 713          3044.82130
 714          3055.40759
 715          3066.02851
 716          3076.68419
 717          3087.37474
 718          3098.10026
 719          3108.86089
 720          3119.65673
 721          3130.48791
 722          3141.35453
 723          3152.25672
 724          3163.19460
 725          3174.16828
 726          3185.17788
 727          3196.22353
 728          3207.30533
 729          3218.42342
 730          3229.57791
 731          3240.76892
 732          3251.99657
 733          3263.26099
 734          3274.56229
 735          3285.90060
 736          3297.27603
 737          3308.68872
 738          3320.13879
 739          3331.62635
 740          3343.15154
 741          3354.71447
 742          3366.31527
 743          3377.95407
 744          3389.63099
 745          3401.34615
 746          3413.09969
 747          3424.89173
 748          3436.72239
 749          3448.59180
 750          3460.50010
 751          3472.44740
 752          3484.43384
 753          3496.45955
 754          3508.52465
 755          3520.62927
 756          3532.77354
 757          3544.95760
 758          3557.18157
 759          3569.44559
 760          3581.74978
 761          3594.09428
 762          3606.47922
 763          3618.90473
 764          3631.37094
 765          3643.87800
 766          3656.42602
 767          3669.01516
 768          3681.64553
 769          3694.31728
 770          3707.03054
 771          3719.78544
 772          3732.58213
 773          3745.42074
 774          3758.30140
 775          3771.22426
 776          3784.18944
 777          3797.19710
 778          3810.24736
 779          3823.34037
 780          3836.47626
 781          3849.65518
 782          3862.87726
 783          3876.14265
 784          3889.45149
 785          3902.80391
 786          3916.20006
 787          3929.64009
 788          3943.12413
 789          3956.65233
 790          3970.22483
 791          3983.84178
 792          3997.50332
 793          4011.20959
 794          4024.96074
 795          4038.75691
 796          4052.59826
 797          4066.48492
 798          4080.41705
 799          4094.39479
 800          4108.41829
 801          4122.48770
 802          4136.60317
 803          4150.76484
 804          4164.97287
 805          4179.22740
 806          4193.52859
 807          4207.87659
 808          4222.27154
 809          4236.71360
 810          4251.20293
 811          4265.73967
 812          4280.32397
 813          4294.95600
 814          4309.63591
 815          4324.36384
 816          4339.13996
 817          4353.96441
 818          4368.83737
 819          4383.75897
 820          4398.72939
 821          4413.74877
 822          4428.81727
 823          4443.93506
 824          4459.10229
 825          4474.31911
 826          4489.58570
 827          4504.90220
 828          4520.26879
 829          4535.68561
 830          4551.15284
 831          4566.67063
 832          4582.23914
 833          4597.85855
 834          4613.52901
 835          4629.25068
 836          4645.02373
 837          4660.84833
 838          4676.72464
 839          4692.65283
 840          4708.63305
 841          4724.66549
 842          4740.75030
 843          4756.88766
 844          4773.07773
 845          4789.32068
 846          4805.61667
 847          4821.96589
 848          4838.36850
 849          4854.82467
 850          4871.33457
 851          4887.89837
 852          4904.51625
 853          4921.18837
 854          4937.91492
 855          4954.69606
 856          4971.53197
 857          4988.42282
 858          5005.36879
 859          5022.37005
 860          5039.42679
 861          5056.53917
 862          5073.70738
 863          5090.93159
 864          5108.21198
 865          5125.54873
 866          5142.94201
 867          5160.39202
 868          5177.89892
 869          5195.46290
 870          5213.08415
 871          5230.76284
 872          5248.49915
 873          5266.29327
 874          5284.14538
 875          5302.05567
 876          5320.02431
 877          5338.05151
 878          5356.13743
 879          5374.28227
 880          5392.48622
 881          5410.74946
 882          5429.07217
 883          5447.45456
 884          5465.89680
 885          5484.39908
 886          5502.96160
 887          5521.58455
 888          5540.26812
 889          5559.01249
 890          5577.81787
 891          5596.68444
 892          5615.61239
 893          5634.60193
 894          5653.65324
 895          5672.76653
 896          5691.94198
 897          5711.17979
 898          5730.48017
 899          5749.84329
 900          5769.26938
 901          5788.75861
 902          5808.31120
 903          5827.92734
 904          5847.60723
 905          5867.35107
 906          5887.15906
 907          5907.03141
 908          5926.96831
 909          5946.96998
 910          5967.03661
 911          5987.16841
 912          6007.36558
 913          6027.62833
 914          6047.95687
 915          6068.35139
 916          6088.81211
 917          6109.33924
 918          6129.93298
 919          6150.59355
 920          6171.32114
 921          6192.11598
 922          6212.97828
 923          6233.90823
 924          6254.90607
 925          6275.97199
 926          6297.10621
 927          6318.30895
 928          6339.58042
 929          6360.92083
 930          6382.33041
 931          6403.80936
 932          6425.35791
 933          6446.97626
 934          6468.66465
 935          6490.42328
 936          6512.25238
 937          6534.15216
 938          6556.12286
 939          6578.16468
 940          6600.27785
 941          6622.46260
 942          6644.71914
 943          6667.04770
 944          6689.44850
 945          6711.92177
 946          6734.46774
 947          6757.08662
 948          6779.77866
 949          6802.54407
 950          6825.38308
 951          6848.29592
 952          6871.28283
 953          6894.34402
 954          6917.47974
 955          6940.69021
 956          6963.97567
 957          6987.33634
 958          7010.77247
 959          7034.28428
 960          7057.87201
 961          7081.53590
 962          7105.27618
 963          7129.09308
 964          7152.98686
 965          7176.95773
 966          7201.00595
 967          7225.13175
 968          7249.33537
 969          7273.61706
 970          7297.97704
 971          7322.41558
 972          7346.93290
 973          7371.52925
 974          7396.20488
 975          7420.96003
 976          7445.79494
 977          7470.70987
 978          7495.70506
 979          7520.78075
 980          7545.93720
 981          7571.17465
 982          7596.49335
 983          7621.89356
 984          7647.37552
 985          7672.93949
 986          7698.58572
 987          7724.31446
 988          7750.12596
 989          7776.02048
 990          7801.99828
 991          7828.05961
 992          7854.20473
 993          7880.43389
 994          7906.74736
 995          7933.14538
 996          7959.62823
 997          7986.19616
 998          8012.84943
 999          8039.58831
1000          8066.41305
1001          8093.32393
1002          8120.32119
1003          8147.40512
1004          8174.57597
1005          8201.83400
1006          8229.17950
1007          8256.61271
1008          8284.13392
1009          8311.74339
1010          8339.44139
1011          8367.22819
1012          8395.10406
1013          8423.06928
1014          8451.12411
1015          8479.26884
1016          8507.50373
1017          8535.82905
1018          8564.24510
1019          8592.75213
1020          8621.35044
1021          8650.04029
1022          8678.82196
1023          8707.69574
1024          8736.66191
1025          8765.72074
1026          8794.87252
1027          8824.11753
1028          8853.45605
1029          8882.88838
1030          8912.41478
1031          8942.03556
1032          8971.75099
1033          9001.56136
1034          9031.46696
1035          9061.46808
1036          9091.56501
1037          9121.75804
1038          9152.04746
1039          9182.43356
1040          9212.91664
1041          9243.49698
1042          9274.17489
1043          9304.95065
1044          9335.82457
1045          9366.79694
1046          9397.86805
1047          9429.03822
1048          9460.30772
1049          9491.67688
1050          9523.14598
1051          9554.71532
1052          9586.38522
1053          9618.15597
1054          9650.02787
1055          9682.00124
1056          9714.07638
1057          9746.25359
1058          9778.53318
1059          9810.91546
1060          9843.40074
1061          9875.98932
1062          9908.68153
1063          9941.47766
1064          9974.37804
1065         10007.38297
1066         10040.49277
1067         10073.70776
1068         10107.02824
1069         10140.45454
1070         10173.98697
1071         10207.62586
1072         10241.37151
1073         10275.22426
1074         10309.18441
1075         10343.25230
1076         10377.42824
1077         10411.71256
1078         10446.10558
1079         10480.60763
1080         10515.21903
1081         10549.94011
1082         10584.77120
1083         10619.71262
1084         10654.76471
1085         10689.92779
1086         10725.20219
1087         10760.58826
1088         10796.08631
1089         10831.69669
1090         10867.41972
1091         10903.25575
1092         10939.20511
1093         10975.26814
1094         11011.44517
1095         11047.73654
1096         11084.14260
1097         11120.66369
1098         11157.30013
1099         11194.05229
1100         11230.92050
1101         11267.90511
1102         11305.00645
1103         11342.22489
1104         11379.56076
1105         11417.01441
1106         11454.58619
1107         11492.27645
1108         11530.08554
1109         11568.01382
1110         11606.06163
1111         11644.22933
1112         11682.51727
1113         11720.92581
1114         11759.45530
1115         11798.10611
1116         11836.87858
1117         11875.77308
1118         11914.78997
1119         11953.92961
1120         11993.19236
1121         12032.57858
1122         12072.08863
1123         12111.72289
1124         12151.48171
1125         12191.36546
1126         12231.37451
1127         12271.50923
1128         12311.76999
1129         12352.15716
1130         12392.67110
1131         12433.31219
1132         12474.08080
1133         12514.97731
1134         12556.00209
1135         12597.15552
1136         12638.43798
1137         12679.84983
1138         12721.39147
1139         12763.06326
1140         12804.86560
1141         12846.79886
1142         12888.86342
1143         12931.05967
1144         12973.38799
1145         13015.84878
1146         13058.44240
1147         13101.16926
1148         13144.02974
1149         13187.02423
1150         13230.15312
1151         13273.41680
1152         13316.81566
1153         13360.35010
1154         13404.02052
1155         13447.82729
1156         13491.77084
1157         13535.85154
1158         13580.06980
1159         13624.42602
1160         13668.92059
1161         13713.55393
1162         13758.32643
1163         13803.23849
1164         13848.29052
1165         13893.48293
1166         13938.81611
1167         13984.29049
1168         14029.90646
1169         14075.66443
1170         14121.56483
1171         14167.60805
1172         14213.79450
1173         14260.12462
1174         14306.59880
1175         14353.21746
1176         14399.98102
1177         14446.88990
1178         14493.94452
1179         14541.14529
1180         14588.49264
1181         14635.98698
1182         14683.62874
1183         14731.41835
1184         14779.35623
1185         14827.44280
1186         14875.67849
1187         14924.06373
1188         14972.59895
1189         15021.28458
1190         15070.12105
1191         15119.10879
1192         15168.24823
1193         15217.53981
1194         15266.98397
1195         15316.58114
1196         15366.33175
1197         15416.23625
1198         15466.29507
1199         15516.50867
1200         15566.87747
1201         15617.40192
1202         15668.08246
1203         15718.91954
1204         15769.91361
1205         15821.06511
1206         15872.37449
1207         15923.84220
1208         15975.46869
1209         16027.25441
1210         16079.19982
1211         16131.30536
1212         16183.57149
1213         16235.99867
1214         16288.58736
1215         16341.33800
1216         16394.25107
1217         16447.32701
1218         16500.56630
1219         16553.96939
1220         16607.53675
1221         16661.26885
1222         16715.16614
1223         16769.22909
1224         16823.45817
1225         16877.85386
1226         16932.41662
1227         16987.14692
1228         17042.04523
1229         17097.11203
1230         17152.34779
1231         17207.75299
1232         17263.32810
1233         17319.07361
1234         17374.98999
1235         17431.07771
1236         17487.33727
1237         17543.76915
1238         17600.37382
1239         17657.15177
1240         17714.10349
1241         17771.22947
1242         17828.53019
1243         17886.00614
1244         17943.65781
1245         18001.48570
1246         18059.49029
1247         18117.67208
1248         18176.03157
1249         18234.56925
1250         18293.28561
1251         18352.18117
1252         18411.25640
1253         18470.51183
1254         18529.94794
1255         18589.56524
1256         18649.36424
1257         18709.34543
1258         18769.50933
1259         18829.85645
1260         18890.38729
1261         18951.10236
1262         19012.00217
1263         19073.08724
1264         19134.35808
1265         19195.81520
1266         19257.45912
1267         19319.29036
1268         19381.30943
1269         19443.51686
1270         19505.91316
1271         19568.49885
1272         19631.27446
1273         19694.24052
1274         19757.39754
1275         19820.74606
1276         19884.28659
1277         19948.01968
1278         20011.94585
1279         20076.06563
1280         20140.37955
1281         20204.88815
1282         20269.59196
1283         20334.49152
1284         20399.58736
1285         20464.88002
1286         20530.37005
1287         20596.05798
1288         20661.94436
1289         20728.02972
1290         20794.31462
1291         20860.79959
1292         20927.48519
1293         20994.37197
1294         21061.46046
1295         21128.75123
1296         21196.24482
1297         21263.94179
1298         21331.84269
1299         21399.94808
1300         21468.25851
1301         21536.81850
1302         21605.58926
1303         21674.56948
1304         21743.75975
1305         21813.16067
1306         21882.77284
1307         21952.59687
1308         22022.63336
1309         22092.88292
1310         22163.34616
1311         22234.02368
1312         22304.91611
1313         22376.02405
1314         22447.34811
1315         22518.88892
1316         22590.64709
1317         22662.62324
1318         22734.81799
1319         22807.23197
1320         22879.86580
1321         22952.72010
1322         23025.79551
1323         23099.09265
1324         23172.61215
1325         23246.35466
1326         23320.32079
1327         23394.51120
1328         23468.92650
1329         23543.56736
1330         23618.43439
1331         23693.52826
1332         23768.84960
1333         23844.39906
1334         23920.17728
1335         23996.18492
1336         24072.42263
1337         24148.89106
1338         24225.59086
1339         24302.52269
1340         24379.68721
1341         24457.08508
1342         24534.71696
1343         24612.58351
1344         24690.68540
1345         24769.02329
1346         24847.59786
1347         24926.40977
1348         25005.45969
1349         25084.74830
1350         25164.27627
1351         25244.04428
1352         25324.05300
1353         25404.30313
1354         25484.79534
1355         25565.53031
1356         25646.50873
1357         25727.73129
1358         25809.19868
1359         25890.91159
1360         25972.87070
1361         26055.07673
1362         26137.53036
1363         26220.23228
1364         26303.18321
1365         26386.38384
1366         26469.83488
1367         26553.53703
1368         26637.49100
1369         26721.69750
1370         26806.15723
1371         26890.87092
1372         26975.83928
1373         27061.06302
1374         27146.54286
1375         27232.27952
1376         27318.27373
1377         27404.52620
1378         27491.03767
1379         27577.80886
1380         27664.84050
1381         27752.13333
1382         27839.68807
1383         27927.50546
1384         28015.58623
1385         28103.93114
1386         28192.54091
1387         28281.41629
1388         28370.55803
1389         28459.96687
1390         28549.64356
1391         28639.58884
1392         28729.80348
1393         28820.28823
1394         28911.04384
1395         29002.07107
1396         29093.37069
1397         29184.94344
1398         29276.79011
1399         29368.91144
1400         29461.30822
1401         29553.98121
1402         29646.93118
1403         29740.15890
1404         29833.66516
1405         29927.45073
1406         30021.51638
1407         30115.86291
1408         30210.49109
1409         30305.40171
1410         30400.59556
1411         30496.07343
1412         30591.83611
1413         30687.88439
1414         30784.21907
1415         30880.84094
1416         30977.75082
1417         31074.94949
1418         31172.43776
1419         31270.21644
1420         31368.28634
1421         31466.64826
1422         31565.30302
1423         31664.25144
1424         31763.49432
1425         31863.03249
1426         31962.86676
1427         32062.99797
1428         32163.42693
1429         32264.15447
1430         32365.18142
1431         32466.50861
1432         32568.13688
1433         32670.06705
1434         32772.29997
1435         32874.83647
1436         32977.67740
1437         33080.82360
1438         33184.27592
1439         33288.03519
1440         33392.10228
1441         33496.47804
1442         33601.16332
1443         33706.15897
1444         33811.46585
1445         33917.08484
1446         34023.01677
1447         34129.26254
1448         34235.82299
1449         34342.69900
1450         34449.89145
1451         34557.40120
1452         34665.22913
1453         34773.37613
1454         34881.84306
1455         34990.63081
1456         35099.74028
1457         35209.17233
1458         35318.92788
1459         35429.00780
1460         35539.41298
1461         35650.14434
1462         35761.20276
1463         35872.58914
1464         35984.30439
1465         36096.34942
1466         36208.72512
1467         36321.43242
1468         36434.47222
1469         36547.84543
1470         36661.55297
1471         36775.59577
1472         36889.97474
1473         37004.69081
1474         37119.74490
1475         37235.13794
1476         37350.87085
1477         37466.94459
1478         37583.36007
1479         37700.11823
1480         37817.22002
1481         37934.66638
1482         38052.45825
1483         38170.59658
1484         38289.08232
1485         38407.91641
1486         38527.09982
1487         38646.63350
1488         38766.51841
1489         38886.75551
1490         39007.34576
1491         39128.29013
1492         39249.58958
1493         39371.24509
1494         39493.25764
1495         39615.62819
1496         39738.35772
1497         39861.44722
1498         39984.89766
1499         40108.71004
1500         40232.88534
1501         40357.42455
1502         40482.32866
1503         40607.59867
1504         40733.23557
1505         40859.24038
1506         40985.61407
1507         41112.35768
1508         41239.47219
1509         41366.95862
1510         41494.81799
1511         41623.05130
1512         41751.65958
1513         41880.64385
1514         42010.00512
1515         42139.74443
1516         42269.86280
1517         42400.36126
1518         42531.24084
1519         42662.50258
1520         42794.14752
1521         42926.17670
1522         43058.59115
1523         43191.39193
1524         43324.58009
1525         43458.15666
1526         43592.12272
1527         43726.47931
1528         43861.22749
1529         43996.36832
1530         44131.90287
1531         44267.83221
1532         44404.15739
1533         44540.87950
1534         44677.99961
1535         44815.51879
1536         44953.43812
1537         45091.75869
1538         45230.48158
1539         45369.60788
1540         45509.13868
1541         45649.07507
1542         45789.41814
1543         45930.16900
1544         46071.32875
1545         46212.89849
1546         46354.87932
1547         46497.27235
1548         46640.07870
1549         46783.29948
1550         46926.93581
1551         47070.98881
1552         47215.45959
1553         47360.34930
1554         47505.65904
1555         47651.38996
1556         47797.54319
1557         47944.11986
1558         48091.12112
1559         48238.54810
1560         48386.40195
1561         48534.68382
1562         48683.39486
1563         48832.53622
1564         48982.10906
1565         49132.11453
1566         49282.55380
1567         49433.42803
1568         49584.73839
1569         49736.48605
1570         49888.67219
1571         50041.29797
1572         50194.36458
1573         50347.87319
1574         50501.82500
1575         50656.22119
1576         50811.06295
1577         50966.35147
1578         51122.08795
1579         51278.27359
1580         51434.90959
1581         51591.99715
1582         51749.53748
1583         51907.53180
1584         52065.98131
1585         52224.88723
1586         52384.25078
1587         52544.07319
1588         52704.35568
1589         52865.09947
1590         53026.30580
1591         53187.97590
1592         53350.11102
1593         53512.71238
1594         53675.78123
1595         53839.31882
1596         54003.32640
1597         54167.80522
1598         54332.75654
1599         54498.18160
1600         54664.08168
1601         54830.45804
1602         54997.31195
1603         55164.64467
1604         55332.45748
1605         55500.75165
1606         55669.52847
1607         55838.78922
1608         56008.53518
1609         56178.76764
1610         56349.48790
1611         56520.69725
1612         56692.39698
1613         56864.58840
1614         57037.27281
1615         57210.45153
1616         57384.12585
1617         57558.29710
1618         57732.96659
1619         57908.13564
1620         58083.80557
1621         58259.97771
1622         58436.65340
1623         58613.83395
1624         58791.52072
1625         58969.71503
1626         59148.41823
1627         59327.63167
1628         59507.35669
1629         59687.59465
1630         59868.34689
1631         60049.61479
1632         60231.39970
1633         60413.70298
1634         60596.52601
1635         60779.87015
1636         60963.73678
1637         61148.12728
1638         61333.04303
1639         61518.48541
1640         61704.45581
1641         61890.95563
1642         62077.98625
1643         62265.54908
1644         62453.64551
1645         62642.27695
1646         62831.44481
1647         63021.15049
1648         63211.39542
1649         63402.18101
1650         63593.50868
1651         63785.37985
1652         63977.79596
1653         64170.75844
1654         64364.26871
1655         64558.32822
1656         64752.93841
1657         64948.10072
1658         65143.81661
1659         65340.08751
1660         65536.91490
1661         65734.30022
1662         65932.24495
1663         66130.75053
1664         66329.81845
1665         66529.45018
1666         66729.64718
1667         66930.41095
1668         67131.74296
1669         67333.64470
1670         67536.11766
1671         67739.16333
1672         67942.78321
1673         68146.97880
1674         68351.75161
1675         68557.10313
1676         68763.03489
1677         68969.54839
1678         69176.64516
1679         69384.32672
1680         69592.59458
1681         69801.45028
1682         70010.89536
1683         70220.93134
1684         70431.55978
1685         70642.78220
1686         70854.60016
1687         71067.01521
1688         71280.02890
1689         71493.64279
1690         71707.85844
1691         71922.67741
1692         72138.10128
1693         72354.13162
1694         72570.77000
1695         72788.01800
1696         73005.87720
1697         73224.34920
1698         73443.43558
1699         73663.13794
1700         73883.45788
1701         74104.39699
1702         74325.95689
1703         74548.13917
1704         74770.94547
1705         74994.37738
1706         75218.43654
1707         75443.12457
1708         75668.44309
1709         75894.39373
1710         76120.97815
1711         76348.19796
1712         76576.05482
1713         76804.55037
1714         77033.68627
1715         77263.46416
1716         77493.88572
1717         77724.95259
1718         77956.66645
1719         78189.02896
1720         78422.04181
1721         78655.70666
1722         78890.02521
1723         79124.99913
1724         79360.63011
1725         79596.91986
1726         79833.87006
1727         80071.48242
1728         80309.75864
1729         80548.70043
1730         80788.30951
1731         81028.58759
1732         81269.53640
1733         81511.15766
1734         81753.45309
1735         81996.42443
1736         82240.07342
1737         82484.40180
1738         82729.41131
1739         82975.10371
1740         83221.48074
1741         83468.54417
1742         83716.29575
1743         83964.73724
1744         84213.87043
1745         84463.69708
1746         84714.21896
1747         84965.43787
1748         85217.35558
1749         85469.97389
1750         85723.29459
1751         85977.31947
1752         86232.05034
1753         86487.48901
1754         86743.63728
1755         87000.49697
1756         87258.06990
1757         87516.35789
1758         87775.36277
1759         88035.08636
1760         88295.53051
1761         88556.69705
1762         88818.58783
1763         89081.20469
1764         89344.54949
1765         89608.62408
1766         89873.43032
1767         90138.97008
1768         90405.24522
1769         90672.25762
1770         90940.00916
1771         91208.50172
1772         91477.73718
1773         91747.71744
1774         92018.44439
1775         92289.91992
1776         92562.14594
1777         92835.12437
1778         93108.85710
1779         93383.34606
1780         93658.59317
1781         93934.60034
1782         94211.36952
1783         94488.90263
1784         94767.20162
1785         95046.26842
1786         95326.10498
1787         95606.71325
1788         95888.09520
1789         96170.25277
1790         96453.18793
1791         96736.90265
1792         97021.39891
1793         97306.67868
1794         97592.74394
1795         97879.59669
1796         98167.23890
1797         98455.67259
1798         98744.89974
1799         99034.92237
1800         99325.74247
1801         99617.36207
1802         99909.78319
1803        100203.00784
1804        100497.03805
1805        100791.87586
1806        101087.52331
1807        101383.98242
1808        101681.25525
1809        101979.34385
1810        102278.25027
1811        102577.97658
1812        102878.52483
1813        103179.89709
1814        103482.09544
1815        103785.12196
1816        104088.97873
1817        104393.66783
1818        104699.19136
1819        105005.55141
1820        105312.75009
1821        105620.78950
1822        105929.67175
1823        106239.39895
1824        106549.97323
1825        106861.39672
1826        107173.67153
1827        107486.79981
1828        107800.78369
1829        108115.62532
1830        108431.32684
1831        108747.89042
1832        109065.31820
1833        109383.61235
1834        109702.77504
1835        110022.80844
1836        110343.71473
1837        110665.49609
1838        110988.15470
1839        111311.69276
1840        111636.11247
1841        111961.41602
1842        112287.60563
1843        112614.68350
1844        112942.65186
1845        113271.51291
1846        113601.26889
1847        113931.92203
1848        114263.47457
1849        114595.92874
1850        114929.28680
1851        115263.55098
1852        115598.72356
1853        115934.80678
1854        116271.80291
1855        116609.71424
1856        116948.54302
1857        117288.29154
1858        117628.96209
1859        117970.55696
1860        118313.07845
1861        118656.52884
1862        119000.91046
1863        119346.22561
1864        119692.47661
1865        120039.66577
1866        120387.79543
1867        120736.86792
1868        121086.88557
1869        121437.85072
1870        121789.76573
1871        122142.63294
1872        122496.45470
1873        122851.23339
1874        123206.97137
1875        123563.67102
1876        123921.33470
1877        124279.96480
1878        124639.56372
1879        125000.13383
1880        125361.67756
1881        125724.19728
1882        126087.69543
1883        126452.17440
1884        126817.63662
1885        127184.08452
1886        127551.52052
1887        127919.94707
1888        128289.36659
1889        128659.78154
1890        129031.19436
1891        129403.60753
1892        129777.02348
1893        130151.44471
1894        130526.87367
1895        130903.31284
1896        131280.76471
1897        131659.23177
1898        132038.71652
1899        132419.22144
1900        132800.74905
1901        133183.30186
1902        133566.88237
1903        133951.49313
1904        134337.13664
1905        134723.81545
1906        135111.53209
1907        135500.28910
1908        135890.08904
1909        136280.93446
1910        136672.82791
1911        137065.77196
1912        137459.76919
1913        137854.82217
1914        138250.93348
1915        138648.10571
1916        139046.34145
1917        139445.64331
1918        139846.01387
1919        140247.45577
1920        140649.97160
1921        141053.56400
1922        141458.23558
1923        141863.98899
1924        142270.82685
1925        142678.75182
1926        143087.76654
1927        143497.87367
1928        143909.07586
1929        144321.37579
1930        144734.77612
1931        145149.27954
1932        145564.88872
1933        145981.60636
1934        146399.43515
1935        146818.37780
1936        147238.43700
1937        147659.61548
1938        148081.91595
1939        148505.34113
1940        148929.89375
1941        149355.57655
1942        149782.39227
1943        150210.34366
1944        150639.43347
1945        151069.66446
1946        151501.03939
1947        151933.56104
1948        152367.23218
1949        152802.05560
1950        153238.03408
1951        153675.17041
1952        154113.46740
1953        154552.92786
1954        154993.55459
1955        155435.35041
1956        155878.31815
1957        156322.46064
1958        156767.78071
1959        157214.28121
1960        157661.96499
1961        158110.83489
1962        158560.89377
1963        159012.14452
1964        159464.58998
1965        159918.23306
1966        160373.07662
1967        160829.12356
1968        161286.37678
1969        161744.83917
1970        162204.51365
1971        162665.40314
1972        163127.51055
1973        163590.83880
1974        164055.39085
1975        164521.16961
1976        164988.17804
1977        165456.41910
1978        165925.89573
1979        166396.61090
1980        166868.56759
1981        167341.76877
1982        167816.21742
1983        168291.91653
1984        168768.86910
1985        169247.07813
1986        169726.54663
1987        170207.27760
1988        170689.27408
1989        171172.53909
1990        171657.07566
1991        172142.88683
1992        172629.97565
1993        173118.34517
1994        173607.99845
1995        174098.93855
1996        174591.16854
1997        175084.69151
1998        175579.51053
1999        176075.62870
2000        176573.04912
2001        177071.77488
2002        177571.80910
2003        178073.15490
2004        178575.81539
2005        179079.79371
2006        179585.09299
2007        180091.71638
2008        180599.66702
2009        181108.94806
2010        181619.56268
2011        182131.51404
2012        182644.80531
2013        183159.43968
2014        183675.42033
2015        184192.75046
2016        184711.43327
2017        185231.47197
2018        185752.86977
2019        186275.62989
2020        186799.75557
2021        187325.25003
2022        187852.11652
2023        188380.35829
2024        188909.97858
2025        189440.98067
2026        189973.36782
2027        190507.14330
2028        191042.31039
2029        191578.87239
2030        192116.83259
2031        192656.19429
2032        193196.96080
2033        193739.13543
2034        194282.72150
2035        194827.72236
2036        195374.14132
2037        195921.98173
2038        196471.24695
2039        197021.94033
2040        197574.06523
2041        198127.62502
2042        198682.62308
2043        199239.06279
2044        199796.94754
2045        200356.28074
2046        200917.06578
2047        201479.30607
2048        202043.00505
2049        202608.16612
2050        203174.79272
2051        203742.88830
2052        204312.45629
2053        204883.50016
2054        205456.02336
2055        206030.02935
2056        206605.52162
2057        207182.50365
2058        207760.97892
2059        208340.95093
2060        208922.42318
2061        209505.39919
2062        210089.88246
2063        210675.87652
2064        211263.38491
2065        211852.41116
2066        212442.95882
2067        213035.03144
2068        213628.63258
2069        214223.76581
2070        214820.43470
2071        215418.64283
2072        216018.39379
2073        216619.69119
2074        217222.53861
2075        217826.93967
2076        218432.89799
2077        219040.41719
2078        219649.50091
2079        220260.15279
2080        220872.37647
2081        221486.17560
2082        222101.55385
2083        222718.51489
2084        223337.06239
2085        223957.20004
2086        224578.93153
2087        225202.26055
2088        225827.19081
2089        226453.72603
2090        227081.86992
2091        227711.62622
2092        228342.99865
2093        228975.99097
2094        229610.60692
2095        230246.85026
2096        230884.72475
2097        231524.23418
2098        232165.38231
2099        232808.17294
2100        233452.60987
2101        234098.69689
2102        234746.43781
2103        235395.83646
2104        236046.89667
2105        236699.62225
2106        237354.01707
2107        238010.08495
2108        238667.82977
2109        239327.25538
2110        239988.36566
2111        240651.16448
2112        241315.65573
2113        241981.84331
2114        242649.73113
2115        243319.32308
2116        243990.62309
2117        244663.63508
2118        245338.36299
2119        246014.81075
2120        246692.98233
2121        247372.88166
2122        248054.51273
2123        248737.87949
2124        249422.98594
2125        250109.83606
2126        250798.43384
2127        251488.78328
2128        252180.88841
2129        252874.75324
2130        253570.38179
2131        254267.77811
2132        254966.94623
2133        255667.89020
2134        256370.61410
2135        257075.12197
2136        257781.41791
2137        258489.50598
2138        259199.39029
2139        259911.07493
2140        260624.56400
2141        261339.86163
2142        262056.97193
2143        262775.89905
2144        263496.64710
2145        264219.22026
2146        264943.62266
2147        265669.85847
2148        266397.93187
2149        267127.84704
2150        267859.60815
2151        268593.21942
2152        269328.68503
2153        270066.00922
2154        270805.19618
2155        271546.25017
2156        272289.17540
2157        273033.97613
2158        273780.65661
2159        274529.22110
2160        275279.67388
2161        276032.01921
2162        276786.26139
2163        277542.40472
2164        278300.45348
2165        279060.41201
2166        279822.28460
2167        280586.07561
2168        281351.78935
2169        282119.43018
2170        282889.00245
2171        283660.51052
2172        284433.95876
2173        285209.35155
2174        285986.69327
2175        286765.98833
2176        287547.24112
2177        288330.45605
2178        289115.63756
2179        289902.79007
2180        290691.91801
2181        291483.02583
2182        292276.11798
2183        293071.19894
2184        293868.27317
2185        294667.34515
2186        295468.41938
2187        296271.50034
2188        297076.59255
2189        297883.70052
2190        298692.82877
2191        299503.98184
2192        300317.16426
2193        301132.38059
2194        301949.63539
2195        302768.93322
2196        303590.27865
2197        304413.67628
2198        305239.13069
2199        306066.64649
2200        306896.22828
2201        307727.88069
2202        308561.60835
2203        309397.41588
2204        310235.30794
2205        311075.28919
2206        311917.36427
2207        312761.53788
2208        313607.81468
2209        314456.19937
2210        315306.69665
2211        316159.31122
2212        317014.04780
2213        317870.91112
2214        318729.90591
2215        319591.03691
2216        320454.30889
2217        321319.72658
2218        322187.29478
2219        323057.01825
2220        323928.90179
2221        324802.95019
2222        325679.16827
2223        326557.56082
2224        327438.13269
2225        328320.88870
2226        329205.83369
2227        330092.97252
2228        330982.31005
2229        331873.85115
2230        332767.60070
2231        333663.56358
2232        334561.74469
2233        335462.14894
2234        336364.78125
2235        337269.64654
2236        338176.74974
2237        339086.09580
2238        339997.68967
2239        340911.53631
2240        341827.64069
2241        342746.00780
2242        343666.64262
2243        344589.55015
2244        345514.73541
2245        346442.20340
2246        347371.95916
2247        348304.00772
2248        349238.35413
2249        350175.00344
2250        351113.96071
2251        352055.23103
2252        352998.81947
2253        353944.73113
2254        354892.97111
2255        355843.54452
2256        356796.45648
2257        357751.71212
2258        358709.31659
2259        359669.27503
2260        360631.59259
2261        361596.27446
2262        362563.32581
2263        363532.75182
2264        364504.55770
2265        365478.74865
2266        366455.32988
2267        367434.30663
2268        368415.68412
2269        369399.46761
2270        370385.66235
2271        371374.27360
2272        372365.30664
2273        373358.76675
2274        374354.65923
2275        375352.98938
2276        376353.76251
2277        377356.98394
2278        378362.65902
2279        379370.79308
2280        380381.39147
2281        381394.45955
2282        382410.00270
2283        383428.02630
2284        384448.53575
2285        385471.53643
2286        386497.03377
2287        387525.03318
2288        388555.54010
2289        389588.55996
2290        390624.09822
2291        391662.16034
2292        392702.75179
2293        393745.87805
2294        394791.54461
2295        395839.75697
2296        396890.52064
2297        397943.84114
2298        398999.72400
2299        400058.17477
2300        401119.19899
2301        402182.80223
2302        403248.99005
2303        404317.76804
2304        405389.14179
2305        406463.11689
2306        407539.69897
2307        408618.89363
2308        409700.70652
2309        410785.14328
2310        411872.20955
2311        412961.91100
2312        414054.25330
2313        415149.24214
2314        416246.88320
2315        417347.18219
2316        418450.14482
2317        419555.77682
2318        420664.08392
2319        421775.07187
2320        422888.74641
2321        424005.11332
2322        425124.17836
2323        426245.94733
2324        427370.42602
2325        428497.62024
2326        429627.53580
2327        430760.17852
2328        431895.55426
2329        433033.66885
2330        434174.52815
2331        435318.13804
2332        436464.50439
2333        437613.63309
2334        438765.53004
2335        439920.20115
2336        441077.65235
2337        442237.88956
2338        443400.91873
2339        444566.74581
2340        445735.37676
2341        446906.81757
2342        448081.07420
2343        449258.15267
2344        450438.05897
2345        451620.79912
2346        452806.37915
2347        453994.80509
2348        455186.08300
2349        456380.21894
2350        457577.21897
2351        458777.08917
2352        459979.83565
2353        461185.46449
2354        462393.98181
2355        463605.39375
2356        464819.70642
2357        466036.92598
2358        467257.05858
2359        468480.11039
2360        469706.08759
2361        470934.99637
2362        472166.84292
2363        473401.63347
2364        474639.37422
2365        475880.07141
2366        477123.73129
2367        478370.36011
2368        479619.96413
2369        480872.54963
2370        482128.12291
2371        483386.69025
2372        484648.25796
2373        485912.83237
2374        487180.41981
2375        488451.02662
2376        489724.65916
2377        491001.32378
2378        492281.02687
2379        493563.77481
2380        494849.57399
2381        496138.43084
2382        497430.35176
2383        498725.34320
2384        500023.41159
2385        501324.56338
2386        502628.80505
2387        503936.14306
2388        505246.58391
2389        506560.13409
2390        507876.80012
2391        509196.58851
2392        510519.50580
2393        511845.55853
2394        513174.75325
2395        514507.09654
2396        515842.59498
2397        517181.25514
2398        518523.08363
2399        519868.08707
2400        521216.27208
2401        522567.64528
2402        523922.21333
2403        525279.98289
2404        526640.96062
2405        528005.15321
2406        529372.56735
2407        530743.20973
2408        532117.08708
2409        533494.20613
2410        534874.57360
2411        536258.19626
2412        537645.08086
2413        539035.23417
2414        540428.66298
2415        541825.37409
2416        543225.37430
2417        544628.67043
2418        546035.26932
2419        547445.17780
2420        548858.40274
2421        550274.95099
2422        551694.82943
2423        553118.04496
2424        554544.60447
2425        555974.51489
2426        557407.78312
2427        558844.41612
2428        560284.42082
2429        561727.80419
2430        563174.57320
2431        564624.73483
2432        566078.29608
2433        567535.26396
2434        568995.64549
2435        570459.44769
2436        571926.67761
2437        573397.34231
2438        574871.44885
2439        576349.00432
2440        577830.01579
2441        579314.49038
2442        580802.43520
2443        582293.85738
2444        583788.76405
2445        585287.16237
2446        586789.05950
2447        588294.46262
2448        589803.37890
2449        591315.81556
2450        592831.77980
2451        594351.27884
2452        595874.31993
2453        597400.91030
2454        598931.05723
2455        600464.76797
2456        602002.04982
2457        603542.91007
2458        605087.35603
2459        606635.39502
2460        608187.03437
2461        609742.28143
2462        611301.14356
2463        612863.62813
2464        614429.74251
2465        615999.49411
2466        617572.89032
2467        619149.93858
2468        620730.64630
2469        622315.02094
2470        623903.06995
2471        625494.80079
2472        627090.22096
2473        628689.33794
2474        630292.15924
2475        631898.69238
2476        633508.94488
2477        635122.92430
2478        636740.63818
2479        638362.09410
2480        639987.29963
2481        641616.26238
2482        643248.98994
2483        644885.48993
2484        646525.76999
2485        648169.83776
2486        649817.70089
2487        651469.36706
2488        653124.84394
2489        654784.13923
2490        656447.26064
2491        658114.21588
2492        659785.01269
2493        661459.65882
2494        663138.16201
2495        664820.53005
2496        666506.77070
2497        668196.89178
2498        669890.90109
2499        671588.80644
2500        673290.61568
