1107
11.833113 2.595e-39 0.0663 0.066 0.81 0.0 2329.9116
11.937345 2.286e-34 0.0663 0.066 0.81 0.0 0.0
19.721395 1.734e-38 0.0621 0.062 0.79 0.0 2333.856
19.895115 1.527e-33 0.0621 0.062 0.79 0.0 3.9792
27.608986 1.798e-37 0.0588 0.059 0.78 0.0 2341.7447
27.852196 1.582e-32 0.0588 0.059 0.78 0.0 11.9373
35.495612 2.949e-37 0.0562 0.056 0.77 0.0 2353.5774
35.808313 2.594e-32 0.0562 0.056 0.77 0.0 23.8743
43.380995 1.468e-36 0.0542 0.054 0.76 0.0 2369.3537
43.763189 1.29e-31 0.0542 0.054 0.76 0.0 39.7895
51.26486 1.513e-36 0.0525 0.052 0.76 0.0 2389.073
51.71655 1.328e-31 0.0525 0.052 0.76 0.0 59.6826
59.146931 5.421e-36 0.0512 0.051 0.75 0.0 2412.7347
59.66812 4.754e-31 0.0512 0.051 0.75 0.0 83.5527
67.026932 4.353e-36 0.0499 0.05 0.74 0.0 2440.3379
67.617623 3.813e-31 0.0499 0.05 0.74 0.0 111.3991
74.904588 1.279e-35 0.0488 0.049 0.73 0.0 2471.8816
75.564784 1.119e-30 0.0488 0.049 0.73 0.0 143.2209
82.779621 8.72e-36 0.0476 0.048 0.71 0.0 2507.3648
83.509328 7.614e-31 0.0476 0.048 0.71 0.0 179.0168
90.651758 2.228e-35 0.0463 0.046 0.68 0.0 2546.7862
91.450979 1.942e-30 0.0463 0.046 0.68 0.0 218.7856
98.520721 1.345e-35 0.0448 0.045 0.65 0.0 2590.1444
99.389462 1.169e-30 0.0448 0.045 0.65 0.0 262.5261
106.386236 3.083e-35 0.0433 0.043 0.62 0.0 2637.4379
107.324503 2.676e-30 0.0433 0.043 0.62 0.0 310.2366
114.248026 1.687e-35 0.0415 0.042 0.57 0.0 2688.6651
115.255825 1.461e-30 0.0415 0.042 0.57 0.0 361.9156
122.105817 3.537e-35 0.0396 0.04 0.52 0.0 2743.8242
123.183154 3.055e-30 0.0396 0.04 0.52 0.0 417.5611
129.959333 1.781e-35 0.0375 0.037 0.47 0.0 2802.9132
131.106216 1.535e-30 0.0375 0.037 0.47 0.0 477.1714
137.808299 3.457e-35 0.0354 0.035 0.41 0.0 2865.93
139.024735 2.97e-30 0.0354 0.035 0.41 0.0 540.7443
145.65244 1.619e-35 0.0332 0.033 0.34 0.0 2932.8725
146.938437 1.386e-30 0.0332 0.033 0.34 0.0 608.2776
153.49148 2.932e-35 0.0311 0.031 0.27 0.0 3003.7383
154.847047 2.503e-30 0.0311 0.031 0.27 0.0 679.769
161.325146 1.285e-35 0.0291 0.029 0.2 0.0 3078.5249
162.750292 1.094e-30 0.0291 0.029 0.2 0.0 755.216
169.153161 2.185e-35 0.0274 0.027 0.2 0.0 3157.2298
170.647896 1.853e-30 0.0274 0.027 0.2 0.0 834.6161
176.975252 9.017e-36 0.0273 0.027 0.2 0.0 3239.8501
178.539585 7.619e-31 0.0273 0.027 0.2 0.0 917.9663
184.791144 1.446e-35 0.0273 0.027 0.2 0.0 3326.3829
186.425086 1.217e-30 0.0273 0.027 0.2 0.0 1005.2639
192.600563 5.636e-36 0.0273 0.027 0.2 0.0 3416.8253
194.304125 4.725e-31 0.0273 0.027 0.2 0.0 1096.5059
200.403234 8.551e-36 0.0273 0.027 0.2 0.0 3511.1741
202.176428 7.14e-31 0.0273 0.027 0.2 0.0 1191.689
208.198883 3.158e-36 0.0273 0.027 0.2 0.0 3609.4259
210.041721 2.626e-31 0.0273 0.027 0.2 0.0 1290.81
215.987236 4.546e-36 0.0273 0.027 0.2 0.0 3711.5773
217.899732 3.763e-31 0.0273 0.027 0.2 0.0 1393.8655
223.768021 1.595e-36 0.0273 0.027 0.2 0.0 3817.6248
225.750187 1.314e-31 0.0273 0.027 0.2 0.0 1500.8518
231.540962 2.183e-36 0.0273 0.027 0.2 0.0 3927.5645
233.592812 1.789e-31 0.0273 0.027 0.2 0.0 1611.7652
239.305788 7.286e-37 0.0273 0.027 0.2 0.0 4041.3928
241.427336 5.944e-32 0.0273 0.027 0.2 0.0 1726.6019
247.062223 9.496e-37 0.0273 0.027 0.2 0.0 4159.1055
249.253485 7.707e-32 0.0273 0.027 0.2 0.0 1845.358
254.809997 3.021e-37 0.0273 0.027 0.2 0.0 4280.6986
257.070988 2.439e-32 0.0273 0.027 0.2 0.0 1968.0293
262.548835 3.756e-37 0.0273 0.027 0.2 0.0 4406.1677
264.879571 3.016e-32 0.0273 0.027 0.2 0.0 2094.6115
270.278465 1.14e-37 0.0273 0.027 0.2 0.0 4535.5086
272.678963 9.105e-33 0.0273 0.027 0.2 0.0 2225.1003
277.998614 1.354e-37 0.0273 0.027 0.2 0.0 4668.7166
280.468893 1.074e-32 0.0273 0.027 0.2 0.0 2359.4911
285.709011 3.926e-38 0.0273 0.027 0.2 0.0 4805.787
288.249088 3.098e-33 0.0273 0.027 0.2 0.0 2497.7792
293.409383 4.455e-38 0.0273 0.027 0.2 0.0 4946.7152
296.019276 3.494e-33 0.0273 0.027 0.2 0.0 2639.96
301.099459 1.236e-38 0.0273 0.027 0.2 0.0 5091.4961
303.779188 9.632e-34 0.0273 0.027 0.2 0.0 2786.0283
308.778967 1.341e-38 0.0273 0.027 0.2 0.0 5240.1246
311.528552 1.039e-33 0.0273 0.027 0.2 0.0 2935.9792
316.447635 3.562e-39 0.0273 0.027 0.2 0.0 5392.5955
319.267097 2.74e-34 0.0273 0.027 0.2 0.0 3089.8075
324.105193 3.702e-39 0.0273 0.027 0.2 0.0 5548.9035
326.994553 2.828e-34 0.0273 0.027 0.2 0.0 3247.5078
334.71065 7.142e-35 0.0273 0.027 0.2 0.0 3409.0746
342.415117 7.061e-35 0.0273 0.027 0.2 0.0 3574.5023
350.107686 1.708e-35 0.0273 0.027 0.2 0.0 3743.7852
357.788086 1.619e-35 0.0273 0.027 0.2 0.0 3916.9175
365.456049 3.755e-36 0.0273 0.027 0.2 0.0 4093.8929
373.111305 3.412e-36 0.0273 0.027 0.2 0.0 4274.7055
380.753586 7.59e-37 0.0273 0.027 0.2 0.0 4459.349
388.382623 6.616e-37 0.0273 0.027 0.2 0.0 4647.8168
395.998149 1.413e-37 0.0273 0.027 0.2 0.0 4840.1026
403.599896 1.182e-37 0.0273 0.027 0.2 0.0 5036.1995
411.187596 2.422e-38 0.0273 0.027 0.2 0.0 5236.1007
418.760981 1.946e-38 0.0273 0.027 0.2 0.0 5439.7994
426.319785 3.831e-39 0.0273 0.027 0.2 0.0 5647.2883
433.863742 2.957e-39 0.0273 0.027 0.2 0.0 5858.5603
1881.949441 3.674e-39 0.0273 0.027 0.2 0.0 5439.7994
1891.293418 4.959e-39 0.0273 0.027 0.2 0.0 5236.1007
1900.616119 2.628e-38 0.0273 0.027 0.2 0.0 5036.1995
1909.917291 3.415e-38 0.0273 0.027 0.2 0.0 4840.1026
1919.196678 1.742e-37 0.0273 0.027 0.2 0.0 4647.8168
1928.454026 2.179e-37 0.0273 0.027 0.2 0.0 4459.349
1937.689078 1.07e-36 0.0273 0.027 0.2 0.0 4274.7055
1946.901579 1.288e-36 0.0273 0.027 0.2 0.0 4093.8929
1956.091271 6.082e-36 0.0273 0.027 0.2 0.0 3916.9175
1965.257896 7.045e-36 0.0273 0.027 0.2 0.0 3743.7852
1966.628494 4.218e-39 0.0273 0.027 0.2 0.0 5548.9035
1974.401195 3.202e-35 0.0273 0.027 0.2 0.0 3574.5023
1975.634647 4.49e-39 0.0273 0.027 0.2 0.0 5392.5955
1983.52091 3.567e-35 0.0273 0.027 0.2 0.0 3409.0746
1984.616333 1.875e-38 0.0273 0.027 0.2 0.0 5240.1246
1992.616781 1.559e-34 0.0273 0.027 0.2 0.0 3247.5078
1993.573291 1.919e-38 0.0273 0.027 0.2 0.0 5091.4961
2001.688548 1.671e-34 0.0273 0.027 0.2 0.0 3089.8075
2002.505259 7.706e-38 0.0273 0.027 0.2 0.0 4946.7152
2010.73595 7.024e-34 0.0273 0.027 0.2 0.0 2935.9792
2011.411974 7.586e-38 0.0273 0.027 0.2 0.0 4805.787
2019.758725 7.237e-34 0.0273 0.027 0.2 0.0 2786.0283
2020.293175 2.929e-37 0.0273 0.027 0.2 0.0 4668.7166
2028.756612 2.924e-33 0.0273 0.027 0.2 0.0 2639.96
2029.148597 2.771e-37 0.0273 0.027 0.2 0.0 4535.5086
2037.729348 2.897e-33 0.0273 0.027 0.2 0.0 2497.7792
2037.977976 1.028e-36 0.0273 0.027 0.2 0.0 4406.1677
2046.67667 1.125e-32 0.0273 0.027 0.2 0.0 2359.4911
2046.781048 9.352e-37 0.0273 0.027 0.2 0.0 4280.6986
2055.557548 3.335e-36 0.0273 0.027 0.2 0.0 4159.1055
2055.598315 1.071e-32 0.0273 0.027 0.2 0.0 2225.1003
2064.30721 2.913e-36 0.0273 0.027 0.2 0.0 4041.3928
2064.494018 3.996e-32 0.0273 0.027 0.2 0.0 2094.6115
2073.029769 9.976e-36 0.0273 0.027 0.2 0.0 3927.5645
2073.363515 3.654e-32 0.0273 0.027 0.2 0.0 1968.0293
2080.55754 1.49e-39 0.0273 0.027 0.2 0.0 5801.9698
2081.724958 8.369e-36 0.0273 0.027 0.2 0.0 3817.6248
2082.206541 1.31e-31 0.0273 0.027 0.2 0.0 1845.358
2089.073101 1.146e-39 0.0273 0.027 0.2 0.0 5708.458
2090.39251 2.752e-35 0.0273 0.027 0.2 0.0 3711.5773
2091.02283 1.15e-31 0.0273 0.027 0.2 0.0 1726.6019
2097.559855 3.454e-39 0.0273 0.027 0.2 0.0 5618.8177
2099.032157 2.216e-35 0.0273 0.027 0.2 0.0 3609.4259
2099.812117 3.958e-31 0.0273 0.027 0.2 0.0 1611.7652
2106.01753 2.548e-39 0.0273 0.027 0.2 0.0 5533.052
2107.643632 6.99e-35 0.0273 0.027 0.2 0.0 3511.1741
2108.574134 3.337e-31 0.0273 0.027 0.2 0.0 1500.8518
2114.445859 7.357e-39 0.0274 0.027 0.2 0.0 5451.1639
2116.226667 5.399e-35 0.0273 0.027 0.2 0.0 3416.8253
2117.308615 1.102e-30 0.0273 0.027 0.2 0.0 1393.8655
2122.844571 5.198e-39 0.0291 0.029 0.2 0.0 5373.1564
2124.780993 1.633e-34 0.0273 0.027 0.2 0.0 3326.3829
2126.015293 8.914e-31 0.0273 0.027 0.2 0.0 1290.81
2131.213395 1.437e-38 0.0311 0.031 0.27 0.0 5299.0322
2133.306341 1.209e-34 0.0273 0.027 0.2 0.0 3239.8501
2134.693899 2.824e-30 0.0273 0.027 0.2 0.0 1191.689
2139.552061 9.717e-39 0.0332 0.033 0.34 0.0 5228.794
2141.802441 3.505e-34 0.0274 0.027 0.2 0.0 3157.2298
2143.344166 2.19e-30 0.0273 0.027 0.2 0.0 1096.5059
2147.860298 2.569e-38 0.0354 0.035 0.41 0.0 5162.4441
2150.269023 2.485e-34 0.0291 0.029 0.2 0.0 3078.5249
2151.965824 6.652e-30 0.0273 0.027 0.2 0.0 1005.2639
2156.137833 1.659e-38 0.0375 0.037 0.47 0.0 5099.985
2158.705818 6.894e-34 0.0311 0.031 0.27 0.0 3003.7383
2160.558605 4.944e-30 0.0273 0.027 0.2 0.0 917.9663
2164.384394 4.183e-38 0.0396 0.04 0.52 0.0 5041.419
2167.112553 4.675e-34 0.0332 0.033 0.34 0.0 2932.8725
2169.12224 1.438e-29 0.0274 0.027 0.2 0.0 834.6161
2172.59971 2.574e-38 0.0415 0.042 0.57 0.0 4986.7479
2175.488959 1.239e-33 0.0354 0.035 0.41 0.0 2865.93
2177.656457 1.023e-29 0.0291 0.029 0.2 0.0 755.216
2180.783508 6.174e-38 0.0433 0.043 0.62 0.0 4935.9739
2183.834763 8.026e-34 0.0375 0.037 0.47 0.0 2802.9132
2186.160988 2.848e-29 0.0311 0.031 0.27 0.0 679.769
2188.935514 3.605e-38 0.0448 0.045 0.65 0.0 4889.0986
2192.149695 2.029e-33 0.0396 0.04 0.52 0.0 2743.8242
2194.635561 1.937e-29 0.0332 0.033 0.34 0.0 608.2776
2197.055455 8.184e-38 0.0463 0.046 0.68 0.0 4846.1238
2200.433481 1.252e-33 0.0415 0.042 0.57 0.0 2688.6651
2203.079906 5.151e-29 0.0354 0.035 0.41 0.0 540.7443
2205.143057 4.506e-38 0.0476 0.048 0.71 0.0 4807.0509
2208.685849 3.009e-33 0.0433 0.043 0.62 0.0 2637.4379
2211.493751 3.345e-29 0.0375 0.037 0.47 0.0 477.1714
2213.198046 9.6e-38 0.0488 0.049 0.73 0.0 4771.8814
2216.906527 1.761e-33 0.0448 0.045 0.65 0.0 2590.1444
2219.876825 8.48e-29 0.0396 0.04 0.52 0.0 417.5611
2221.220147 4.925e-38 0.0499 0.05 0.74 0.0 4740.6165
2225.095241 4.005e-33 0.0463 0.046 0.68 0.0 2546.7862
2228.228855 5.242e-29 0.0415 0.042 0.57 0.0 361.9156
2229.209086 9.671e-38 0.0512 0.051 0.75 0.0 4713.2573
2233.251717 2.209e-33 0.0476 0.048 0.71 0.0 2507.3648
2236.54957 1.263e-28 0.0433 0.043 0.62 0.0 310.2366
2237.164588 4.496e-38 0.0525 0.052 0.76 0.0 4689.8047
2241.375683 4.714e-33 0.0488 0.049 0.73 0.0 2471.8816
2244.838696 7.407e-29 0.0448 0.045 0.65 0.0 262.5261
2245.086377 7.767e-38 0.0542 0.054 0.76 0.0 4670.2596
2249.466863 2.422e-33 0.0499 0.05 0.74 0.0 2440.3379
2252.974178 2.986e-38 0.0562 0.056 0.77 0.0 4654.6228
2253.095961 1.688e-28 0.0463 0.046 0.68 0.0 218.7856
2257.524983 4.762e-33 0.0512 0.051 0.75 0.0 2412.7347
2260.827714 3.575e-38 0.0588 0.059 0.78 0.0 4642.8946
2261.321091 9.329e-29 0.0476 0.048 0.71 0.0 179.0168
2262.065563 1.596e-39 0.02 0.02 0.2 0.0 5801.9698
2262.905123 1.207e-39 0.0214 0.021 0.2 0.0 5708.458
2263.709651 3.576e-39 0.023 0.023 0.2 0.0 5618.8177
2264.479154 2.594e-39 0.025 0.025 0.2 0.0 5533.052
2265.213638 7.372e-39 0.0273 0.027 0.2 0.0 5451.1639
2265.549769 2.216e-33 0.0525 0.052 0.76 0.0 2389.073
2265.913109 5.126e-39 0.0299 0.03 0.2 0.0 5373.1564
2266.577573 1.396e-38 0.0327 0.033 0.27 0.0 5299.0322
2267.207035 9.294e-39 0.0332 0.033 0.34 0.0 5228.794
2267.801499 2.422e-38 0.0339 0.034 0.41 0.0 5162.4441
2268.360971 1.542e-38 0.033 0.033 0.47 0.0 5099.985
2268.885455 3.839e-38 0.0357 0.036 0.52 0.0 5041.419
2269.374956 2.333e-38 0.0356 0.036 0.57 0.0 4986.7479
2269.513814 1.994e-28 0.0488 0.049 0.73 0.0 143.2209
2269.750311 1.322e-39 0.02 0.02 0.2 0.0 5873.0087
2269.829476 5.536e-38 0.0374 0.037 0.62 0.0 4935.9739
2270.249019 3.202e-38 0.0432 0.043 0.65 0.0 4889.0986
2270.633589 7.216e-38 0.0466 0.047 0.68 0.0 4846.1238
2270.983189 3.954e-38 0.0472 0.047 0.71 0.0 4807.0509
2271.217207 1.433e-39 0.02 0.02 0.2 0.0 5709.0431
2271.297821 8.415e-38 0.0469 0.047 0.73 0.0 4771.8814
2271.577488 4.336e-38 0.0476 0.048 0.74 0.0 4740.6165
2271.822191 8.625e-38 0.0469 0.047 0.75 0.0 4713.2573
2272.031934 4.12e-38 0.0477 0.048 0.76 0.0 4689.8047
2272.206717 7.512e-38 0.049 0.049 0.76 0.0 4670.2596
2272.346542 3.236e-38 0.0509 0.051 0.77 0.0 4654.6228
2272.45141 5.245e-38 0.0535 0.053 0.78 0.0 4642.8946
2272.521321 2.288e-38 0.0567 0.057 0.79 0.0 4635.0756
2272.649023 6.101e-39 0.02 0.02 0.2 0.0 5548.9035
2273.540946 3.832e-33 0.0542 0.054 0.76 0.0 2369.3537
2274.04577 6.367e-39 0.02 0.02 0.2 0.0 5392.5955
2275.407461 2.607e-38 0.02 0.02 0.2 0.0 5240.1246
2276.734106 2.618e-38 0.02 0.02 0.2 0.0 5091.4961
2277.673854 1.026e-28 0.0499 0.05 0.74 0.0 111.3991
2278.025716 1.031e-37 0.02 0.02 0.2 0.0 4946.7152
2279.282302 9.957e-38 0.02 0.02 0.2 0.0 4805.787
2280.112167 1.263e-39 0.02 0.02 0.2 0.0 5647.2883
2280.503873 3.772e-37 0.02 0.02 0.2 0.0 4668.7166
2281.498238 1.474e-33 0.0562 0.056 0.77 0.0 2353.5774
2281.690439 3.502e-37 0.02 0.02 0.2 0.0 4535.5086
2281.959652 6.806e-39 0.02 0.02 0.2 0.0 5439.7994
2282.842009 1.275e-36 0.02 0.02 0.2 0.0 4406.1677
2283.772036 8.998e-39 0.02 0.02 0.2 0.0 5236.1007
2283.958593 1.138e-36 0.02 0.02 0.2 0.0 4280.6986
2284.179972 3.99e-38 0.0663 0.066 0.81 0.0 4631.1661
2285.040199 3.985e-36 0.02 0.02 0.2 0.0 4159.1055
2285.549336 4.669e-38 0.02 0.02 0.2 0.0 5036.1995
2285.800938 2.019e-28 0.0512 0.051 0.75 0.0 83.5527
2286.086835 3.418e-36 0.02 0.02 0.2 0.0 4041.3928
2287.09851 1.149e-35 0.02 0.02 0.2 0.0 3927.5645
2287.291567 5.944e-38 0.02 0.02 0.2 0.0 4840.1026
2288.075231 9.47e-36 0.02 0.02 0.2 0.0 3817.6248
2288.998742 2.97e-37 0.02 0.02 0.2 0.0 4647.8168
2289.017005 3.058e-35 0.02 0.02 0.2 0.0 3711.5773
2289.42137 1.766e-33 0.0588 0.059 0.78 0.0 2341.7447
2289.92384 2.42e-35 0.02 0.02 0.2 0.0 3609.4259
2290.670876 3.64e-37 0.02 0.02 0.2 0.0 4459.349
2290.795743 7.502e-35 0.02 0.02 0.2 0.0 3511.1741
2291.63272 5.695e-35 0.0214 0.021 0.2 0.0 3416.8253
2291.893685 3.586e-38 0.0621 0.062 0.79 0.0 4635.0756
2292.307983 1.751e-36 0.02 0.02 0.2 0.0 4274.7055
2292.434777 1.694e-34 0.023 0.023 0.2 0.0 3326.3829
2293.20192 1.233e-34 0.025 0.025 0.2 0.0 3239.8501
2293.894793 9.408e-29 0.0525 0.052 0.76 0.0 59.6826
2293.910075 2.065e-36 0.02 0.02 0.2 0.0 4093.8929
2293.934155 3.517e-34 0.0273 0.027 0.2 0.0 3157.2298
2294.631487 2.454e-34 0.0299 0.03 0.2 0.0 3078.5249
2295.293921 6.703e-34 0.0327 0.033 0.27 0.0 3003.7383
2295.477165 9.559e-36 0.02 0.02 0.2 0.0 3916.9175
2295.921463 4.477e-34 0.0332 0.033 0.34 0.0 2932.8725
2296.514117 1.17e-33 0.0339 0.034 0.41 0.0 2865.93
2297.009265 1.085e-35 0.02 0.02 0.2 0.0 3743.7852
2297.071886 7.47e-34 0.033 0.033 0.47 0.0 2802.9132
2297.594776 1.864e-33 0.0357 0.036 0.52 0.0 2743.8242
2298.082789 1.136e-33 0.0356 0.036 0.57 0.0 2688.6651
2298.506388 4.834e-35 0.02 0.02 0.2 0.0 3574.5023
2298.53593 2.701e-33 0.0374 0.037 0.62 0.0 2637.4379
2298.954202 1.565e-33 0.0432 0.043 0.65 0.0 2590.1444
2299.337607 3.534e-33 0.0466 0.047 0.68 0.0 2546.7862
2299.571749 1.004e-37 0.0588 0.059 0.78 0.0 4642.8946
2299.686148 1.94e-33 0.0472 0.047 0.71 0.0 2507.3648
2299.968546 5.28e-35 0.02 0.02 0.2 0.0 3409.0746
2299.999829 4.134e-33 0.0469 0.047 0.73 0.0 2471.8816
2300.27865 2.133e-33 0.0476 0.048 0.74 0.0 2440.3379
2300.522614 4.248e-33 0.0469 0.047 0.75 0.0 2412.7347
2300.731723 2.032e-33 0.0477 0.048 0.76 0.0 2389.073
2300.905978 3.707e-33 0.049 0.049 0.76 0.0 2369.3537
2301.045381 1.598e-33 0.0509 0.051 0.77 0.0 2353.5774
2301.149932 2.591e-33 0.0535 0.053 0.78 0.0 2341.7447
2301.219633 1.131e-33 0.0567 0.057 0.79 0.0 2333.856
2301.395748 2.263e-34 0.02 0.02 0.2 0.0 3247.5078
2301.955142 1.628e-28 0.0542 0.054 0.76 0.0 39.7895
2302.788007 2.377e-34 0.02 0.02 0.2 0.0 3089.8075
2304.145333 9.799e-34 0.02 0.02 0.2 0.0 2935.9792
2305.467736 9.901e-34 0.02 0.02 0.2 0.0 2786.0283
2306.755226 3.924e-33 0.02 0.02 0.2 0.0 2639.96
2307.213888 6.251e-38 0.0562 0.056 0.77 0.0 4654.6228
2308.007813 3.813e-33 0.02 0.02 0.2 0.0 2497.7792
2309.225505 1.453e-32 0.02 0.02 0.2 0.0 2359.4911
2309.981711 6.269e-29 0.0562 0.056 0.77 0.0 23.8743
2310.408312 1.357e-32 0.02 0.02 0.2 0.0 2225.1003
2311.556242 4.969e-32 0.02 0.02 0.2 0.0 2094.6115
2312.669303 4.459e-32 0.02 0.02 0.2 0.0 1968.0293
2312.983045 1.973e-33 0.0663 0.066 0.81 0.0 2329.9116
2313.747503 1.569e-31 0.02 0.02 0.2 0.0 1845.358
2314.790851 1.352e-31 0.02 0.02 0.2 0.0 1726.6019
2314.819822 1.447e-37 0.0542 0.054 0.76 0.0 4670.2596
2315.799353 4.57e-31 0.02 0.02 0.2 0.0 1611.7652
2316.773017 3.783e-31 0.02 0.02 0.2 0.0 1500.8518
2317.711849 1.227e-30 0.02 0.02 0.2 0.0 1393.8655
2317.974225 7.515e-29 0.0588 0.059 0.78 0.0 11.9373
2318.615855 9.754e-31 0.02 0.02 0.2 0.0 1290.81
2319.485043 3.037e-30 0.02 0.02 0.2 0.0 1191.689
2320.319418 2.315e-30 0.0214 0.021 0.2 0.0 1096.5059
2320.766776 1.772e-33 0.0621 0.062 0.79 0.0 2333.856
2321.118985 6.912e-30 0.023 0.023 0.2 0.0 1005.2639
2321.883751 5.051e-30 0.025 0.025 0.2 0.0 917.9663
2322.389274 7.926e-38 0.0525 0.052 0.76 0.0 4689.8047
2322.61372 1.445e-29 0.0273 0.027 0.2 0.0 834.6161
2323.308897 1.012e-29 0.0299 0.03 0.2 0.0 755.216
2323.969287 2.773e-29 0.0327 0.033 0.27 0.0 679.769
2324.594894 1.858e-29 0.0332 0.033 0.34 0.0 608.2776
2325.185723 4.868e-29 0.0339 0.034 0.41 0.0 540.7443
2325.741777 3.117e-29 0.033 0.033 0.47 0.0 477.1714
2326.26306 7.798e-29 0.0357 0.036 0.52 0.0 417.5611
2326.749576 4.762e-29 0.0356 0.036 0.57 0.0 361.9156
2327.201327 1.135e-28 0.0374 0.037 0.62 0.0 310.2366
2327.618317 6.59e-29 0.0432 0.043 0.65 0.0 262.5261
2328.000549 1.491e-28 0.0466 0.047 0.68 0.0 218.7856
2328.348024 8.196e-29 0.0472 0.047 0.71 0.0 179.0168
2328.514965 4.959e-33 0.0588 0.059 0.78 0.0 2341.7447
2328.660745 1.75e-28 0.0469 0.047 0.73 0.0 143.2209
2328.938714 9.039e-29 0.0476 0.048 0.74 0.0 111.3991
2329.181934 1.802e-28 0.0469 0.047 0.75 0.0 83.5527
2329.390404 8.627e-29 0.0477 0.048 0.76 0.0 59.6826
2329.564128 1.575e-28 0.049 0.049 0.76 0.0 39.7895
2329.703105 6.797e-29 0.0509 0.051 0.77 0.0 23.8743
2329.807338 1.103e-28 0.0535 0.053 0.78 0.0 11.9373
2329.876826 4.814e-29 0.0567 0.057 0.79 0.0 3.9792
2329.921966 1.662e-37 0.0512 0.051 0.75 0.0 4713.2573
2336.227335 3.088e-33 0.0562 0.056 0.77 0.0 2353.5774
2337.41762 8.396e-38 0.0499 0.05 0.74 0.0 4740.6165
2341.744682 8.4e-29 0.0663 0.066 0.81 0.0 0.0
2343.903609 7.141e-33 0.0542 0.054 0.76 0.0 2369.3537
2344.875955 1.641e-37 0.0488 0.049 0.73 0.0 4771.8814
2349.59822 7.546e-29 0.0621 0.062 0.79 0.0 3.9792
2351.54351 3.91e-33 0.0525 0.052 0.76 0.0 2389.073
2352.296694 7.775e-38 0.0476 0.048 0.71 0.0 4807.0509
2357.416324 2.111e-28 0.0588 0.059 0.78 0.0 11.9373
2359.14676 8.193e-33 0.0512 0.051 0.75 0.0 2412.7347
2359.679557 1.433e-37 0.0463 0.046 0.68 0.0 4846.1238
2365.198717 1.314e-28 0.0562 0.056 0.77 0.0 23.8743
2366.713081 4.133e-33 0.0499 0.05 0.74 0.0 2440.3379
2367.024264 6.425e-38 0.0448 0.045 0.65 0.0 4889.0986
2372.945123 3.037e-28 0.0542 0.054 0.76 0.0 39.7895
2374.242195 8.066e-33 0.0488 0.049 0.73 0.0 2471.8816
2374.330537 1.124e-37 0.0433 0.043 0.62 0.0 4935.9739
2380.655265 1.661e-28 0.0525 0.052 0.76 0.0 59.6826
2381.598094 4.793e-38 0.0415 0.042 0.57 0.0 4986.7479
2381.733823 3.817e-33 0.0476 0.048 0.71 0.0 2507.3648
2388.328865 3.478e-28 0.0512 0.051 0.75 0.0 83.5527
2388.826657 7.987e-38 0.0396 0.04 0.52 0.0 5041.419
2389.187688 7.022e-33 0.0463 0.046 0.68 0.0 2546.7862
2395.965647 1.753e-28 0.0499 0.05 0.74 0.0 111.3991
2396.015945 3.25e-38 0.0375 0.037 0.47 0.0 5099.985
2396.60351 3.144e-33 0.0448 0.045 0.65 0.0 2590.1444
2403.165677 5.173e-38 0.0354 0.035 0.41 0.0 5162.4441
2403.565333 3.416e-28 0.0488 0.049 0.73 0.0 143.2209
2403.981011 5.487e-33 0.0433 0.043 0.62 0.0 2637.4379
2410.275572 2.012e-38 0.0332 0.033 0.34 0.0 5228.794
2411.127645 1.614e-28 0.0476 0.048 0.71 0.0 179.0168
2411.319912 2.336e-33 0.0415 0.042 0.57 0.0 2688.6651
2417.345351 3.064e-38 0.0311 0.031 0.27 0.0 5299.0322
2418.619934 3.883e-33 0.0396 0.04 0.52 0.0 2743.8242
2418.652306 2.964e-28 0.0463 0.046 0.68 0.0 218.7856
2424.374732 1.141e-38 0.0291 0.029 0.2 0.0 5373.1564
2425.880796 1.576e-33 0.0375 0.037 0.47 0.0 2802.9132
2426.139038 1.325e-28 0.0448 0.045 0.65 0.0 262.5261
2431.363434 1.665e-38 0.0274 0.027 0.2 0.0 5451.1639
2433.10222 2.502e-33 0.0354 0.035 0.41 0.0 2865.93
2433.587563 2.308e-28 0.0433 0.043 0.62 0.0 310.2366
2438.311175 5.943e-39 0.0273 0.027 0.2 0.0 5533.052
2440.283927 9.707e-34 0.0332 0.033 0.34 0.0 2932.8725
2440.997602 9.804e-29 0.0415 0.042 0.57 0.0 361.9156
2445.217674 8.311e-39 0.0273 0.027 0.2 0.0 5618.8177
2447.425635 1.474e-33 0.0311 0.031 0.27 0.0 3003.7383
2448.368877 1.626e-28 0.0396 0.04 0.52 0.0 417.5611
2452.082649 2.846e-39 0.0273 0.027 0.2 0.0 5708.458
2454.527065 5.472e-34 0.0291 0.029 0.2 0.0 3078.5249
2455.70111 6.585e-29 0.0375 0.037 0.47 0.0 477.1714
2458.905819 3.819e-39 0.0273 0.027 0.2 0.0 5801.9698
2461.587938 7.954e-34 0.0274 0.027 0.2 0.0 3157.2298
2462.994022 1.042e-28 0.0354 0.035 0.41 0.0 540.7443
2465.6869 1.255e-39 0.0273 0.027 0.2 0.0 5899.3497
2468.607972 2.83e-34 0.0273 0.027 0.2 0.0 3239.8501
2470.247334 4.033e-29 0.0332 0.033 0.34 0.0 608.2776
2472.425612 1.617e-39 0.0273 0.027 0.2 0.0 6000.5943
2475.586887 3.943e-34 0.0273 0.027 0.2 0.0 3326.3829
2477.460767 6.104e-29 0.0311 0.031 0.27 0.0 679.769
2482.524403 1.345e-34 0.0273 0.027 0.2 0.0 3416.8253
2484.634043 2.26e-29 0.0291 0.029 0.2 0.0 755.216
2489.420239 1.798e-34 0.0273 0.027 0.2 0.0 3511.1741
2491.766881 3.274e-29 0.0274 0.027 0.2 0.0 834.6161
2496.274114 5.885e-35 0.0273 0.027 0.2 0.0 3609.4259
2498.859003 1.161e-29 0.0273 0.027 0.2 0.0 917.9663
2503.085747 7.549e-35 0.0273 0.027 0.2 0.0 3711.5773
2505.910129 1.612e-29 0.0273 0.027 0.2 0.0 1005.2639
2509.854856 2.372e-35 0.0273 0.027 0.2 0.0 3817.6248
2512.919981 5.477e-30 0.0273 0.027 0.2 0.0 1096.5059
2516.581162 2.922e-35 0.0273 0.027 0.2 0.0 3927.5645
2519.888277 7.291e-30 0.0273 0.027 0.2 0.0 1191.689
2523.264381 8.817e-36 0.0273 0.027 0.2 0.0 4041.3928
2526.814738 2.377e-30 0.0273 0.027 0.2 0.0 1290.81
2529.904233 1.043e-35 0.0273 0.027 0.2 0.0 4159.1055
2533.699085 3.035e-30 0.0273 0.027 0.2 0.0 1393.8655
2536.500436 3.025e-36 0.0273 0.027 0.2 0.0 4280.6986
2540.541038 9.496e-31 0.0273 0.027 0.2 0.0 1500.8518
2543.052708 3.44e-36 0.0273 0.027 0.2 0.0 4406.1677
2547.340316 1.164e-30 0.0273 0.027 0.2 0.0 1611.7652
2549.560767 9.586e-37 0.0273 0.027 0.2 0.0 4535.5086
2554.096639 3.497e-31 0.0273 0.027 0.2 0.0 1726.6019
2556.024331 1.048e-36 0.0273 0.027 0.2 0.0 4668.7166
2560.809727 4.117e-31 0.0273 0.027 0.2 0.0 1845.358
2562.443117 2.807e-37 0.0273 0.027 0.2 0.0 4805.787
2567.479299 1.188e-31 0.0273 0.027 0.2 0.0 1968.0293
2568.816844 2.95e-37 0.0273 0.027 0.2 0.0 4946.7152
2574.105076 1.343e-31 0.0273 0.027 0.2 0.0 2094.6115
2575.145229 7.6e-38 0.0273 0.027 0.2 0.0 5091.4961
2580.686776 3.722e-32 0.0273 0.027 0.2 0.0 2225.1003
2581.42799 7.682e-38 0.0273 0.027 0.2 0.0 5240.1246
2587.224119 4.046e-32 0.0273 0.027 0.2 0.0 2359.4911
2587.664842 1.904e-38 0.0273 0.027 0.2 0.0 5392.5955
2593.716824 1.078e-32 0.0273 0.027 0.2 0.0 2497.7792
2593.855504 1.851e-38 0.0273 0.027 0.2 0.0 5548.9035
2599.999693 4.414e-39 0.0273 0.027 0.2 0.0 5709.0431
2600.16461 1.126e-32 0.0273 0.027 0.2 0.0 2639.96
2606.097125 4.129e-39 0.0273 0.027 0.2 0.0 5873.0087
2606.567196 2.883e-33 0.0273 0.027 0.2 0.0 2786.0283
2612.9243 2.895e-33 0.0273 0.027 0.2 0.0 2935.9792
2619.235643 7.128e-34 0.0273 0.027 0.2 0.0 3089.8075
2625.500941 6.885e-34 0.0273 0.027 0.2 0.0 3247.5078
2631.719915 1.63e-34 0.0273 0.027 0.2 0.0 3409.0746
2637.892282 1.515e-34 0.0273 0.027 0.2 0.0 3574.5023
2644.01776 3.451e-35 0.0273 0.027 0.2 0.0 3743.7852
2650.096069 3.084e-35 0.0273 0.027 0.2 0.0 3916.9175
2656.126925 6.76e-36 0.0273 0.027 0.2 0.0 4093.8929
2662.110047 5.815e-36 0.0273 0.027 0.2 0.0 4274.7055
2668.045153 1.227e-36 0.0273 0.027 0.2 0.0 4459.349
2673.93196 1.015e-36 0.0273 0.027 0.2 0.0 4647.8168
2679.770185 2.062e-37 0.0273 0.027 0.2 0.0 4840.1026
2685.559547 1.643e-37 0.0273 0.027 0.2 0.0 5036.1995
2691.299763 3.212e-38 0.0273 0.027 0.2 0.0 5236.1007
2696.990549 2.465e-38 0.0273 0.027 0.2 0.0 5439.7994
2702.631622 4.64e-39 0.0273 0.027 0.2 0.0 5647.2883
2708.2227 3.429e-39 0.0273 0.027 0.2 0.0 5858.5603
4182.728358 1.877e-39 0.0273 0.027 0.2 0.0 4647.8168
4193.593047 2.387e-39 0.0273 0.027 0.2 0.0 4459.349
4204.40031 1.191e-38 0.0273 0.027 0.2 0.0 4274.7055
4215.149903 1.457e-38 0.0273 0.027 0.2 0.0 4093.8929
4225.841582 6.992e-38 0.0273 0.027 0.2 0.0 3916.9175
4236.475102 8.225e-38 0.0273 0.027 0.2 0.0 3743.7852
4247.050218 3.795e-37 0.0273 0.027 0.2 0.0 3574.5023
4254.246848 1.542e-39 0.0273 0.027 0.2 0.0 4946.7152
4257.56668 4.292e-37 0.0273 0.027 0.2 0.0 3409.0746
4264.343864 1.537e-39 0.0273 0.027 0.2 0.0 4805.787
4268.024242 1.904e-36 0.0273 0.027 0.2 0.0 3247.5078
4274.38025 6.009e-39 0.0273 0.027 0.2 0.0 4668.7166
4278.422654 2.07e-36 0.0273 0.027 0.2 0.0 3089.8075
4284.355754 5.757e-39 0.0273 0.027 0.2 0.0 4535.5086
4288.761666 8.822e-36 0.0273 0.027 0.2 0.0 2935.9792
4294.270121 2.163e-38 0.0273 0.027 0.2 0.0 4406.1677
4299.041027 9.217e-36 0.0273 0.027 0.2 0.0 2786.0283
4304.123094 1.99e-38 0.0273 0.027 0.2 0.0 4280.6986
4309.260485 3.776e-35 0.0273 0.027 0.2 0.0 2639.96
4313.914419 7.181e-38 0.0273 0.027 0.2 0.0 4159.1055
4319.419787 3.79e-35 0.0273 0.027 0.2 0.0 2497.7792
4323.643837 6.346e-38 0.0273 0.027 0.2 0.0 4041.3928
4329.51868 1.491e-34 0.0273 0.027 0.2 0.0 2359.4911
4333.311092 2.198e-37 0.0273 0.027 0.2 0.0 3927.5645
4339.556908 1.438e-34 0.0273 0.027 0.2 0.0 2225.1003
4342.915923 1.865e-37 0.0273 0.027 0.2 0.0 3817.6248
4349.534217 5.435e-34 0.0273 0.027 0.2 0.0 2094.6115
4352.458073 6.2e-37 0.0273 0.027 0.2 0.0 3711.5773
4359.450351 5.032e-34 0.0273 0.027 0.2 0.0 1968.0293
4361.93728 5.047e-37 0.0273 0.027 0.2 0.0 3609.4259
4369.305051 1.826e-33 0.0273 0.027 0.2 0.0 1845.358
4371.353283 1.609e-36 0.0273 0.027 0.2 0.0 3511.1741
4379.098061 1.623e-33 0.0273 0.027 0.2 0.0 1726.6019
4380.705821 1.256e-36 0.0273 0.027 0.2 0.0 3416.8253
4388.829122 5.652e-33 0.0273 0.027 0.2 0.0 1611.7652
4389.994631 3.84e-36 0.0273 0.027 0.2 0.0 3326.3829
4398.497975 4.821e-33 0.0273 0.027 0.2 0.0 1500.8518
4399.21945 2.873e-36 0.0273 0.027 0.2 0.0 3239.8501
4405.46942 1.454e-39 0.0396 0.04 0.52 0.0 5041.419
4408.104358 1.611e-32 0.0273 0.027 0.2 0.0 1393.8655
4408.380014 8.411e-36 0.0274 0.027 0.2 0.0 3157.2298
4417.476058 6.024e-36 0.0291 0.029 0.2 0.0 3078.5249
4417.648013 1.318e-32 0.0273 0.027 0.2 0.0 1290.81
4422.67515 2.184e-39 0.0433 0.043 0.62 0.0 4935.9739
4426.507317 1.688e-35 0.0311 0.031 0.27 0.0 3003.7383
4427.128676 4.221e-32 0.0273 0.027 0.2 0.0 1191.689
4431.177843 1.286e-39 0.0448 0.045 0.65 0.0 4889.0986
4435.473524 1.156e-35 0.0332 0.033 0.34 0.0 2932.8725
4436.546085 3.31e-32 0.0273 0.027 0.2 0.0 1096.5059
4439.613394 2.945e-39 0.0463 0.046 0.68 0.0 4846.1238
4444.374414 3.093e-35 0.0354 0.035 0.41 0.0 2865.93
4445.899979 1.016e-31 0.0273 0.027 0.2 0.0 1005.2639
4447.981531 1.635e-39 0.0476 0.048 0.71 0.0 4807.0509
4453.209719 2.022e-35 0.0375 0.037 0.47 0.0 2802.9132
4455.190092 7.633e-32 0.0273 0.027 0.2 0.0 917.9663
4456.281984 3.513e-39 0.0488 0.049 0.73 0.0 4771.8814
4461.97917 5.16e-35 0.0396 0.04 0.52 0.0 2743.8242
4464.416161 2.244e-31 0.0274 0.027 0.2 0.0 834.6161
4464.514479 1.817e-39 0.0499 0.05 0.74 0.0 4740.6165
4470.6825 3.212e-35 0.0415 0.042 0.57 0.0 2688.6651
4472.678743 3.597e-39 0.0512 0.051 0.75 0.0 4713.2573
4473.57792 1.613e-31 0.0291 0.029 0.2 0.0 755.216
4479.319438 7.792e-35 0.0433 0.043 0.62 0.0 2637.4379
4480.774503 1.686e-39 0.0525 0.052 0.76 0.0 4689.8047
4482.675104 4.535e-31 0.0311 0.031 0.27 0.0 679.769
4487.889716 4.6e-35 0.0448 0.045 0.65 0.0 2590.1444
4488.801485 2.935e-39 0.0542 0.054 0.76 0.0 4670.2596
4491.707447 3.116e-31 0.0332 0.033 0.34 0.0 608.2776
4496.393061 1.056e-34 0.0463 0.046 0.68 0.0 2546.7862
4496.759414 1.137e-39 0.0562 0.056 0.77 0.0 4654.6228
4500.674682 8.369e-31 0.0354 0.035 0.41 0.0 540.7443
4504.648014 1.372e-39 0.0588 0.059 0.78 0.0 4642.8946
4504.829205 5.874e-35 0.0476 0.048 0.71 0.0 2507.3648
4509.023516 1.494e-39 0.0357 0.036 0.52 0.0 5041.419
4509.57654 5.487e-31 0.0375 0.037 0.47 0.0 477.1714
4510.914501 2.153e-39 0.0374 0.037 0.62 0.0 4935.9739
4511.754895 1.245e-39 0.0432 0.043 0.65 0.0 4889.0986
4512.525232 2.805e-39 0.0466 0.047 0.68 0.0 4846.1238
4513.197874 1.264e-34 0.0488 0.049 0.73 0.0 2471.8816
4513.225518 1.537e-39 0.0472 0.047 0.71 0.0 4807.0509
4513.85576 3.27e-39 0.0469 0.047 0.73 0.0 4771.8814
4514.415962 1.684e-39 0.0476 0.048 0.74 0.0 4740.6165
4514.90613 3.35e-39 0.0469 0.047 0.75 0.0 4713.2573
4515.326266 1.6e-39 0.0477 0.048 0.76 0.0 4689.8047
4515.676374 2.917e-39 0.049 0.049 0.76 0.0 4670.2596
4515.956457 1.257e-39 0.0509 0.051 0.77 0.0 4654.6228
4516.166518 2.036e-39 0.0535 0.053 0.78 0.0 4642.8946
4518.412755 1.405e-30 0.0396 0.04 0.52 0.0 417.5611
4521.498797 6.549e-35 0.0499 0.05 0.74 0.0 2440.3379
4527.183057 8.766e-31 0.0415 0.042 0.57 0.0 361.9156
4527.281323 2.977e-39 0.02 0.02 0.2 0.0 4946.7152
4527.89508 1.567e-39 0.0663 0.066 0.81 0.0 4631.1661
4529.7317 1.299e-34 0.0512 0.051 0.75 0.0 2412.7347
4529.798467 2.873e-39 0.02 0.02 0.2 0.0 4805.787
4532.245462 1.087e-38 0.02 0.02 0.2 0.0 4668.7166
4534.622328 1.009e-38 0.02 0.02 0.2 0.0 4535.5086
4535.5036 1.418e-39 0.0621 0.062 0.79 0.0 4635.0756
4535.887176 2.132e-30 0.0433 0.043 0.62 0.0 310.2366
4536.929085 3.672e-38 0.02 0.02 0.2 0.0 4406.1677
4537.896311 6.094e-35 0.0525 0.052 0.76 0.0 2389.073
4539.165751 3.276e-38 0.02 0.02 0.2 0.0 4280.6986
4541.332344 1.146e-37 0.02 0.02 0.2 0.0 4159.1055
4543.041406 3.999e-39 0.0588 0.059 0.78 0.0 4642.8946
4543.428882 9.823e-38 0.02 0.02 0.2 0.0 4041.3928
4544.524844 1.262e-30 0.0448 0.045 0.65 0.0 262.5261
4545.455381 3.302e-37 0.02 0.02 0.2 0.0 3927.5645
4545.790299 1.132e-39 0.02 0.02 0.2 0.0 4840.1026
4545.992356 1.062e-34 0.0542 0.054 0.76 0.0 2369.3537
4547.411858 2.719e-37 0.02 0.02 0.2 0.0 3817.6248
4549.210292 5.651e-39 0.02 0.02 0.2 0.0 4647.8168
4549.298328 8.776e-37 0.02 0.02 0.2 0.0 3711.5773
4550.508219 2.509e-39 0.0562 0.056 0.77 0.0 4654.6228
4551.114806 6.94e-37 0.02 0.02 0.2 0.0 3609.4259
4552.560071 6.919e-39 0.02 0.02 0.2 0.0 4459.349
4552.861306 2.15e-36 0.02 0.02 0.2 0.0 3511.1741
4553.095789 2.902e-30 0.0463 0.046 0.68 0.0 218.7856
4554.019559 4.12e-35 0.0562 0.056 0.77 0.0 2353.5774
4554.537842 1.632e-36 0.0214 0.021 0.2 0.0 3416.8253
4555.839663 3.325e-38 0.02 0.02 0.2 0.0 4274.7055
4556.144427 4.852e-36 0.023 0.023 0.2 0.0 3326.3829
4557.681073 3.531e-36 0.025 0.025 0.2 0.0 3239.8501
4557.90376 5.848e-39 0.0542 0.054 0.76 0.0 4670.2596
4559.049096 3.919e-38 0.02 0.02 0.2 0.0 4093.8929
4559.147792 1.006e-35 0.0273 0.027 0.2 0.0 3157.2298
4560.544596 7.02e-36 0.0299 0.03 0.2 0.0 3078.5249
4561.599741 1.618e-30 0.0476 0.048 0.71 0.0 179.0168
4561.871494 1.917e-35 0.0327 0.033 0.27 0.0 3003.7383
4561.977647 4.975e-35 0.0588 0.059 0.78 0.0 2341.7447
4562.188396 1.813e-37 0.02 0.02 0.2 0.0 3916.9175
4563.128498 1.28e-35 0.0332 0.033 0.34 0.0 2932.8725
4564.315616 3.343e-35 0.0339 0.034 0.41 0.0 2865.93
4565.227749 3.227e-39 0.0525 0.052 0.76 0.0 4689.8047
4565.257589 2.056e-37 0.02 0.02 0.2 0.0 3743.7852
4565.432858 2.134e-35 0.033 0.033 0.47 0.0 2802.9132
4566.480231 5.324e-35 0.0357 0.036 0.52 0.0 2743.8242
4567.457745 3.243e-35 0.0356 0.036 0.57 0.0 2688.6651
4568.256699 9.151e-37 0.02 0.02 0.2 0.0 3574.5023
4568.365406 7.709e-35 0.0374 0.037 0.62 0.0 2637.4379
4569.203221 4.467e-35 0.0432 0.043 0.65 0.0 2590.1444
4569.971196 1.008e-34 0.0466 0.047 0.68 0.0 2546.7862
4570.036428 3.488e-30 0.0488 0.049 0.73 0.0 143.2209
4570.669337 5.534e-35 0.0472 0.047 0.71 0.0 2507.3648
4571.185752 9.987e-37 0.02 0.02 0.2 0.0 3409.0746
4571.297649 1.179e-34 0.0469 0.047 0.73 0.0 2471.8816
4571.856137 6.083e-35 0.0476 0.048 0.74 0.0 2440.3379
4572.344805 1.211e-34 0.0469 0.047 0.75 0.0 2412.7347
4572.479906 6.815e-39 0.0512 0.051 0.75 0.0 4713.2573
4572.763657 5.792e-35 0.0477 0.048 0.76 0.0 2389.073
4573.112695 1.057e-34 0.049 0.049 0.76 0.0 2369.3537
4573.391923 4.556e-35 0.0509 0.051 0.77 0.0 2353.5774
4573.601342 7.386e-35 0.0535 0.053 0.78 0.0 2341.7447
4573.740954 3.223e-35 0.0567 0.057 0.79 0.0 2333.856
4574.044771 4.277e-36 0.02 0.02 0.2 0.0 3247.5078
4576.833777 4.49e-36 0.02 0.02 0.2 0.0 3089.8075
4578.405577 1.81e-30 0.0499 0.05 0.74 0.0 111.3991
4579.552794 1.849e-35 0.02 0.02 0.2 0.0 2935.9792
4579.659949 3.466e-39 0.0499 0.05 0.74 0.0 4740.6165
4582.201842 1.867e-35 0.02 0.02 0.2 0.0 2786.0283
4584.780943 7.397e-35 0.02 0.02 0.2 0.0 2639.96
4585.434455 5.688e-35 0.0663 0.066 0.81 0.0 2329.9116
4586.706917 3.595e-30 0.0512 0.051 0.75 0.0 83.5527
4586.767598 6.82e-39 0.0488 0.049 0.73 0.0 4771.8814
4587.290115 7.182e-35 0.02 0.02 0.2 0.0 2497.7792
4589.729378 2.735e-34 0.02 0.02 0.2 0.0 2359.4911
4592.098751 2.552e-34 0.02 0.02 0.2 0.0 2225.1003
4593.113318 5.15e-35 0.0621 0.062 0.79 0.0 2333.856
4593.802569 3.254e-39 0.0476 0.048 0.71 0.0 4807.0509
4594.398251 9.341e-34 0.02 0.02 0.2 0.0 2094.6115
4594.940174 1.689e-30 0.0525 0.052 0.76 0.0 59.6826
4596.627896 8.378e-34 0.02 0.02 0.2 0.0 1968.0293
4598.787703 2.946e-33 0.02 0.02 0.2 0.0 1845.358
4600.721682 1.452e-34 0.0588 0.059 0.78 0.0 2341.7447
4600.764582 6.036e-39 0.0463 0.046 0.68 0.0 4846.1238
4600.877687 2.539e-33 0.02 0.02 0.2 0.0 1726.6019
4602.897863 8.574e-33 0.02 0.02 0.2 0.0 1611.7652
4603.105074 2.948e-30 0.0542 0.054 0.76 0.0 39.7895
4604.848248 7.094e-33 0.02 0.02 0.2 0.0 1500.8518
4606.728854 2.301e-32 0.02 0.02 0.2 0.0 1393.8655
4607.653353 2.725e-39 0.0448 0.045 0.65 0.0 4889.0986
4608.259269 9.106e-35 0.0562 0.056 0.77 0.0 2353.5774
4608.539696 1.827e-32 0.02 0.02 0.2 0.0 1290.81
4610.280786 5.686e-32 0.02 0.02 0.2 0.0 1191.689
4611.201344 1.144e-30 0.0562 0.056 0.77 0.0 23.8743
4611.952138 4.333e-32 0.0214 0.021 0.2 0.0 1096.5059
4613.553762 1.293e-31 0.023 0.023 0.2 0.0 1005.2639
4614.468598 4.797e-39 0.0433 0.043 0.62 0.0 4935.9739
4615.085671 9.447e-32 0.025 0.025 0.2 0.0 917.9663
4615.725801 2.122e-34 0.0542 0.054 0.76 0.0 2369.3537
4616.547874 2.702e-31 0.0273 0.027 0.2 0.0 834.6161
4617.940384 1.891e-31 0.0299 0.03 0.2 0.0 755.216
4619.228708 1.383e-30 0.0588 0.059 0.78 0.0 11.9373
4619.263208 5.181e-31 0.0327 0.033 0.27 0.0 679.769
4620.516357 3.47e-31 0.0332 0.033 0.34 0.0 608.2776
4621.210033 2.06e-39 0.0415 0.042 0.57 0.0 4986.7479
4621.69984 9.09e-31 0.0339 0.034 0.41 0.0 540.7443
4622.813663 5.818e-31 0.033 0.033 0.47 0.0 477.1714
4623.120998 1.17e-34 0.0525 0.052 0.76 0.0 2389.073
4623.857836 1.455e-30 0.0357 0.036 0.52 0.0 417.5611
4624.832365 8.885e-31 0.0356 0.036 0.57 0.0 361.9156
4625.737258 2.117e-30 0.0374 0.037 0.62 0.0 310.2366
4626.572519 1.229e-30 0.0432 0.043 0.65 0.0 262.5261
4627.338155 2.78e-30 0.0466 0.047 0.68 0.0 218.7856
4627.877374 3.454e-39 0.0396 0.04 0.52 0.0 5041.419
4628.034172 1.528e-30 0.0472 0.047 0.71 0.0 179.0168
4628.660573 3.261e-30 0.0469 0.047 0.73 0.0 143.2209
4629.217364 1.685e-30 0.0476 0.048 0.74 0.0 111.3991
4629.704548 3.359e-30 0.0469 0.047 0.75 0.0 83.5527
4630.122127 1.608e-30 0.0477 0.048 0.76 0.0 59.6826
4630.444581 2.469e-34 0.0512 0.051 0.75 0.0 2412.7347
4630.470106 2.936e-30 0.049 0.049 0.76 0.0 39.7895
4630.748487 1.266e-30 0.0509 0.051 0.77 0.0 23.8743
4630.95727 2.054e-30 0.0535 0.053 0.78 0.0 11.9373
4631.096458 8.968e-31 0.0567 0.057 0.79 0.0 3.9792
4634.470336 1.415e-39 0.0375 0.037 0.47 0.0 5099.985
4637.696269 1.255e-34 0.0499 0.05 0.74 0.0 2440.3379
4640.988633 2.266e-39 0.0354 0.035 0.41 0.0 5162.4441
4642.894615 1.583e-30 0.0663 0.066 0.81 0.0 0.0
4644.875784 2.466e-34 0.0488 0.049 0.73 0.0 2471.8816
4650.643601 1.434e-30 0.0621 0.062 0.79 0.0 3.9792
4651.982842 1.175e-34 0.0476 0.048 0.71 0.0 2507.3648
4653.800089 1.359e-39 0.0311 0.031 0.27 0.0 5299.0322
4658.322302 4.041e-30 0.0588 0.059 0.78 0.0 11.9373
4659.017163 2.176e-34 0.0463 0.046 0.68 0.0 2546.7862
4665.93044 2.534e-30 0.0562 0.056 0.77 0.0 23.8743
4665.978466 9.81e-35 0.0448 0.045 0.65 0.0 2590.1444
4672.866467 1.724e-34 0.0433 0.043 0.62 0.0 2637.4379
4673.467737 5.902e-30 0.0542 0.054 0.76 0.0 39.7895
4679.680884 7.387e-35 0.0415 0.042 0.57 0.0 2688.6651
4680.933914 3.253e-30 0.0525 0.052 0.76 0.0 59.6826
4686.421433 1.236e-34 0.0396 0.04 0.52 0.0 2743.8242
4688.328693 6.86e-30 0.0512 0.051 0.75 0.0 83.5527
4693.087831 5.052e-35 0.0375 0.037 0.47 0.0 2802.9132
4695.651795 3.482e-30 0.0499 0.05 0.74 0.0 111.3991
4699.679793 8.07e-35 0.0354 0.035 0.41 0.0 2865.93
4702.90294 6.836e-30 0.0488 0.049 0.73 0.0 143.2209
4706.197036 3.151e-35 0.0332 0.033 0.34 0.0 2932.8725
4710.081847 3.253e-30 0.0476 0.048 0.71 0.0 179.0168
4712.639273 4.814e-35 0.0311 0.031 0.27 0.0 3003.7383
4717.188236 6.017e-30 0.0463 0.046 0.68 0.0 218.7856
4719.006219 1.799e-35 0.0291 0.029 0.2 0.0 3078.5249
4724.221828 2.708e-30 0.0448 0.045 0.65 0.0 262.5261
4725.297588 2.631e-35 0.0274 0.027 0.2 0.0 3157.2298
4731.182339 4.749e-30 0.0433 0.043 0.62 0.0 310.2366
4731.513095 9.419e-36 0.0273 0.027 0.2 0.0 3239.8501
4737.65245 1.321e-35 0.0273 0.027 0.2 0.0 3326.3829
4738.069488 2.031e-30 0.0415 0.042 0.57 0.0 361.9156
4743.715369 4.532e-36 0.0273 0.027 0.2 0.0 3416.8253
4744.882994 3.392e-30 0.0396 0.04 0.52 0.0 417.5611
4749.701562 6.094e-36 0.0273 0.027 0.2 0.0 3511.1741
4751.622573 1.383e-30 0.0375 0.037 0.47 0.0 477.1714
4755.610741 2.007e-36 0.0273 0.027 0.2 0.0 3609.4259
4758.287943 2.203e-30 0.0354 0.035 0.41 0.0 540.7443
4761.442618 2.589e-36 0.0273 0.027 0.2 0.0 3711.5773
4764.878821 8.581e-31 0.0332 0.033 0.34 0.0 608.2776
4767.196903 8.185e-37 0.0273 0.027 0.2 0.0 3817.6248
4771.394922 1.307e-30 0.0311 0.031 0.27 0.0 679.769
4772.873306 1.014e-36 0.0273 0.027 0.2 0.0 3927.5645
4777.835962 4.87e-31 0.0291 0.029 0.2 0.0 755.216
4778.471538 3.078e-37 0.0273 0.027 0.2 0.0 4041.3928
4783.991308 3.663e-37 0.0273 0.027 0.2 0.0 4159.1055
4784.201658 7.101e-31 0.0274 0.027 0.2 0.0 834.6161
4789.432325 1.068e-37 0.0273 0.027 0.2 0.0 4280.6986
4790.491723 2.533e-31 0.0273 0.027 0.2 0.0 917.9663
4794.794297 1.221e-37 0.0273 0.027 0.2 0.0 4406.1677
4796.705872 3.539e-31 0.0273 0.027 0.2 0.0 1005.2639
4800.076932 3.423e-38 0.0273 0.027 0.2 0.0 4535.5086
4802.843821 1.21e-31 0.0273 0.027 0.2 0.0 1096.5059
4805.279937 3.762e-38 0.0273 0.027 0.2 0.0 4668.7166
4808.905282 1.621e-31 0.0273 0.027 0.2 0.0 1191.689
4810.403019 1.014e-38 0.0273 0.027 0.2 0.0 4805.787
4814.889969 5.316e-32 0.0273 0.027 0.2 0.0 1290.81
4815.445886 1.071e-38 0.0273 0.027 0.2 0.0 4946.7152
4820.408242 2.775e-39 0.0273 0.027 0.2 0.0 5091.4961
4820.797595 6.83e-32 0.0273 0.027 0.2 0.0 1393.8655
4825.289793 2.82e-39 0.0273 0.027 0.2 0.0 5240.1246
4826.627873 2.149e-32 0.0273 0.027 0.2 0.0 1500.8518
4832.380515 2.651e-32 0.0273 0.027 0.2 0.0 1611.7652
4838.055232 8.008e-33 0.0273 0.027 0.2 0.0 1726.6019
4843.651736 9.483e-33 0.0273 0.027 0.2 0.0 1845.358
4849.169739 2.752e-33 0.0273 0.027 0.2 0.0 1968.0293
4854.608949 3.13e-33 0.0273 0.027 0.2 0.0 2094.6115
4859.969078 8.724e-34 0.0273 0.027 0.2 0.0 2225.1003
4865.249835 9.534e-34 0.0273 0.027 0.2 0.0 2359.4911
4870.45093 2.554e-34 0.0273 0.027 0.2 0.0 2497.7792
4875.572071 2.683e-34 0.0273 0.027 0.2 0.0 2639.96
4880.612966 6.907e-35 0.0273 0.027 0.2 0.0 2786.0283
4885.573323 6.975e-35 0.0273 0.027 0.2 0.0 2935.9792
4890.45285 1.727e-35 0.0273 0.027 0.2 0.0 3089.8075
4895.251253 1.677e-35 0.0273 0.027 0.2 0.0 3247.5078
4899.968239 3.992e-36 0.0273 0.027 0.2 0.0 3409.0746
4904.603513 3.729e-36 0.0273 0.027 0.2 0.0 3574.5023
4909.156782 8.539e-37 0.0273 0.027 0.2 0.0 3743.7852
4913.627749 7.673e-37 0.0273 0.027 0.2 0.0 3916.9175
4918.01612 1.691e-37 0.0273 0.027 0.2 0.0 4093.8929
4922.321597 1.462e-37 0.0273 0.027 0.2 0.0 4274.7055
4926.543885 3.099e-38 0.0273 0.027 0.2 0.0 4459.349
4930.682685 2.579e-38 0.0273 0.027 0.2 0.0 4647.8168
4934.7377 5.263e-39 0.0273 0.027 0.2 0.0 4840.1026
4938.708632 4.216e-39 0.0273 0.027 0.2 0.0 5036.1995
6478.900504 1.188e-39 0.0273 0.027 0.2 0.0 3743.7852
6490.912021 5.612e-39 0.0273 0.027 0.2 0.0 3574.5023
6502.829693 6.494e-39 0.0273 0.027 0.2 0.0 3409.0746
6514.653284 2.944e-38 0.0273 0.027 0.2 0.0 3247.5078
6526.382556 3.268e-38 0.0273 0.027 0.2 0.0 3089.8075
6538.017273 1.422e-37 0.0273 0.027 0.2 0.0 2935.9792
6543.490677 1.662e-39 0.0273 0.027 0.2 0.0 4159.1055
6549.557192 1.514e-37 0.0273 0.027 0.2 0.0 2786.0283
6554.202972 1.491e-39 0.0273 0.027 0.2 0.0 4041.3928
6561.002074 6.32e-37 0.0273 0.027 0.2 0.0 2639.96
6564.817926 5.244e-39 0.0273 0.027 0.2 0.0 3927.5645
6572.351677 6.458e-37 0.0273 0.027 0.2 0.0 2497.7792
6575.335287 4.514e-39 0.0273 0.027 0.2 0.0 3817.6248
6583.605755 2.585e-36 0.0273 0.027 0.2 0.0 2359.4911
6585.754805 1.522e-38 0.0273 0.027 0.2 0.0 3711.5773
6594.764066 2.535e-36 0.0273 0.027 0.2 0.0 2225.1003
6596.076226 1.255e-38 0.0273 0.027 0.2 0.0 3609.4259
6605.826362 9.733e-36 0.0273 0.027 0.2 0.0 2094.6115
6606.299297 4.056e-38 0.0273 0.027 0.2 0.0 3511.1741
6616.423763 3.206e-38 0.0273 0.027 0.2 0.0 3416.8253
6616.792397 9.151e-36 0.0273 0.027 0.2 0.0 1968.0293
6626.449369 9.922e-38 0.0273 0.027 0.2 0.0 3326.3829
6627.661922 3.37e-35 0.0273 0.027 0.2 0.0 1845.358
6636.375857 7.51e-38 0.0273 0.027 0.2 0.0 3239.8501
6638.434689 3.039e-35 0.0273 0.027 0.2 0.0 1726.6019
6646.202971 2.224e-37 0.0274 0.027 0.2 0.0 3157.2298
6649.110445 1.073e-34 0.0273 0.027 0.2 0.0 1611.7652
6655.930449 1.611e-37 0.0291 0.029 0.2 0.0 3078.5249
6659.68894 9.274e-35 0.0273 0.027 0.2 0.0 1500.8518
6665.558034 4.562e-37 0.0311 0.031 0.27 0.0 3003.7383
6670.169922 3.139e-34 0.0273 0.027 0.2 0.0 1393.8655
6675.085463 3.157e-37 0.0332 0.033 0.34 0.0 2932.8725
6680.553135 2.6e-34 0.0273 0.027 0.2 0.0 1290.81
6684.512475 8.536e-37 0.0354 0.035 0.41 0.0 2865.93
6690.838326 8.431e-34 0.0273 0.027 0.2 0.0 1191.689
6693.838807 5.634e-37 0.0375 0.037 0.47 0.0 2802.9132
6701.025239 6.689e-34 0.0273 0.027 0.2 0.0 1096.5059
6703.064196 1.452e-36 0.0396 0.04 0.52 0.0 2743.8242
6711.113616 2.077e-33 0.0273 0.027 0.2 0.0 1005.2639
6712.188375 9.121e-37 0.0415 0.042 0.57 0.0 2688.6651
6721.103201 1.577e-33 0.0273 0.027 0.2 0.0 917.9663
6721.211081 2.233e-36 0.0433 0.043 0.62 0.0 2637.4379
6730.132045 1.33e-36 0.0448 0.045 0.65 0.0 2590.1444
6730.993734 4.685e-33 0.0274 0.027 0.2 0.0 834.6161
6738.951001 3.079e-36 0.0463 0.046 0.68 0.0 2546.7862
6740.784955 3.403e-33 0.0291 0.029 0.2 0.0 755.216
6747.66768 1.727e-36 0.0476 0.048 0.71 0.0 2507.3648
6750.476604 9.664e-33 0.0311 0.031 0.27 0.0 679.769
6756.281812 3.748e-36 0.0488 0.049 0.73 0.0 2471.8816
6760.068419 6.704e-33 0.0332 0.033 0.34 0.0 608.2776
6762.221874 1.127e-39 0.02 0.02 0.2 0.0 4406.1677
6764.793129 1.957e-36 0.0499 0.05 0.74 0.0 2440.3379
6765.58222 1.006e-39 0.02 0.02 0.2 0.0 4280.6986
6768.837279 3.524e-39 0.02 0.02 0.2 0.0 4159.1055
6769.560137 1.817e-32 0.0354 0.035 0.41 0.0 540.7443
6771.987076 3.024e-39 0.02 0.02 0.2 0.0 4041.3928
6773.201357 3.91e-36 0.0512 0.051 0.75 0.0 2412.7347
6775.031639 1.018e-38 0.02 0.02 0.2 0.0 3927.5645
6777.970993 8.389e-39 0.02 0.02 0.2 0.0 3817.6248
6778.951496 1.202e-32 0.0375 0.037 0.47 0.0 477.1714
6780.805162 2.711e-38 0.02 0.02 0.2 0.0 3711.5773
6781.506227 1.849e-36 0.0525 0.052 0.76 0.0 2389.073
6783.53417 2.146e-38 0.02 0.02 0.2 0.0 3609.4259
6786.158038 6.655e-38 0.02 0.02 0.2 0.0 3511.1741
6788.242231 3.105e-32 0.0396 0.04 0.52 0.0 417.5611
6788.676788 5.055e-38 0.0214 0.021 0.2 0.0 3416.8253
6789.707464 3.246e-36 0.0542 0.054 0.76 0.0 2369.3537
6791.090441 1.504e-37 0.023 0.023 0.2 0.0 3326.3829
6793.399015 1.096e-37 0.025 0.025 0.2 0.0 3239.8501
6795.60253 3.126e-37 0.0273 0.027 0.2 0.0 3157.2298
6797.432076 1.955e-32 0.0415 0.042 0.57 0.0 361.9156
6797.701003 2.182e-37 0.0299 0.03 0.2 0.0 3078.5249
6797.804795 1.268e-36 0.0562 0.056 0.77 0.0 2353.5774
6799.694451 5.962e-37 0.0327 0.033 0.27 0.0 3003.7383
6800.093306 4.254e-39 0.02 0.02 0.2 0.0 3916.9175
6801.582889 3.984e-37 0.0332 0.033 0.34 0.0 2932.8725
6803.366333 1.041e-36 0.0339 0.034 0.41 0.0 2865.93
6804.704557 4.834e-39 0.02 0.02 0.2 0.0 3743.7852
6805.044796 6.651e-37 0.033 0.033 0.47 0.0 2802.9132
6805.797946 1.542e-36 0.0588 0.059 0.78 0.0 2341.7447
6806.520765 4.794e-32 0.0433 0.043 0.62 0.0 310.2366
6806.618292 1.66e-36 0.0357 0.036 0.52 0.0 2743.8242
6808.086833 1.012e-36 0.0356 0.036 0.57 0.0 2688.6651
6809.210494 2.155e-38 0.02 0.02 0.2 0.0 3574.5023
6809.450431 2.406e-36 0.0374 0.037 0.62 0.0 2637.4379
6810.709096 1.395e-36 0.0432 0.043 0.65 0.0 2590.1444
6811.862838 3.15e-36 0.0466 0.047 0.68 0.0 2546.7862
6812.911666 1.73e-36 0.0472 0.047 0.71 0.0 2507.3648
6813.611154 2.356e-38 0.02 0.02 0.2 0.0 3409.0746
6813.855589 3.687e-36 0.0469 0.047 0.73 0.0 2471.8816
6814.694612 1.903e-36 0.0476 0.048 0.74 0.0 2440.3379
6815.428744 3.79e-36 0.0469 0.047 0.75 0.0 2412.7347
6815.508033 2.86e-32 0.0448 0.045 0.65 0.0 262.5261
6816.057989 1.812e-36 0.0477 0.048 0.76 0.0 2389.073
6816.582352 3.307e-36 0.049 0.049 0.76 0.0 2369.3537
6817.001838 1.426e-36 0.0509 0.051 0.77 0.0 2353.5774
6817.31645 2.312e-36 0.0535 0.053 0.78 0.0 2341.7447
6817.52619 1.009e-36 0.0567 0.057 0.79 0.0 2333.856
6817.906574 1.01e-37 0.02 0.02 0.2 0.0 3247.5078
6822.09679 1.063e-37 0.02 0.02 0.2 0.0 3089.8075
6824.39361 6.63e-32 0.0463 0.046 0.68 0.0 218.7856
6826.181836 4.383e-37 0.02 0.02 0.2 0.0 2935.9792
6829.149563 1.798e-36 0.0663 0.066 0.81 0.0 2329.9116
6830.161745 4.432e-37 0.02 0.02 0.2 0.0 2786.0283
6833.177229 3.725e-32 0.0476 0.048 0.71 0.0 179.0168
6834.036549 1.758e-36 0.02 0.02 0.2 0.0 2639.96
6836.723233 1.638e-36 0.0621 0.062 0.79 0.0 2333.856
6837.80628 1.709e-36 0.02 0.02 0.2 0.0 2497.7792
6841.470967 6.518e-36 0.02 0.02 0.2 0.0 2359.4911
6841.858619 8.092e-32 0.0488 0.049 0.73 0.0 143.2209
6844.191339 4.647e-36 0.0588 0.059 0.78 0.0 2341.7447
6845.03064 6.091e-36 0.02 0.02 0.2 0.0 2225.1003
6848.485327 2.232e-35 0.02 0.02 0.2 0.0 2094.6115
6850.437511 4.23e-32 0.0499 0.05 0.74 0.0 111.3991
6851.553601 2.933e-36 0.0562 0.056 0.77 0.0 2353.5774
6851.835054 2.004e-35 0.02 0.02 0.2 0.0 1968.0293
6855.079847 7.057e-35 0.02 0.02 0.2 0.0 1845.358
6858.219733 6.088e-35 0.02 0.02 0.2 0.0 1726.6019
6858.809739 6.873e-36 0.0542 0.054 0.76 0.0 2369.3537
6858.913634 8.459e-32 0.0512 0.051 0.75 0.0 83.5527
6861.254735 2.059e-34 0.02 0.02 0.2 0.0 1611.7652
6864.184875 1.705e-34 0.02 0.02 0.2 0.0 1500.8518
6865.959472 3.812e-36 0.0525 0.052 0.76 0.0 2389.073
6867.010177 5.535e-34 0.02 0.02 0.2 0.0 1393.8655
6867.286716 4.002e-32 0.0525 0.052 0.76 0.0 59.6826
6869.730662 4.401e-34 0.02 0.02 0.2 0.0 1290.81
6872.34635 1.371e-33 0.02 0.02 0.2 0.0 1191.689
6873.00252 8.091e-36 0.0512 0.051 0.75 0.0 2412.7347
6874.85726 1.045e-33 0.0214 0.021 0.2 0.0 1096.5059
6875.556484 7.032e-32 0.0542 0.054 0.76 0.0 39.7895
6877.263412 3.123e-33 0.023 0.023 0.2 0.0 1005.2639
6879.564824 2.284e-33 0.025 0.025 0.2 0.0 917.9663
6879.938599 4.133e-36 0.0499 0.05 0.74 0.0 2440.3379
6881.761512 6.538e-33 0.0273 0.027 0.2 0.0 834.6161
6883.722664 2.748e-32 0.0562 0.056 0.77 0.0 23.8743
6883.853493 4.579e-33 0.0299 0.03 0.2 0.0 755.216
6885.840781 1.255e-32 0.0327 0.033 0.27 0.0 679.769
6886.767426 8.167e-36 0.0488 0.049 0.73 0.0 2471.8816
6887.723392 8.413e-33 0.0332 0.033 0.34 0.0 608.2776
6889.501339 2.205e-32 0.0339 0.034 0.41 0.0 540.7443
6891.174635 1.412e-32 0.033 0.033 0.47 0.0 477.1714
6891.784984 3.342e-32 0.0588 0.059 0.78 0.0 11.9373
6892.743292 3.535e-32 0.0357 0.036 0.52 0.0 417.5611
6893.488718 3.912e-36 0.0476 0.048 0.71 0.0 2507.3648
6894.207321 2.159e-32 0.0356 0.036 0.57 0.0 361.9156
6895.566733 5.147e-32 0.0374 0.037 0.62 0.0 310.2366
6896.821538 2.99e-32 0.0432 0.043 0.65 0.0 262.5261
6897.971744 6.765e-32 0.0466 0.047 0.68 0.0 218.7856
6899.017361 3.72e-32 0.0472 0.047 0.71 0.0 179.0168
6899.958394 7.943e-32 0.0469 0.047 0.73 0.0 143.2209
6900.102189 7.284e-36 0.0463 0.046 0.68 0.0 2546.7862
6900.794852 4.104e-32 0.0476 0.048 0.74 0.0 111.3991
6901.526739 8.185e-32 0.0469 0.047 0.75 0.0 83.5527
6902.154061 3.919e-32 0.0477 0.048 0.76 0.0 59.6826
6902.676823 7.157e-32 0.049 0.049 0.76 0.0 39.7895
6903.095028 3.088e-32 0.0509 0.051 0.77 0.0 23.8743
6903.40868 5.009e-32 0.0535 0.053 0.78 0.0 11.9373
6903.617779 2.187e-32 0.0567 0.057 0.79 0.0 3.9792
6906.607554 3.3e-36 0.0448 0.045 0.65 0.0 2590.1444
6913.004528 5.827e-36 0.0433 0.043 0.62 0.0 2637.4379
6915.346024 3.897e-32 0.0663 0.066 0.81 0.0 0.0
6919.292822 2.509e-36 0.0415 0.042 0.57 0.0 2688.6651
6922.990143 3.548e-32 0.0621 0.062 0.79 0.0 3.9792
6925.47215 4.219e-36 0.0396 0.04 0.52 0.0 2743.8242
6930.529019 1.006e-31 0.0588 0.059 0.78 0.0 11.9373
6931.542222 1.732e-36 0.0375 0.037 0.47 0.0 2802.9132
6937.50275 2.78e-36 0.0354 0.035 0.41 0.0 2865.93
6937.962374 6.343e-32 0.0562 0.056 0.77 0.0 23.8743
6943.353443 1.09e-36 0.0332 0.033 0.34 0.0 2932.8725
6945.289928 1.485e-31 0.0542 0.054 0.76 0.0 39.7895
6949.094011 1.673e-36 0.0311 0.031 0.27 0.0 3003.7383
6952.511402 8.228e-32 0.0525 0.052 0.76 0.0 59.6826
6954.724161 6.278e-37 0.0291 0.029 0.2 0.0 3078.5249
6959.626514 1.744e-31 0.0512 0.051 0.75 0.0 83.5527
6960.243602 9.223e-37 0.0274 0.027 0.2 0.0 3157.2298
6965.65204 3.315e-37 0.0273 0.027 0.2 0.0 3239.8501
6966.634984 8.899e-32 0.0499 0.05 0.74 0.0 111.3991
6970.949182 4.667e-37 0.0273 0.027 0.2 0.0 3326.3829
6973.536528 1.755e-31 0.0488 0.049 0.73 0.0 143.2209
6976.134732 1.608e-37 0.0273 0.027 0.2 0.0 3416.8253
6980.330866 8.394e-32 0.0476 0.048 0.71 0.0 179.0168
6981.208396 2.171e-37 0.0273 0.027 0.2 0.0 3511.1741
6986.169876 7.176e-38 0.0273 0.027 0.2 0.0 3609.4259
6987.017712 1.56e-31 0.0463 0.046 0.68 0.0 218.7856
6991.018876 9.295e-38 0.0273 0.027 0.2 0.0 3711.5773
6993.596783 7.053e-32 0.0448 0.045 0.65 0.0 262.5261
6995.755097 2.949e-38 0.0273 0.027 0.2 0.0 3817.6248
7000.067794 1.243e-31 0.0433 0.043 0.62 0.0 310.2366
7000.378241 3.667e-38 0.0273 0.027 0.2 0.0 3927.5645
7004.888008 1.117e-38 0.0273 0.027 0.2 0.0 4041.3928
7006.43046 5.338e-32 0.0415 0.042 0.57 0.0 361.9156
7009.284098 1.334e-38 0.0273 0.027 0.2 0.0 4159.1055
7012.684493 8.952e-32 0.0396 0.04 0.52 0.0 417.5611
7013.566209 3.904e-39 0.0273 0.027 0.2 0.0 4280.6986
7017.734039 4.48e-39 0.0273 0.027 0.2 0.0 4406.1677
7018.829608 3.665e-32 0.0375 0.037 0.47 0.0 477.1714
7021.787285 1.26e-39 0.0273 0.027 0.2 0.0 4535.5086
7024.865516 5.865e-32 0.0354 0.035 0.41 0.0 540.7443
7025.725643 1.389e-39 0.0273 0.027 0.2 0.0 4668.7166
7030.79193 2.293e-32 0.0332 0.033 0.34 0.0 608.2776
7036.60856 3.508e-32 0.0311 0.031 0.27 0.0 679.769
7042.315116 1.312e-32 0.0291 0.029 0.2 0.0 755.216
7047.911308 1.92e-32 0.0274 0.027 0.2 0.0 834.6161
7053.396845 6.878e-33 0.0273 0.027 0.2 0.0 917.9663
7058.771436 9.644e-33 0.0273 0.027 0.2 0.0 1005.2639
7064.034787 3.31e-33 0.0273 0.027 0.2 0.0 1096.5059
7069.186605 4.449e-33 0.0273 0.027 0.2 0.0 1191.689
7074.226596 1.464e-33 0.0273 0.027 0.2 0.0 1290.81
7079.154466 1.888e-33 0.0273 0.027 0.2 0.0 1393.8655
7083.96992 5.961e-34 0.0273 0.027 0.2 0.0 1500.8518
7088.67266 7.377e-34 0.0273 0.027 0.2 0.0 1611.7652
7093.26239 2.236e-34 0.0273 0.027 0.2 0.0 1726.6019
7097.738812 2.657e-34 0.0273 0.027 0.2 0.0 1845.358
7102.101628 7.732e-35 0.0273 0.027 0.2 0.0 1968.0293
7106.350538 8.823e-35 0.0273 0.027 0.2 0.0 2094.6115
7110.485243 2.467e-35 0.0273 0.027 0.2 0.0 2225.1003
7114.505442 2.704e-35 0.0273 0.027 0.2 0.0 2359.4911
7118.410832 7.266e-36 0.0273 0.027 0.2 0.0 2497.7792
7122.201112 7.655e-36 0.0273 0.027 0.2 0.0 2639.96
7125.875978 1.977e-36 0.0273 0.027 0.2 0.0 2786.0283
7129.435126 2.002e-36 0.0273 0.027 0.2 0.0 2935.9792
7132.878251 4.971e-37 0.0273 0.027 0.2 0.0 3089.8075
7136.205047 4.841e-37 0.0273 0.027 0.2 0.0 3247.5078
7139.415207 1.156e-37 0.0273 0.027 0.2 0.0 3409.0746
7142.508424 1.082e-37 0.0273 0.027 0.2 0.0 3574.5023
7145.484388 2.486e-38 0.0273 0.027 0.2 0.0 3743.7852
7148.342791 2.239e-38 0.0273 0.027 0.2 0.0 3916.9175
7151.083321 4.947e-39 0.0273 0.027 0.2 0.0 4093.8929
7153.705667 4.289e-39 0.0273 0.027 0.2 0.0 4274.7055
8732.463873 3.656e-39 0.0273 0.027 0.2 0.0 3247.5078
8745.528345 3.974e-39 0.0273 0.027 0.2 0.0 3089.8075
8758.462979 1.694e-38 0.0273 0.027 0.2 0.0 2935.9792
8771.267545 1.769e-38 0.0273 0.027 0.2 0.0 2786.0283
8783.941816 7.243e-38 0.0273 0.027 0.2 0.0 2639.96
8796.48556 7.267e-38 0.0273 0.027 0.2 0.0 2497.7792
8808.898545 2.858e-37 0.0273 0.027 0.2 0.0 2359.4911
8821.180535 2.754e-37 0.0273 0.027 0.2 0.0 2225.1003
8833.331297 1.04e-36 0.0273 0.027 0.2 0.0 2094.6115
8845.350591 9.626e-37 0.0273 0.027 0.2 0.0 1968.0293
8857.23818 3.491e-36 0.0273 0.027 0.2 0.0 1845.358
8868.993824 3.1e-36 0.0273 0.027 0.2 0.0 1726.6019
8880.617279 1.079e-35 0.0273 0.027 0.2 0.0 1611.7652
8892.108304 9.195e-36 0.0273 0.027 0.2 0.0 1500.8518
8903.466653 3.07e-35 0.0273 0.027 0.2 0.0 1393.8655
8914.692081 2.509e-35 0.0273 0.027 0.2 0.0 1290.81
8925.78434 8.032e-35 0.0273 0.027 0.2 0.0 1191.689
8936.743181 6.292e-35 0.0273 0.027 0.2 0.0 1096.5059
8947.568354 1.93e-34 0.0273 0.027 0.2 0.0 1005.2639
8958.259608 1.448e-34 0.0273 0.027 0.2 0.0 917.9663
8968.81669 4.254e-34 0.0274 0.027 0.2 0.0 834.6161
8979.239346 3.055e-34 0.0291 0.029 0.2 0.0 755.216
8989.527321 8.581e-34 0.0311 0.031 0.27 0.0 679.769
8999.680357 5.89e-34 0.0332 0.033 0.34 0.0 608.2776
9009.698198 1.58e-33 0.0354 0.035 0.41 0.0 540.7443
9019.580585 1.035e-33 0.0375 0.037 0.47 0.0 477.1714
9021.327201 1.625e-39 0.02 0.02 0.2 0.0 3574.5023
9027.204321 1.777e-39 0.02 0.02 0.2 0.0 3409.0746
9029.327256 2.647e-33 0.0396 0.04 0.52 0.0 417.5611
9032.940866 7.626e-39 0.02 0.02 0.2 0.0 3247.5078
9038.536884 8.023e-39 0.02 0.02 0.2 0.0 3089.8075
9038.937951 1.65e-33 0.0415 0.042 0.57 0.0 361.9156
9043.992425 3.311e-38 0.02 0.02 0.2 0.0 2935.9792
9048.412408 4.009e-33 0.0433 0.043 0.62 0.0 310.2366
9049.307533 3.35e-38 0.02 0.02 0.2 0.0 2786.0283
9054.482255 1.329e-37 0.02 0.02 0.2 0.0 2639.96
9057.750362 2.37e-33 0.0448 0.045 0.65 0.0 262.5261
9059.516633 1.293e-37 0.02 0.02 0.2 0.0 2497.7792
9064.410709 4.932e-37 0.02 0.02 0.2 0.0 2359.4911
9066.951549 5.445e-33 0.0463 0.046 0.68 0.0 218.7856
9069.164524 4.611e-37 0.02 0.02 0.2 0.0 2225.1003
9073.778116 1.691e-36 0.02 0.02 0.2 0.0 2094.6115
9076.015703 3.033e-33 0.0476 0.048 0.71 0.0 179.0168
9078.251523 1.519e-36 0.02 0.02 0.2 0.0 1968.0293
9082.584782 5.349e-36 0.02 0.02 0.2 0.0 1845.358
9084.942557 6.532e-33 0.0488 0.049 0.73 0.0 143.2209
9086.777927 4.616e-36 0.02 0.02 0.2 0.0 1726.6019
9090.830992 1.561e-35 0.02 0.02 0.2 0.0 1611.7652
9093.731843 3.386e-33 0.0499 0.05 0.74 0.0 111.3991
9094.74401 1.294e-35 0.02 0.02 0.2 0.0 1500.8518
9098.517011 4.2e-35 0.02 0.02 0.2 0.0 1393.8655
9102.150025 3.34e-35 0.02 0.02 0.2 0.0 1290.81
9102.383291 6.717e-33 0.0512 0.051 0.75 0.0 83.5527
9105.643081 1.041e-34 0.02 0.02 0.2 0.0 1191.689
9108.996206 7.94e-35 0.0214 0.021 0.2 0.0 1096.5059
9110.896631 3.153e-33 0.0525 0.052 0.76 0.0 59.6826
9112.209426 2.373e-34 0.023 0.023 0.2 0.0 1005.2639
9115.282766 1.735e-34 0.025 0.025 0.2 0.0 917.9663
9118.21625 4.969e-34 0.0273 0.027 0.2 0.0 834.6161
9119.271592 5.497e-33 0.0542 0.054 0.76 0.0 39.7895
9121.0099 3.481e-34 0.0299 0.03 0.2 0.0 755.216
9123.663738 9.544e-34 0.0327 0.033 0.27 0.0 679.769
9126.177783 6.398e-34 0.0332 0.033 0.34 0.0 608.2776
9127.507901 2.132e-33 0.0562 0.056 0.77 0.0 23.8743
9128.552056 1.677e-33 0.0339 0.034 0.41 0.0 540.7443
9130.786573 1.075e-33 0.033 0.033 0.47 0.0 477.1714
9132.881353 2.69e-33 0.0357 0.036 0.52 0.0 417.5611
9134.836409 1.643e-33 0.0356 0.036 0.57 0.0 361.9156
9135.605284 2.574e-33 0.0588 0.059 0.78 0.0 11.9373
9136.651759 3.918e-33 0.0374 0.037 0.62 0.0 310.2366
9138.327414 2.276e-33 0.0432 0.043 0.65 0.0 262.5261
9139.863387 5.15e-33 0.0466 0.047 0.68 0.0 218.7856
9141.25969 2.833e-33 0.0472 0.047 0.71 0.0 179.0168
9142.516334 6.049e-33 0.0469 0.047 0.73 0.0 143.2209
9143.633326 3.126e-33 0.0476 0.048 0.74 0.0 111.3991
9144.610677 6.234e-33 0.0469 0.047 0.75 0.0 83.5527
9145.448393 2.985e-33 0.0477 0.048 0.76 0.0 59.6826
9146.14648 5.451e-33 0.049 0.049 0.76 0.0 39.7895
9146.704944 2.352e-33 0.0509 0.051 0.77 0.0 23.8743
9147.123788 3.816e-33 0.0535 0.053 0.78 0.0 11.9373
9147.403015 1.666e-33 0.0567 0.057 0.79 0.0 3.9792
9159.061132 2.937e-33 0.0663 0.066 0.81 0.0 0.0
9166.600059 2.657e-33 0.0621 0.062 0.79 0.0 3.9792
9173.998676 7.481e-33 0.0588 0.059 0.78 0.0 11.9373
9181.256706 4.687e-33 0.0562 0.056 0.77 0.0 23.8743
9188.373867 1.09e-32 0.0542 0.054 0.76 0.0 39.7895
9195.349877 6.003e-33 0.0525 0.052 0.76 0.0 59.6826
9202.184453 1.265e-32 0.0512 0.051 0.75 0.0 83.5527
9208.877313 6.414e-33 0.0499 0.05 0.74 0.0 111.3991
9215.428171 1.258e-32 0.0488 0.049 0.73 0.0 143.2209
9221.836741 5.98e-33 0.0476 0.048 0.71 0.0 179.0168
9228.102737 1.105e-32 0.0463 0.046 0.68 0.0 218.7856
9234.225872 4.969e-33 0.0448 0.045 0.65 0.0 262.5261
9240.205855 8.707e-33 0.0433 0.043 0.62 0.0 310.2366
9246.042398 3.72e-33 0.0415 0.042 0.57 0.0 361.9156
9251.73521 6.207e-33 0.0396 0.04 0.52 0.0 417.5611
9257.283999 2.528e-33 0.0375 0.037 0.47 0.0 477.1714
9262.688473 4.025e-33 0.0354 0.035 0.41 0.0 540.7443
9267.948337 1.566e-33 0.0332 0.033 0.34 0.0 608.2776
9273.063298 2.384e-33 0.0311 0.031 0.27 0.0 679.769
9278.033058 8.873e-34 0.0291 0.029 0.2 0.0 755.216
9282.857322 1.293e-33 0.0274 0.027 0.2 0.0 834.6161
9287.535791 4.609e-34 0.0273 0.027 0.2 0.0 917.9663
9292.068167 6.433e-34 0.0273 0.027 0.2 0.0 1005.2639
9296.45415 2.198e-34 0.0273 0.027 0.2 0.0 1096.5059
9300.693439 2.942e-34 0.0273 0.027 0.2 0.0 1191.689
9304.785731 9.641e-35 0.0273 0.027 0.2 0.0 1290.81
9308.730724 1.238e-34 0.0273 0.027 0.2 0.0 1393.8655
9312.528114 3.893e-35 0.0273 0.027 0.2 0.0 1500.8518
9316.177594 4.798e-35 0.0273 0.027 0.2 0.0 1611.7652
9319.678859 1.448e-35 0.0273 0.027 0.2 0.0 1726.6019
9323.031601 1.714e-35 0.0273 0.027 0.2 0.0 1845.358
9326.235512 4.97e-36 0.0273 0.027 0.2 0.0 1968.0293
9329.29028 5.65e-36 0.0273 0.027 0.2 0.0 2094.6115
9332.195597 1.574e-36 0.0273 0.027 0.2 0.0 2225.1003
9334.951148 1.719e-36 0.0273 0.027 0.2 0.0 2359.4911
9337.556621 4.602e-37 0.0273 0.027 0.2 0.0 2497.7792
9340.011701 4.832e-37 0.0273 0.027 0.2 0.0 2639.96
9342.316072 1.243e-37 0.0273 0.027 0.2 0.0 2786.0283
9344.469418 1.255e-37 0.0273 0.027 0.2 0.0 2935.9792
9346.471418 3.106e-38 0.0273 0.027 0.2 0.0 3089.8075
9348.321754 3.014e-38 0.0273 0.027 0.2 0.0 3247.5078
9350.020105 7.174e-39 0.0273 0.027 0.2 0.0 3409.0746
9351.566148 6.697e-39 0.0273 0.027 0.2 0.0 3574.5023
9352.959559 1.533e-39 0.0273 0.027 0.2 0.0 3743.7852
9354.200013 1.377e-39 0.0273 0.027 0.2 0.0 3916.9175
