   1             3.06740
   2             8.04939
   3            14.32877
   4            21.70325
   5            30.03254
   6            39.21842
   7            49.18767
   8            59.88312
   9            71.25852
  10            83.27548
  11            95.90145
  12           109.10842
  13           122.87189
  14           137.17024
  15           151.98420
  16           167.29644
  17           183.09128
  18           199.35442
  19           216.07278
  20           233.23432
  21           250.82789
  22           268.84316
  23           287.27052
  24           306.10097
  25           325.32608
  26           344.93794
  27           364.92909
  28           385.29250
  29           406.02149
  30           427.10975
  31           448.55130
  32           470.34042
  33           492.47168
  34           514.93989
  35           537.74009
  36           560.86753
  37           584.31769
  38           608.08618
  39           632.16883
  40           656.56160
  41           681.26064
  42           706.26220
  43           731.56268
  44           757.15862
  45           783.04666
  46           809.22356
  47           835.68619
  48           862.43152
  49           889.45660
  50           916.75858
  51           944.33471
  52           972.18231
  53          1000.29880
  54          1028.68150
  55          1057.32820
  56          1086.23630
  57          1115.40360
  58          1144.82780
  59          1174.50670
  60          1204.43810
  61          1234.61990
  62          1265.05020
  63          1295.72680
  64          1326.64790
  65          1357.81150
  66          1389.21580
  67          1420.85910
  68          1452.73940
  69          1484.85510
  70          1517.20450
  71          1549.78590
  72          1582.59770
  73          1615.63830
  74          1648.90620
  75          1682.39980
  76          1716.11760
  77          1750.05830
  78          1784.22030
  79          1818.60230
  80          1853.20280
  81          1888.02060
  82          1923.05430
  83          1958.30260
  84          1993.76430
  85          2029.43810
  86          2065.32280
  87          2101.41710
  88          2137.72000
  89          2174.23020
  90          2210.94670
  91          2247.86830
  92          2284.99390
  93          2322.32250
  94          2359.85300
  95          2397.58440
  96          2435.51560
  97          2473.64580
  98          2511.97400
  99          2550.49910
 100          2589.22020
 101          2628.13650
 102          2667.24710
 103          2706.55100
 104          2746.04740
 105          2785.73540
 106          2825.61430
 107          2865.68330
 108          2905.94140
 109          2946.38810
 110          2987.02240
 111          3027.84370
 112          3068.85120
 113          3110.04430
 114          3151.42220
 115          3192.98420
 116          3234.72970
 117          3276.65800
 118          3318.76850
 119          3361.06060
 120          3403.53370
 121          3446.18720
 122          3489.02040
 123          3532.03290
 124          3575.22410
 125          3618.59350
 126          3662.14050
 127          3705.86460
 128          3749.76540
 129          3793.84240
 130          3838.09510
 131          3882.52300
 132          3927.12570
 133          3971.90280
 134          4016.85390
 135          4061.97860
 136          4107.27650
 137          4152.74720
 138          4198.39030
 139          4244.20560
 140          4290.19260
 141          4336.35110
 142          4382.68070
 143          4429.18110
 144          4475.85210
 145          4522.69330
 146          4569.70460
 147          4616.88550
 148          4664.23600
 149          4711.75580
 150          4759.44450
 151          4807.30220
 152          4855.32840
 153          4903.52310
 154          4951.88610
 155          5000.41710
 156          5049.11610
 157          5097.98290
 158          5147.01740
 159          5196.21930
 160          5245.58870
 161          5295.12540
 162          5344.82920
 163          5394.70020
 164          5444.73820
 165          5494.94310
 166          5545.31500
 167          5595.85370
 168          5646.55910
 169          5697.43140
 170          5748.47040
 171          5799.67610
 172          5851.04850
 173          5902.58760
 174          5954.29340
 175          6006.16590
 176          6058.20520
 177          6110.41130
 178          6162.78410
 179          6215.32390
 180          6268.03060
 181          6320.90420
 182          6373.94490
 183          6427.15270
 184          6480.52780
 185          6534.07010
 186          6587.77990
 187          6641.65710
 188          6695.70190
 189          6749.91450
 190          6804.29500
 191          6858.84340
 192          6913.56000
 193          6968.44490
 194          7023.49810
 195          7078.72000
 196          7134.11060
 197          7189.67010
 198          7245.39870
 199          7301.29660
 200          7357.36400
 201          7413.60100
 202          7470.00790
 203          7526.58480
 204          7583.33200
 205          7640.24970
 206          7697.33810
 207          7754.59740
 208          7812.02790
 209          7869.62980
 210          7927.40340
 211          7985.34890
 212          8043.46650
 213          8101.75650
 214          8160.21920
 215          8218.85490
 216          8277.66380
 217          8336.64610
 218          8395.80220
 219          8455.13240
 220          8514.63700
 221          8574.31620
 222          8634.17040
 223          8694.19980
 224          8754.40480
 225          8814.78560
 226          8875.34270
 227          8936.07630
 228          8996.98670
 229          9058.07430
 230          9119.33950
 231          9180.78240
 232          9242.40360
 233          9304.20340
 234          9366.18200
 235          9428.33990
 236          9490.67740
 237          9553.19490
 238          9615.89270
 239          9678.77120
 240          9741.83090
 241          9805.07190
 242          9868.49490
 243          9932.10000
 244          9995.88780
 245         10059.85900
 246         10124.01300
 247         10188.35100
 248         10252.87300
 249         10317.58000
 250         10382.47200
 251         10447.54900
 252         10512.81200
 253         10578.26200
 254         10643.89800
 255         10709.72100
 256         10775.73200
 257         10841.93100
 258         10908.31800
 259         10974.89400
 260         11041.65900
 261         11108.61400
 262         11175.75900
 263         11243.09500
 264         11310.62200
 265         11378.34100
 266         11446.25100
 267         11514.35400
 268         11582.65000
 269         11651.14000
 270         11719.82300
 271         11788.70100
 272         11857.77300
 273         11927.04100
 274         11996.50400
 275         12066.16400
 276         12136.02000
 277         12206.07400
 278         12276.32500
 279         12346.77500
 280         12417.42300
 281         12488.27100
 282         12559.31800
 283         12630.56600
 284         12702.01400
 285         12773.66400
 286         12845.51500
 287         12917.56900
 288         12989.82500
 289         13062.28500
 290         13134.94800
 291         13207.81600
 292         13280.88900
 293         13354.16700
 294         13427.65100
 295         13501.34200
 296         13575.23900
 297         13649.34400
 298         13723.65800
 299         13798.17900
 300         13872.91000
 301         13947.85100
 302         14023.00200
 303         14098.36400
 304         14173.93700
 305         14249.72200
 306         14325.72000
 307         14401.93100
 308         14478.35500
 309         14554.99400
 310         14631.84700
 311         14708.91500
 312         14786.20000
 313         14863.70100
 314         14941.41900
 315         15019.35400
 316         15097.50800
 317         15175.88000
 318         15254.47200
 319         15333.28400
 320         15412.31600
 321         15491.57000
 322         15571.04500
 323         15650.74200
 324         15730.66200
 325         15810.80600
 326         15891.17400
 327         15971.76600
 328         16052.58400
 329         16133.62800
 330         16214.89800
 331         16296.39500
 332         16378.12000
 333         16460.07300
 334         16542.25500
 335         16624.66700
 336         16707.30900
 337         16790.18200
 338         16873.28600
 339         16956.62200
 340         17040.19100
 341         17123.99200
 342         17208.02800
 343         17292.29900
 344         17376.80400
 345         17461.54600
 346         17546.52300
 347         17631.73800
 348         17717.19000
 349         17802.88100
 350         17888.81100
 351         17974.98000
 352         18061.39000
 353         18148.04000
 354         18234.93200
 355         18322.06600
 356         18409.44400
 357         18497.06400
 358         18584.92900
 359         18673.03800
 360         18761.39300
 361         18849.99400
 362         18938.84200
 363         19027.93700
 364         19117.28000
 365         19206.87200
 366         19296.71400
 367         19386.80500
 368         19477.14800
 369         19567.74100
 370         19658.58700
 371         19749.68600
 372         19841.03800
 373         19932.64400
 374         20024.50500
 375         20116.62100
 376         20208.99300
 377         20301.62300
 378         20394.51000
 379         20487.65500
 380         20581.05900
 381         20674.72200
 382         20768.64600
 383         20862.83100
 384         20957.27700
 385         21051.98600
 386         21146.95700
 387         21242.19300
 388         21337.69300
 389         21433.45800
 390         21529.48800
 391         21625.78600
 392         21722.35000
 393         21819.18300
 394         21916.28400
 395         22013.65400
 396         22111.29400
 397         22209.20600
 398         22307.38800
 399         22405.84300
 400         22504.57100
 401         22603.57200
 402         22702.84800
 403         22802.39800
 404         22902.22500
 405         23002.32700
 406         23102.70700
 407         23203.36500
 408         23304.30200
 409         23405.51800
 410         23507.01400
 411         23608.79000
 412         23710.84900
 413         23813.18900
 414         23915.81300
 415         24018.72000
 416         24121.91200
 417         24225.38900
 418         24329.15200
 419         24433.20200
 420         24537.53900
 421         24642.16400
 422         24747.07800
 423         24852.28100
 424         24957.77500
 425         25063.56000
 426         25169.63700
 427         25276.00700
 428         25382.67000
 429         25489.62700
 430         25596.87900
 431         25704.42600
 432         25812.27000
 433         25920.41100
 434         26028.85000
 435         26137.58800
 436         26246.62400
 437         26355.96100
 438         26465.59900
 439         26575.53900
 440         26685.78100
 441         26796.32600
 442         26907.17500
 443         27018.32900
 444         27129.78800
 445         27241.55400
 446         27353.62600
 447         27466.00700
 448         27578.69600
 449         27691.69400
 450         27805.00200
 451         27918.62100
 452         28032.55200
 453         28146.79500
 454         28261.35200
 455         28376.22200
 456         28491.40800
 457         28606.90900
 458         28722.72600
 459         28838.86000
 460         28955.31200
 461         29072.08300
 462         29189.17300
 463         29306.58400
 464         29424.31500
 465         29542.36900
 466         29660.74500
 467         29779.44400
 468         29898.46800
 469         30017.81700
 470         30137.49100
 471         30257.49300
 472         30377.82100
 473         30498.47800
 474         30619.46400
 475         30740.77900
 476         30862.42500
 477         30984.40300
 478         31106.71300
 479         31229.35500
 480         31352.33200
 481         31475.64300
 482         31599.29000
 483         31723.27300
 484         31847.59300
 485         31972.25100
 486         32097.24700
 487         32222.58300
 488         32348.26000
 489         32474.27700
 490         32600.63700
 491         32727.33900
 492         32854.38500
 493         32981.77500
 494         33109.51000
 495         33237.59200
 496         33366.02000
 497         33494.79600
 498         33623.92100
 499         33753.39500
 500         33883.21900
 501         34013.39400
 502         34143.92100
 503         34274.80100
 504         34406.03400
 505         34537.62200
 506         34669.56400
 507         34801.86300
 508         34934.51800
 509         35067.53200
 510         35200.90300
 511         35334.63400
 512         35468.72600
 513         35603.17800
 514         35737.99200
 515         35873.16900
 516         36008.71000
 517         36144.61500
 518         36280.88500
 519         36417.52100
 520         36554.52400
 521         36691.89500
 522         36829.63500
 523         36967.74400
 524         37106.22400
 525         37245.07500
 526         37384.29800
 527         37523.89300
 528         37663.86300
 529         37804.20700
 530         37944.92700
 531         38086.02300
 532         38227.49700
 533         38369.34800
 534         38511.57900
 535         38654.18900
 536         38797.18000
 537         38940.55200
 538         39084.30700
 539         39228.44500
 540         39372.96800
 541         39517.87500
 542         39663.16900
 543         39808.84900
 544         39954.91600
 545         40101.37300
 546         40248.21800
 547         40395.45400
 548         40543.08100
 549         40691.10100
 550         40839.51300
 551         40988.31800
 552         41137.51900
 553         41287.11500
 554         41437.10800
 555         41587.49700
 556         41738.28600
 557         41889.47300
 558         42041.06000
 559         42193.04800
 560         42345.43800
 561         42498.23000
 562         42651.42600
 563         42805.02700
 564         42959.03300
 565         43113.44500
 566         43268.26400
 567         43423.49100
 568         43579.12800
 569         43735.17400
 570         43891.63100
 571         44048.49900
 572         44205.78000
 573         44363.47500
 574         44521.58300
 575         44680.10700
 576         44839.04800
 577         44998.40500
 578         45158.18000
 579         45318.37400
 580         45478.98800
 581         45640.02300
 582         45801.47900
 583         45963.35800
 584         46125.66100
 585         46288.38700
 586         46451.53900
 587         46615.11800
 588         46779.12300
 589         46943.55600
 590         47108.41900
 591         47273.71100
 592         47439.43400
 593         47605.58900
 594         47772.17700
 595         47939.19800
 596         48106.65400
 597         48274.54500
 598         48442.87200
 599         48611.63700
 600         48780.84000
 601         48950.48300
 602         49120.56500
 603         49291.08800
 604         49462.05400
 605         49633.46200
 606         49805.31500
 607         49977.61200
 608         50150.35500
 609         50323.54400
 610         50497.18100
 611         50671.26700
 612         50845.80200
 613         51020.78800
 614         51196.22500
 615         51372.11500
 616         51548.45800
 617         51725.25500
 618         51902.50700
 619         52080.21600
 620         52258.38100
 621         52437.00500
 622         52616.08800
 623         52795.63000
 624         52975.63400
 625         53156.10000
 626         53337.02800
 627         53518.42000
 628         53700.27800
 629         53882.60000
 630         54065.39000
 631         54248.64700
 632         54432.37300
 633         54616.56900
 634         54801.23500
 635         54986.37200
 636         55171.98200
 637         55358.06600
 638         55544.62400
 639         55731.65800
 640         55919.16800
 641         56107.15500
 642         56295.62100
 643         56484.56600
 644         56673.99100
 645         56863.89800
 646         57054.28700
 647         57245.15900
 648         57436.51600
 649         57628.35800
 650         57820.68600
 651         58013.50100
 652         58206.80400
 653         58400.59700
 654         58594.88000
 655         58789.65300
 656         58984.92000
 657         59180.67900
 658         59376.93200
 659         59573.68100
 660         59770.92500
 661         59968.66700
 662         60166.90700
 663         60365.64600
 664         60564.88600
 665         60764.62600
 666         60964.86800
 667         61165.61400
 668         61366.86400
 669         61568.61900
 670         61770.88000
 671         61973.64800
 672         62176.92500
 673         62380.71000
 674         62585.00600
 675         62789.81300
 676         62995.13300
 677         63200.96500
 678         63407.31200
 679         63614.17400
 680         63821.55200
 681         64029.44800
 682         64237.86200
 683         64446.79600
 684         64656.24900
 685         64866.22500
 686         65076.72200
 687         65287.74300
 688         65499.28900
 689         65711.36000
 690         65923.95700
 691         66137.08300
 692         66350.73600
 693         66564.92000
 694         66779.63400
 695         66994.88000
 696         67210.65800
 697         67426.97000
 698         67643.81700
 699         67861.20000
 700         68079.12000
 701         68297.57800
 702         68516.57500
 703         68736.11100
 704         68956.18900
 705         69176.80900
 706         69397.97200
 707         69619.68000
 708         69841.93200
 709         70064.73100
 710         70288.07700
 711         70511.97200
 712         70736.41600
 713         70961.41100
 714         71186.95700
 715         71413.05600
 716         71639.70800
 717         71866.91500
 718         72094.67800
 719         72322.99800
 720         72551.87600
 721         72781.31300
 722         73011.31000
 723         73241.86800
 724         73472.98800
 725         73704.67200
 726         73936.92000
 727         74169.73300
 728         74403.11300
 729         74637.06000
 730         74871.57600
 731         75106.66100
 732         75342.31800
 733         75578.54600
 734         75815.34700
 735         76052.72200
 736         76290.67300
 737         76529.19900
 738         76768.30300
 739         77007.98500
 740         77248.24600
 741         77489.08800
 742         77730.51200
 743         77972.51800
 744         78215.10800
 745         78458.28300
 746         78702.04400
 747         78946.39200
 748         79191.32800
 749         79436.85300
 750         79682.96900
 751         79929.67600
 752         80176.97600
 753         80424.86900
 754         80673.35700
 755         80922.44100
 756         81172.12200
 757         81422.40100
 758         81673.27900
 759         81924.75700
 760         82176.83700
 761         82429.51900
 762         82682.80500
 763         82936.69500
 764         83191.19200
 765         83446.29500
 766         83702.00600
 767         83958.32700
 768         84215.25700
 769         84472.79900
 770         84730.95400
 771         84989.72200
 772         85249.10600
 773         85509.10500
 774         85769.72100
 775         86030.95500
 776         86292.80800
 777         86555.28200
 778         86818.37700
 779         87082.09500
 780         87346.43700
 781         87611.40400
 782         87876.99600
 783         88143.21600
 784         88410.06400
 785         88677.54200
 786         88945.65100
 787         89214.39100
 788         89483.76400
 789         89753.77100
 790         90024.41300
 791         90295.69100
 792         90567.60700
 793         90840.16200
 794         91113.35600
 795         91387.19100
 796         91661.66800
 797         91936.78900
 798         92212.55300
 799         92488.96400
 800         92766.02100
 801         93043.72600
 802         93322.07900
 803         93601.08300
 804         93880.73900
 805         94161.04600
 806         94442.00800
 807         94723.62400
 808         95005.89600
 809         95288.82500
 810         95572.41200
 811         95856.65900
 812         96141.56700
 813         96427.13600
 814         96713.36800
 815         97000.26500
 816         97287.82700
 817         97576.05500
 818         97864.95100
 819         98154.51500
 820         98444.75000
 821         98735.65600
 822         99027.23500
 823         99319.48700
 824         99612.41300
 825         99906.01600
 826        100200.30000
 827        100495.25000
 828        100790.89000
 829        101087.21000
 830        101384.21000
 831        101681.89000
 832        101980.26000
 833        102279.31000
 834        102579.05000
 835        102879.48000
 836        103180.60000
 837        103482.40000
 838        103784.90000
 839        104088.09000
 840        104391.98000
 841        104696.56000
 842        105001.83000
 843        105307.81000
 844        105614.48000
 845        105921.85000
 846        106229.92000
 847        106538.70000
 848        106848.18000
 849        107158.36000
 850        107469.25000
 851        107780.85000
 852        108093.15000
 853        108406.17000
 854        108719.89000
 855        109034.33000
 856        109349.48000
 857        109665.35000
 858        109981.93000
 859        110299.23000
 860        110617.24000
 861        110935.98000
 862        111255.44000
 863        111575.61000
 864        111896.52000
 865        112218.14000
 866        112540.49000
 867        112863.57000
 868        113187.38000
 869        113511.91000
 870        113837.18000
 871        114163.18000
 872        114489.91000
 873        114817.37000
 874        115145.57000
 875        115474.51000
 876        115804.18000
 877        116134.60000
 878        116465.75000
 879        116797.65000
 880        117130.29000
 881        117463.67000
 882        117797.80000
 883        118132.68000
 884        118468.30000
 885        118804.68000
 886        119141.80000
 887        119479.68000
 888        119818.30000
 889        120157.69000
 890        120497.83000
 891        120838.72000
 892        121180.37000
 893        121522.79000
 894        121865.96000
 895        122209.90000
 896        122554.59000
 897        122900.06000
 898        123246.29000
 899        123593.28000
 900        123941.05000
 901        124289.58000
 902        124638.88000
 903        124988.96000
 904        125339.81000
 905        125691.44000
 906        126043.84000
 907        126397.02000
 908        126750.97000
 909        127105.71000
 910        127461.23000
 911        127817.53000
 912        128174.61000
 913        128532.48000
 914        128891.13000
 915        129250.58000
 916        129610.81000
 917        129971.83000
 918        130333.64000
 919        130696.25000
 920        131059.65000
 921        131423.84000
 922        131788.84000
 923        132154.63000
 924        132521.22000
 925        132888.61000
 926        133256.80000
 927        133625.79000
 928        133995.59000
 929        134366.20000
 930        134737.61000
 931        135109.83000
 932        135482.86000
 933        135856.71000
 934        136231.36000
 935        136606.83000
 936        136983.11000
 937        137360.21000
 938        137738.13000
 939        138116.87000
 940        138496.43000
 941        138876.81000
 942        139258.01000
 943        139640.03000
 944        140022.89000
 945        140406.57000
 946        140791.07000
 947        141176.41000
 948        141562.58000
 949        141949.58000
 950        142337.42000
 951        142726.09000
 952        143115.59000
 953        143505.94000
 954        143897.12000
 955        144289.14000
 956        144682.01000
 957        145075.72000
 958        145470.27000
 959        145865.67000
 960        146261.92000
 961        146659.01000
 962        147056.96000
 963        147455.75000
 964        147855.40000
 965        148255.91000
 966        148657.26000
 967        149059.48000
 968        149462.55000
 969        149866.48000
 970        150271.28000
 971        150676.93000
 972        151083.45000
 973        151490.84000
 974        151899.09000
 975        152308.21000
 976        152718.19000
 977        153129.05000
 978        153540.78000
 979        153953.38000
 980        154366.86000
 981        154781.21000
 982        155196.44000
 983        155612.55000
 984        156029.54000
 985        156447.41000
 986        156866.17000
 987        157285.81000
 988        157706.33000
 989        158127.74000
 990        158550.04000
 991        158973.23000
 992        159397.31000
 993        159822.28000
 994        160248.15000
 995        160674.91000
 996        161102.57000
 997        161531.13000
 998        161960.58000
 999        162390.94000
1000        162822.20000