   1             0.78160
   2             2.01731
   3             3.58955
   4             5.43879
   5             7.52856
   6             9.83383
   7            12.33608
   8            15.02089
   9            17.87661
  10            20.89358
  11            24.06362
  12            27.37968
  13            30.83561
  14            34.42598
  15            38.14595
  16            41.99115
  17            45.95768
  18            50.04192
  19            54.24059
  20            58.55067
  21            62.96937
  22            67.49409
  23            72.12243
  24            76.85210
  25            81.68100
  26            86.60717
  27            91.62872
  28            96.74386
  29           101.95097
  30           107.24843
  31           112.63476
  32           118.10848
  33           123.66830
  34           129.31288
  35           135.04094
  36           140.85131
  37           146.74292
  38           152.71460
  39           158.76535
  40           164.89410
  41           171.09994
  42           177.38189
  43           183.73906
  44           190.17066
  45           196.67574
  46           203.25352
  47           209.90318
  48           216.62403
  49           223.41534
  50           230.27630
  51           237.20630
  52           244.20464
  53           251.27072
  54           258.40383
  55           265.60337
  56           272.86879
  57           280.19944
  58           287.59479
  59           295.05430
  60           302.57741
  61           310.16369
  62           317.81245
  63           325.52328
  64           333.29570
  65           341.12925
  66           349.02341
  67           356.97778
  68           364.99191
  69           373.06540
  70           381.19772
  71           389.38846
  72           397.63738
  73           405.94389
  74           414.30772
  75           422.72858
  76           431.20580
  77           439.73933
  78           448.32852
  79           456.97334
  80           465.67319
  81           474.42785
  82           483.23704
  83           492.10033
  84           501.01745
  85           509.98814
  86           519.01204
  87           528.08885
  88           537.21827
  89           546.40007
  90           555.63402
  91           564.91971
  92           574.25681
  93           583.64532
  94           593.08502
  95           602.57526
  96           612.11619
  97           621.70723
  98           631.34851
  99           641.03951
 100           650.78021
 101           660.57025
 102           670.40944
 103           680.29767
 104           690.23450
 105           700.22001
 106           710.25406
 107           720.33607
 108           730.46615
 109           740.64402
 110           750.86950
 111           761.14249
 112           771.46286
 113           781.83052
 114           792.24476
 115           802.70614
 116           813.21401
 117           823.76864
 118           834.36950
 119           845.01687
 120           855.71009
 121           866.44953
 122           877.23481
 123           888.06583
 124           898.94264
 125           909.86489
 126           920.83260
 127           931.84564
 128           942.90385
 129           954.00749
 130           965.15603
 131           976.34954
 132           987.58794
 133           998.87118
 134          1010.19950
 135          1021.57210
 136          1032.98950
 137          1044.45140
 138          1055.95760
 139          1067.50850
 140          1079.10390
 141          1090.74340
 142          1102.42750
 143          1114.15570
 144          1125.92810
 145          1137.74480
 146          1149.60570
 147          1161.51080
 148          1173.45980
 149          1185.45320
 150          1197.49040
 151          1209.57190
 152          1221.69740
 153          1233.86710
 154          1246.08100
 155          1258.33890
 156          1270.64080
 157          1282.98700
 158          1295.37730
 159          1307.81160
 160          1320.29000
 161          1332.81280
 162          1345.37980
 163          1357.99090
 164          1370.64650
 165          1383.34620
 166          1396.09040
 167          1408.87900
 168          1421.71170
 169          1434.58940
 170          1447.51160
 171          1460.47820
 172          1473.48940
 173          1486.54550
 174          1499.64630
 175          1512.79210
 176          1525.98260
 177          1539.21830
 178          1552.49900
 179          1565.82450
 180          1579.19580
 181          1592.61200
 182          1606.07370
 183          1619.58080
 184          1633.13360
 185          1646.73190
 186          1660.37610
 187          1674.06620
 188          1687.80200
 189          1701.58410
 190          1715.41220
 191          1729.28670
 192          1743.20750
 193          1757.17490
 194          1771.18850
 195          1785.24940
 196          1799.35660
 197          1813.51140
 198          1827.71290
 199          1841.96130
 200          1856.25750
 201          1870.60120
 202          1884.99220
 203          1899.43070
 204          1913.91760
 205          1928.45240
 206          1943.03530
 207          1957.66680
 208          1972.34600
 209          1987.07430
 210          2001.85120
 211          2016.67700
 212          2031.55180
 213          2046.47600
 214          2061.44920
 215          2076.47220
 216          2091.54460
 217          2106.66650
 218          2121.83920
 219          2137.06140
 220          2152.33440
 221          2167.65770
 222          2183.03090
 223          2198.45540
 224          2213.93120
 225          2229.45820
 226          2245.03650
 227          2260.66570
 228          2276.34720
 229          2292.08050
 230          2307.86580
 231          2323.70310
 232          2339.59310
 233          2355.53620
 234          2371.53150
 235          2387.57970
 236          2403.68110
 237          2419.83630
 238          2436.04470
 239          2452.30680
 240          2468.62280
 241          2484.99310
 242          2501.41810
 243          2517.89750
 244          2534.43150
 245          2551.01990
 246          2567.66430
 247          2584.36370
 248          2601.11870
 249          2617.92980
 250          2634.79560
 251          2651.71900
 252          2668.69850
 253          2685.73470
 254          2702.82670
 255          2719.97690
 256          2737.18410
 257          2754.44900
 258          2771.77090
 259          2789.15100
 260          2806.58910
 261          2824.08580
 262          2841.64100
 263          2859.25510
 264          2876.92760
 265          2894.65980
 266          2912.45170
 267          2930.30280
 268          2948.21370
 269          2966.18540
 270          2984.21720
 271          3002.30940
 272          3020.46250
 273          3038.67650
 274          3056.95230
 275          3075.28910
 276          3093.68820
 277          3112.14890
 278          3130.67120
 279          3149.25720
 280          3167.90550
 281          3186.61620
 282          3205.39030
 283          3224.22790
 284          3243.12960
 285          3262.09460
 286          3281.12370
 287          3300.21690
 288          3319.37560
 289          3338.59870
 290          3357.88720
 291          3377.24060
 292          3396.66000
 293          3416.14490
 294          3435.69620
 295          3455.31380
 296          3474.99780
 297          3494.74860
 298          3514.56690
 299          3534.45280
 300          3554.40550
 301          3574.42640
 302          3594.51470
 303          3614.67240
 304          3634.89830
 305          3655.19360
 306          3675.55660
 307          3695.99000
 308          3716.49300
 309          3737.06580
 310          3757.70850
 311          3778.42190
 312          3799.20550
 313          3820.06080
 314          3840.98680
 315          3861.98400
 316          3883.05330
 317          3904.19490
 318          3925.40800
 319          3946.69430
 320          3968.05230
 321          3989.48420
 322          4010.98920
 323          4032.56750
 324          4054.21930
 325          4075.94550
 326          4097.74670
 327          4119.62200
 328          4141.57200
 329          4163.59760
 330          4185.69830
 331          4207.87420
 332          4230.12680
 333          4252.45540
 334          4274.86040
 335          4297.34230
 336          4319.90080
 337          4342.53720
 338          4365.25060
 339          4388.04230
 340          4410.91220
 341          4433.85990
 342          4456.88700
 343          4479.99260
 344          4503.17750
 345          4526.44220
 346          4549.78630
 347          4573.21030
 348          4596.71490
 349          4620.30000
 350          4643.96630
 351          4667.71370
 352          4691.54150
 353          4715.45200
 354          4739.44460
 355          4763.51890
 356          4787.67650
 357          4811.91550
 358          4836.23940
 359          4860.64580
 360          4885.13670
 361          4909.70980
 362          4934.36850
 363          4959.11110
 364          4983.94000
 365          5008.85280
 366          5033.85000
 367          5058.93440
 368          5084.10480
 369          5109.36040
 370          5134.70220
 371          5160.13250
 372          5185.64900
 373          5211.25320
 374          5236.94530
 375          5262.72560
 376          5288.59300
 377          5314.54920
 378          5340.59360
 379          5366.72820
 380          5392.95260
 381          5419.26610
 382          5445.66970
 383          5472.16360
 384          5498.74760
 385          5525.42370
 386          5552.19060
 387          5579.04750
 388          5605.99750
 389          5633.03930
 390          5660.17310
 391          5687.39990
 392          5714.72050
 393          5742.13320
 394          5769.63980
 395          5797.23960
 396          5824.93460
 397          5852.72290
 398          5880.60590
 399          5908.58450
 400          5936.65910
 401          5964.82890
 402          5993.09480
 403          6021.45590
 404          6049.91440
 405          6078.46940
 406          6107.12070
 407          6135.87080
 408          6164.71840
 409          6193.66340
 410          6222.70710
 411          6251.85040
 412          6281.09100
 413          6310.43190
 414          6339.87170
 415          6369.41090
 416          6399.05140
 417          6428.79190
 418          6458.63330
 419          6488.57590
 420          6518.61950
 421          6548.76560
 422          6579.01280
 423          6609.36320
 424          6639.81590
 425          6670.36970
 426          6701.02820
 427          6731.79010
 428          6762.65680
 429          6793.62650
 430          6824.70120
 431          6855.88110
 432          6887.16620
 433          6918.55560
 434          6950.05020
 435          6981.65260
 436          7013.36150
 437          7045.17500
 438          7077.09730
 439          7109.12600
 440          7141.26310
 441          7173.50780
 442          7205.86110
 443          7238.32090
 444          7270.89180
 445          7303.57100
 446          7336.35970
 447          7369.25910
 448          7402.26750
 449          7435.38690
 450          7468.61760
 451          7501.95880
 452          7535.41200
 453          7568.97480
 454          7602.65140
 455          7636.44050
 456          7670.34190
 457          7704.35820
 458          7738.48520
 459          7772.72720
 460          7807.08230
 461          7841.55270
 462          7876.13560
 463          7910.83630
 464          7945.65140
 465          7980.58130
 466          8015.62890
 467          8050.79080
 468          8086.07100
 469          8121.46860
 470          8156.98050
 471          8192.61060
 472          8228.35980
 473          8264.22720
 474          8300.21450
 475          8336.31840
 476          8372.54290
 477          8408.88650
 478          8445.35010
 479          8481.93480
 480          8518.63800
 481          8555.46340
 482          8592.40920
 483          8629.47800
 484          8666.66790
 485          8703.98040
 486          8741.41410
 487          8778.97290
 488          8816.65360
 489          8854.45710
 490          8892.38560
 491          8930.43720
 492          8968.61560
 493          9006.91660
 494          9045.34520
 495          9083.89650
 496          9122.57560
 497          9161.38160
 498          9200.31260
 499          9239.37130
 500          9278.55740
 501          9317.86960
 502          9357.31240
 503          9396.88250
 504          9436.58160
 505          9476.40880
 506          9516.36510
 507          9556.45200
 508          9596.66810
 509          9637.01620
 510          9677.49370
 511          9718.10270
 512          9758.84300
 513          9799.71560
 514          9840.71960
 515          9881.85660
 516          9923.12580
 517          9964.52880
 518         10006.06300
 519         10047.73300
 520         10089.53900
 521         10131.47700
 522         10173.55200
 523         10215.76000
 524         10258.10500
 525         10300.58600
 526         10343.20300
 527         10385.95400
 528         10428.84600
 529         10471.87400
 530         10515.03900
 531         10558.34400
 532         10601.78500
 533         10645.36700
 534         10689.08800
 535         10732.94800
 536         10776.94600
 537         10821.08600
 538         10865.36600
 539         10909.78700
 540         10954.35000
 541         10999.05500
 542         11043.90200
 543         11088.89100
 544         11134.02200
 545         11179.29600
 546         11224.71300
 547         11270.27600
 548         11315.98200
 549         11361.83300
 550         11407.82900
 551         11453.96800
 552         11500.25600
 553         11546.68800
 554         11593.26700
 555         11639.99300
 556         11686.86600
 557         11733.88600
 558         11781.05400
 559         11828.37000
 560         11875.83500
 561         11923.44900
 562         11971.21300
 563         12019.12500
 564         12067.18700
 565         12115.40400
 566         12163.76600
 567         12212.28200
 568         12260.94900
 569         12309.76800
 570         12358.73900
 571         12407.86300
 572         12457.14000
 573         12506.57100
 574         12556.15500
 575         12605.89300
 576         12655.78600
 577         12705.83600
 578         12756.03800
 579         12806.39800
 580         12856.91400
 581         12907.58500
 582         12958.41200
 583         13009.39600
 584         13060.54100
 585         13111.84200
 586         13163.30100
 587         13214.91900
 588         13266.69700
 589         13318.63400
 590         13370.73200
 591         13422.99000
 592         13475.40400
 593         13527.98200
 594         13580.72400
 595         13633.62700
 596         13686.69000
 597         13739.91600
 598         13793.30700
 599         13846.85900
 600         13900.57700
 601         13954.45900
 602         14008.50300
 603         14062.71400
 604         14117.09100
 605         14171.63000
 606         14226.34100
 607         14281.21500
 608         14336.25400
 609         14391.46300
 610         14446.84000
 611         14502.38100
 612         14558.09500
 613         14613.97500
 614         14670.02700
 615         14726.24700
 616         14782.63600
 617         14839.19800
 618         14895.93200
 619         14952.83400
 620         15009.90500
 621         15067.15200
 622         15124.57000
 623         15182.16300
 624         15239.92900
 625         15297.86700
 626         15355.98100
 627         15414.26600
 628         15472.72800
 629         15531.36600
 630         15590.17800
 631         15649.16600
 632         15708.33300
 633         15767.67500
 634         15827.19400
 635         15886.89200
 636         15946.77000
 637         16006.82200
 638         16067.05400
 639         16127.46600
 640         16188.05600
 641         16248.82800
 642         16309.78300
 643         16370.91500
 644         16432.23000
 645         16493.72700
 646         16555.40700
 647         16617.26700
 648         16679.30900
 649         16741.53800
 650         16803.95000
 651         16866.54800
 652         16929.32600
 653         16992.29300
 654         17055.44500
 655         17118.78400
 656         17182.30600
 657         17246.01700
 658         17309.91200
 659         17373.99800
 660         17438.27200
 661         17502.73100
 662         17567.38200
 663         17632.22300
 664         17697.25300
 665         17762.47300
 666         17827.88200
 667         17893.48500
 668         17959.27500
 669         18025.26100
 670         18091.43700
 671         18157.80900
 672         18224.36900
 673         18291.12600
 674         18358.07700
 675         18425.22300
 676         18492.55900
 677         18560.09500
 678         18627.82600
 679         18695.75300
 680         18763.87700
 681         18832.19500
 682         18900.71200
 683         18969.42600
 684         19038.34200
 685         19107.45400
 686         19176.76400
 687         19246.27500
 688         19315.98600
 689         19385.89700
 690         19456.01000
 691         19526.32300
 692         19596.83600
 693         19667.55800
 694         19738.47800
 695         19809.60100
 696         19880.92400
 697         19952.45800
 698         20024.19400
 699         20096.13300
 700         20168.27800
 701         20240.63000
 702         20313.18900
 703         20385.95200
 704         20458.92200
 705         20532.10200
 706         20605.48500
 707         20679.08100
 708         20752.88600
 709         20826.89800
 710         20901.12000
 711         20975.55500
 712         21050.20100
 713         21125.05200
 714         21200.11600
 715         21275.39800
 716         21350.88600
 717         21426.58900
 718         21502.50700
 719         21578.63800
 720         21654.98700
 721         21731.54400
 722         21808.32000
 723         21885.30900
 724         21962.51700
 725         22039.93900
 726         22117.57800
 727         22195.43600
 728         22273.51300
 729         22351.80700
 730         22430.31700
 731         22509.05100
 732         22588.00000
 733         22667.17200
 734         22746.56500
 735         22826.17800
 736         22906.01700
 737         22986.07300
 738         23066.35300
 739         23146.85600
 740         23227.58000
 741         23308.53300
 742         23389.70500
 743         23471.10800
 744         23552.73000
 745         23634.58400
 746         23716.65700
 747         23798.95800
 748         23881.49200
 749         23964.24600
 750         24047.23900
 751         24130.45200
 752         24213.89700
 753         24297.57000
 754         24381.47400
 755         24465.60800
 756         24549.97100
 757         24634.56700
 758         24719.39600
 759         24804.45900
 760         24889.75100
 761         24975.27800
 762         25061.04100
 763         25147.03700
 764         25233.26400
 765         25319.72900
 766         25406.43300
 767         25493.36700
 768         25580.54000
 769         25667.95100
 770         25755.60300
 771         25843.48900
 772         25931.61800
 773         26019.98000
 774         26108.58300
 775         26197.42700
 776         26286.50800
 777         26375.84200
 778         26465.40500
 779         26555.21700
 780         26645.26800
 781         26735.56600
 782         26826.10200
 783         26916.88200
 784         27007.91300
 785         27099.18100
 786         27190.70200
 787         27282.46400
 788         27374.47200
 789         27466.73000
 790         27559.23600
 791         27651.98700
 792         27744.98800
 793         27838.23800
 794         27931.73300
 795         28025.48500
 796         28119.48100
 797         28213.73600
 798         28308.23300
 799         28402.99300
 800         28497.99300
 801         28593.25600
 802         28688.76700
 803         28784.52900
 804         28880.55500
 805         28976.82600
 806         29073.36100
 807         29170.14400
 808         29267.19300
 809         29364.49200
 810         29462.04900
 811         29559.86500
 812         29657.93400
 813         29756.27100
 814         29854.86400
 815         29953.71600
 816         30052.82800
 817         30152.20800
 818         30251.83800
 819         30351.74100
 820         30451.89600
 821         30552.31500
 822         30653.00800
 823         30753.95500
 824         30855.17400
 825         30956.65400
 826         31058.40200
 827         31160.40900
 828         31262.69300
 829         31365.23800
 830         31468.04800
 831         31571.13400
 832         31674.48100
 833         31778.10500
 834         31881.99100
 835         31986.15400
 836         32090.58300
 837         32195.28900
 838         32300.26100
 839         32405.50500
 840         32511.02800
 841         32616.82200
 842         32722.88600
 843         32829.22300
 844         32935.84500
 845         33042.73700
 846         33149.90700
 847         33257.34700
 848         33365.07100
 849         33473.07100
 850         33581.34700
 851         33689.90400
 852         33798.73800
 853         33907.85900
 854         34017.25000
 855         34126.92800
 856         34236.88200
 857         34347.13200
 858         34457.65100
 859         34568.44700
 860         34679.54100
 861         34790.91000
 862         34902.57400
 863         35014.51700
 864         35126.74800
 865         35239.25600
 866         35352.06100
 867         35465.14800
 868         35578.51800
 869         35692.19000
 870         35806.14200
 871         35920.38600
 872         36034.91400
 873         36149.74800
 874         36264.85900
 875         36380.26900
 876         36495.96100
 877         36611.95300
 878         36728.24100
 879         36844.81800
 880         36961.69200
 881         37078.85900
 882         37196.32900
 883         37314.08500
 884         37432.14100
 885         37550.49300
 886         37669.14100
 887         37788.09400
 888         37907.34100
 889         38026.88700
 890         38146.73500
 891         38266.88700
 892         38387.33000
 893         38508.08200
 894         38629.13100
 895         38750.48600
 896         38872.14400
 897         38994.10800
 898         39116.37500
 899         39238.94700
 900         39361.82700
 901         39485.00800
 902         39608.49900
 903         39732.29300
 904         39856.40100
 905         39980.81300
 906         40105.52800
 907         40230.56500
 908         40355.91100
 909         40481.56700
 910         40607.52500
 911         40733.80600
 912         40860.38600
 913         40987.29100
 914         41114.50500
 915         41242.02700
 916         41369.87200
 917         41498.03200
 918         41626.51100
 919         41755.28800
 920         41884.39800
 921         42013.82200
 922         42143.56700
 923         42273.62100
 924         42404.00300
 925         42534.70800
 926         42665.72000
 927         42797.06600
 928         42928.72300
 929         43060.71100
 930         43193.01700
 931         43325.65000
 932         43458.60700
 933         43591.87900
 934         43725.48400
 935         43859.41800
 936         43993.67000
 937         44128.24800
 938         44263.16200
 939         44398.39500
 940         44533.96500
 941         44669.85400
 942         44806.07800
 943         44942.63100
 944         45079.51600
 945         45216.74000
 946         45354.28300
 947         45492.17200
 948         45630.38000
 949         45768.93600
 950         45907.81600
 951         46047.02800
 952         46186.58300
 953         46326.47500
 954         46466.70900
 955         46607.26100
 956         46748.17000
 957         46889.40800
 958         47030.99400
 959         47172.90700
 960         47315.16900
 961         47457.76700
 962         47600.70800
 963         47743.99900
 964         47887.62500
 965         48031.59900
 966         48175.91200
 967         48320.57400
 968         48465.57300
 969         48610.92700
 970         48756.62800
 971         48902.66200
 972         49049.05300
 973         49195.79800
 974         49342.89200
 975         49490.31600
 976         49638.11500
 977         49786.25000
 978         49934.74700
 979         50083.58700
 980         50232.77500
 981         50382.33000
 982         50532.22100
 983         50682.48100
 984         50833.09200
 985         50984.05800
 986         51135.38200
 987         51287.06300
 988         51439.09700
 989         51591.49400
 990         51744.24600
 991         51897.35800
 992         52050.83600
 993         52204.67000
 994         52358.87000
 995         52513.41400
 996         52668.34000
 997         52823.62000
 998         52979.26000
 999         53135.28000
1000         53291.64600
