-9.999972450545584e-01 7.070076397326570e-06
-9.999854843850284e-01 1.645772765202527e-05
-9.999643261538894e-01 2.585912467010378e-05
-9.999337658606178e-01 3.526148598638122e-05
-9.998938032169420e-01 4.466375812725804e-05
-9.998444384611713e-01 5.406568287934534e-05
-9.997856720116890e-01 6.346712684578828e-05
-9.997175044023747e-01 7.286798631906385e-05
-9.996399362654382e-01 8.226816671826293e-05
-9.995529683257071e-01 9.166757685000793e-05
-9.994566013984001e-01 1.010661269792904e-04
-9.993508363881507e-01 1.104637279301053e-04
-9.992356742885349e-01 1.198602909245872e-04
-9.991111161818229e-01 1.292557273591727e-04
-9.989771632388403e-01 1.386499487285717e-04
-9.988338167188826e-01 1.480428665743179e-04
-9.986810779696582e-01 1.574343925239720e-04
-9.985189484272492e-01 1.668244382250211e-04
-9.983474296160799e-01 1.762129153274654e-04
-9.981665231488915e-01 1.855997355417986e-04
-9.979762307267186e-01 1.949848105847834e-04
-9.977765541388681e-01 2.043680521876648e-04
-9.975674952628989e-01 2.137493721181250e-04
-9.973490560646014e-01 2.231286821380473e-04
-9.971212385979773e-01 2.325058940705342e-04
-9.968840450052185e-01 2.418809197182815e-04
-9.966374775166864e-01 2.512536709248386e-04
-9.963815384508896e-01 2.606240595580182e-04
-9.961162302144619e-01 2.699919975054958e-04
-9.958415553021396e-01 2.793573966692407e-04
-9.955575162967363e-01 2.887201689926952e-04
-9.952641158691200e-01 2.980802264220216e-04
-9.949613567781865e-01 3.074374809590951e-04
-9.946492418708341e-01 3.167918445979313e-04
-9.943277740819362e-01 3.261432293938776e-04
-9.939969564343137e-01 3.354915473965854e-04
-9.936567920387066e-01 3.448367107099207e-04
-9.933072840937446e-01 3.541786314627445e-04
-9.929484358859171e-01 3.635172218081483e-04
-9.925802507895418e-01 3.728523939266387e-04
-9.922027322667337e-01 3.821840600425211e-04
-9.918158838673715e-01 3.915121324107888e-04
-9.914197092290653e-01 4.008365233146977e-04
-9.910142120771213e-01 4.101571450748090e-04
-9.905993962245077e-01 4.194739100499231e-04
-9.901752655718179e-01 4.287867306336501e-04
-9.897418241072349e-01 4.380955192460142e-04
-9.892990759064927e-01 4.474001883652044e-04
-9.888470251328387e-01 4.567006504898926e-04
-9.883856760369940e-01 4.659968181724031e-04
-9.879150329571141e-01 4.752886039958789e-04
-9.874351003187474e-01 4.845759205882443e-04
-9.869458826347941e-01 4.938586806164574e-04
-9.864473845054633e-01 5.031367967975536e-04
-9.859396106182301e-01 5.124101818874835e-04
-9.854225657477915e-01 5.216787486796082e-04
-9.848962547560215e-01 5.309424100256608e-04
-9.843606825919249e-01 5.402010788179931e-04
-9.838158542915914e-01 5.494546679935592e-04
-9.832617749781478e-01 5.587030905397532e-04
-9.826984498617104e-01 5.679462594910189e-04
-9.821258842393351e-01 5.771840879351366e-04
-9.815440834949686e-01 5.864164890006790e-04
-9.809530530993970e-01 5.956433758795760e-04
-9.803527986101943e-01 6.048646618073159e-04
-9.797433256716714e-01 6.140802600732571e-04
-9.791246400148212e-01 6.232900840229698e-04
-9.784967474572661e-01 6.324940470533816e-04
-9.778596539032024e-01 6.416920626214222e-04
-9.772133653433457e-01 6.508840442298743e-04
-9.765578878548735e-01 6.600699054503715e-04
-9.758932276013692e-01 6.692495599009523e-04
-9.752193908327629e-01 6.784229212719378e-04
-9.745363838852739e-01 6.875899032959964e-04
-9.738442131813496e-01 6.967504197805176e-04
-9.731428852296072e-01 7.059043845835843e-04
-9.724324066247705e-01 7.150517116284531e-04
-9.717127840476089e-01 7.241923149024368e-04
-9.709840242648742e-01 7.333261084538843e-04
-9.702461341292372e-01 7.424530063974700e-04
-9.694991205792236e-01 7.515729229076825e-04
-9.687429906391477e-01 7.606857722342447e-04
-9.679777514190476e-01 7.697914686812227e-04
-9.672034101146174e-01 7.788899266296412e-04
-9.664199740071397e-01 7.879810605222707e-04
-9.656274504634179e-01 7.970647848770157e-04
-9.648258469357061e-01 8.061410142749558e-04
-9.640151709616388e-01 8.152096633686759e-04
-9.631954301641612e-01 8.242706468869739e-04
-9.623666322514564e-01 8.333238796293610e-04
-9.615287850168734e-01 8.423692764616815e-04
-9.606818963388538e-01 8.514067523314580e-04
-9.598259741808577e-01 8.604362222578164e-04
-9.589610265912885e-01 8.694576013338145e-04
-9.580870617034180e-01 8.784708047292897e-04
-9.572040877353089e-01 8.874757476924430e-04
-9.563121129897384e-01 8.964723455464083e-04
-9.554111458541199e-01 9.054605136946228e-04
-9.545011948004233e-01 9.144401676213978e-04
-9.535822683850967e-01 9.234112228889454e-04
-9.526543752489854e-01 9.323735951382909e-04
-9.517175241172497e-01 9.413272000987125e-04
-9.507717237992849e-01 9.502719535720444e-04
-9.498169831886358e-01 9.592077714559026e-04
-9.488533112629158e-01 9.681345697177394e-04
-9.478807170837206e-01 9.770522644223401e-04
-9.468992097965436e-01 9.859607717119104e-04
-9.459087986306898e-01 9.948600078214334e-04
-9.449094928991898e-01 1.003749889065348e-03
-9.439013019987106e-01 1.012630331854611e-03
-9.428842354094690e-01 1.021501252680986e-03
-9.418583026951410e-01 1.030362568132736e-03
-9.408235135027729e-01 1.039214194882376e-03
-9.397798775626900e-01 1.048056049697011e-03
-9.387274046884055e-01 1.056888049436075e-03
-9.376661047765279e-01 1.065710111049320e-03
-9.365959878066681e-01 1.074522151581816e-03
-9.355170638413453e-01 1.083324088172799e-03
-9.344293430258929e-01 1.092115838055425e-03
-9.333328355883626e-01 1.100897318558832e-03
-9.322275518394290e-01 1.109668447108020e-03
-9.311135021722909e-01 1.118429141228291e-03
-9.299906970625760e-01 1.127179318541309e-03
-9.288591470682402e-01 1.135918896764796e-03
-9.277188628294700e-01 1.144647793721135e-03
-9.265698550685812e-01 1.153365927331227e-03
-9.254121345899189e-01 1.162073215613493e-03
-9.242457122797550e-01 1.170769576694802e-03
-9.230705991061874e-01 1.179454928801398e-03
-9.218868061190350e-01 1.188129190262275e-03
-9.206943444497352e-01 1.196792279510906e-03
-9.194932253112384e-01 1.205444115087917e-03
-9.182834599979035e-01 1.214084615637022e-03
-9.170650598853900e-01 1.222713699911816e-03
-9.158380364305532e-01 1.231331286769466e-03
-9.146024011713345e-01 1.239937295178984e-03
-9.133581657266545e-01 1.248531644213987e-03
-9.121053417963026e-01 1.257114253062448e-03
-9.108439411608276e-01 1.265685041019692e-03
-9.095739756814265e-01 1.274243927492805e-03
-9.082954572998334e-01 1.282790831999436e-03
-9.070083980382073e-01 1.291325674172664e-03
-9.057128099990178e-01 1.299848373758846e-03
-9.044087053649336e-01 1.308358850615263e-03
-9.030960963987054e-01 1.316857024718560e-03
-9.017749954430525e-01 1.325342816156946e-03
-9.004454149205459e-01 1.333816145137454e-03
-8.991073673334917e-01 1.342276931982770e-03
-8.977608652638133e-01 1.350725097134908e-03
-8.964059213729331e-01 1.359160561155423e-03
-8.950425484016539e-01 1.367583244723636e-03
-8.936707591700388e-01 1.375993068638718e-03
-8.922905665772904e-01 1.384389953820266e-03
-8.909019836016303e-01 1.392773821311991e-03
-8.895050233001756e-01 1.401144592279067e-03
-8.880996988088177e-01 1.409502188009781e-03
-8.866860233420981e-01 1.417846529915605e-03
-8.852640101930838e-01 1.426177539532919e-03
-8.838336727332431e-01 1.434495138523034e-03
-8.823950244123190e-01 1.442799248674280e-03
-8.809480787582035e-01 1.451089791902109e-03
-8.794928493768098e-01 1.459366690249018e-03
-8.780293499519449e-01 1.467629865883704e-03
-8.765575942451802e-01 1.475879241108523e-03
-8.750775960957229e-01 1.484114738351846e-03
-8.735893694202854e-01 1.492336280173224e-03
-8.720929282129546e-01 1.500543789263710e-03
-8.705882865450600e-01 1.508737188448770e-03
-8.690754585650418e-01 1.516916400682409e-03
-8.675544584983180e-01 1.525081349052931e-03
-8.660253006471499e-01 1.533231956785691e-03
-8.644879993905081e-01 1.541368147238038e-03
-8.629425691839374e-01 1.549489843903871e-03
-8.613890245594205e-01 1.557596970413539e-03
-8.598273801252420e-01 1.565689450533205e-03
-8.582576505658499e-01 1.573767208169259e-03
-8.566798506417190e-01 1.581830167363500e-03
-8.550939951892107e-01 1.589878252299176e-03
-8.535000991204343e-01 1.597911387298072e-03
-8.518981774231068e-01 1.605929496824068e-03
-8.502882451604115e-01 1.613932505479672e-03
-8.486703174708565e-01 1.621920338012516e-03
-8.470444095681330e-01 1.629892919310339e-03
-8.454105367409712e-01 1.637850174406116e-03
-8.437687143529971e-01 1.645792028476556e-03
-8.421189578425884e-01 1.653718406841180e-03
-8.404612827227282e-01 1.661629234969008e-03
-8.387957045808606e-01 1.669524438471428e-03
-8.371222390787429e-01 1.677403943107769e-03
-8.354409019522986e-01 1.685267674787927e-03
-8.337517090114703e-01 1.693115559564584e-03
-8.320546761400698e-01 1.700947523644900e-03
-8.303498192956295e-01 1.708763493382169e-03
-8.286371545092520e-01 1.716563395282076e-03
-8.269166978854597e-01 1.724347156000719e-03
-8.251884656020433e-01 1.732114702345051e-03
-8.234524739099092e-01 1.739865961275825e-03
-8.217087391329272e-01 1.747600859906300e-03
-8.199572776677768e-01 1.755319325502965e-03
-8.181981059837932e-01 1.763021285489105e-03
-8.164312406228120e-01 1.770706667440492e-03
-8.146566981990144e-01 1.778375399090492e-03
-8.128744953987702e-01 1.786027408328009e-03
-8.110846489804812e-01 1.793662623201250e-03
-8.092871757744238e-01 1.801280971912549e-03
-8.074820926825905e-01 1.808882382826289e-03
-8.056694166785310e-01 1.816466784465849e-03
-8.038491648071928e-01 1.824034105511117e-03
-8.020213541847607e-01 1.831584274806894e-03
-8.001860019984957e-01 1.839117221357391e-03
-7.983431255065738e-01 1.846632874328430e-03
-7.964927420379235e-01 1.854131163049018e-03
-7.946348689920633e-01 1.861612017011165e-03
-7.927695238389363e-01 1.869075365871762e-03
-7.908967241187492e-01 1.876521139450022e-03
-7.890164874418037e-01 1.883949267732722e-03
-7.871288314883342e-01 1.891359680870898e-03
-7.852337740083386e-01 1.898752309184429e-03
-7.833313328214137e-01 1.906127083158338e-03
-7.814215258165864e-01 1.913483933445350e-03
-7.795043709521460e-01 1.920822790868569e-03
-7.775798862554750e-01 1.928143586419228e-03
-7.756480898228799e-01 1.935446251257701e-03
-7.737089998194209e-01 1.942730716716776e-03
-7.717626344787407e-01 1.949996914298437e-03
-7.698090121028939e-01 1.957244775677068e-03
-7.678481510621742e-01 1.964474232699635e-03
-7.658800697949419e-01 1.971685217386381e-03
-7.639047868074506e-01 1.978877661931464e-03
-7.619223206736728e-01 1.986051498702044e-03
-7.599326900351260e-01 1.993206660241216e-03
-7.579359136006965e-01 2.000343079268128e-03
-7.559320101464639e-01 2.007460688677559e-03
-7.539209985155253e-01 2.014559421540772e-03
-7.519028976178163e-01 2.021639211107584e-03
-7.498777264299350e-01 2.028699990805171e-03
-7.478455039949627e-01 2.035741694238940e-03
-7.458062494222848e-01 2.042764255195280e-03
-7.437599818874112e-01 2.049767607639576e-03
-7.417067206317964e-01 2.056751685717066e-03
-7.396464849626581e-01 2.063716423756296e-03
-7.375792942527953e-01 2.070661756266079e-03
-7.355051679404074e-01 2.077587617937363e-03
-7.334241255289101e-01 2.084493943645526e-03
-7.313361865867525e-01 2.091380668449815e-03
-7.292413707472336e-01 2.098247727591568e-03
-7.271396977083169e-01 2.105095056498881e-03
-7.250311872324454e-01 2.111922590784967e-03
-7.229158591463559e-01 2.118730266250041e-03
-7.207937333408926e-01 2.125518018879448e-03
-7.186648297708200e-01 2.132285784846319e-03
-7.165291684546351e-01 2.139033500513047e-03
-7.143867694743797e-01 2.145761102428644e-03
-7.122376529754508e-01 2.152468527332660e-03
-7.100818391664114e-01 2.159155712153310e-03
-7.079193483188013e-01 2.165822594010039e-03
-7.057502007669452e-01 2.172469110212781e-03
-7.035744169077619e-01 2.179095198263513e-03
-7.013920172005736e-01 2.185700795854670e-03
-6.992030221669115e-01 2.192285840873995e-03
-6.970074523903251e-01 2.198850271400387e-03
-6.948053285161866e-01 2.205394025706504e-03
-6.925966712514979e-01 2.211917042261240e-03
-6.903815013646960e-01 2.218419259726797e-03
-6.881598396854568e-01 2.224900616961522e-03
-6.859317071045004e-01 2.231361053020132e-03
-6.836971245733933e-01 2.237800507154110e-03
-6.814561131043529e-01 2.244218918811836e-03
-6.792086937700489e-01 2.250616227638982e-03
-6.769548877034052e-01 2.256992373481385e-03
-6.746947160974015e-01 2.263347296382804e-03
-6.724282002048740e-01 2.269680936586354e-03
-6.701553613383155e-01 2.275993234535656e-03
-6.678762208696750e-01 2.282284130874486e-03
-6.655908002301565e-01 2.288553566449143e-03
-6.632991209100174e-01 2.294801482306767e-03
-6.610012044583676e-01 2.301027819696189e-03
-6.586970724829653e-01 2.307232520070499e-03
-6.563867466500144e-01 2.313415525086041e-03
-6.540702486839614e-01 2.319576776602451e-03
-6.517476003672900e-01 2.325716216684061e-03
-6.494188235403171e-01 2.331833787600710e-03
-6.470839401009875e-01 2.337929431827474e-03
-6.447429720046669e-01 2.344003092046510e-03
-6.423959412639373e-01 2.350054711144502e-03
-6.400428699483875e-01 2.356084232219160e-03
-6.376837801844086e-01 2.362091598571787e-03
-6.353186941549833e-01 2.368076753714426e-03
-6.329476340994783e-01 2.374039641367987e-03
-6.305706223134360e-01 2.379980205461944e-03
-6.281876811483633e-01 2.385898390136028e-03
-6.257988330115229e-01 2.391794139740195e-03
-6.234041003657216e-01 2.397667398835730e-03
-6.210035057290990e-01 2.403518112195458e-03
-6.185970716749167e-01 2.409346224803552e-03
-6.161848208313454e-01 2.415151681857438e-03
-6.137667758812519e-01 2.420934428766991e-03
-6.113429595619866e-01 2.426694411156523e-03
-6.089133946651686e-01 2.432431574863343e-03
-6.064781040364728e-01 2.438145865939263e-03
-6.040371105754134e-01 2.443837230652520e-03
-6.015904372351302e-01 2.449505615485798e-03
-5.991381070221715e-01 2.455150967137847e-03
-5.966801429962785e-01 2.460773232524828e-03
-5.942165682701681e-01 2.466372358779346e-03
-5.917474060093160e-01 2.471948293251725e-03
-5.892726794317382e-01 2.477500983510301e-03
-5.867924118077738e-01 2.483030377341828e-03
-5.843066264598642e-01 2.488536422752551e-03
-5.818153467623364e-01 2.494019067967876e-03
-5.793185961411806e-01 2.499478261433897e-03
-5.768163980738323e-01 2.504913951816090e-03
-5.743087760889496e-01 2.510326088002054e-03
-5.717957537661931e-01 2.515714619100275e-03
-5.692773547360035e-01 2.521079494441244e-03
-5.667536026793805e-01 2.526420663578325e-03
-5.642245213276582e-01 2.531738076287379e-03
-5.616901344622844e-01 2.537031682567276e-03
-5.591504659145947e-01 2.542301432641495e-03
-5.566055395655898e-01 2.547547276957676e-03
-5.540553793457105e-01 2.552769166187976e-03
-5.515000092346125e-01 2.557967051229838e-03
-5.489394532609417e-01 2.563140883206632e-03
-5.463737355021070e-01 2.568290613467816e-03
-5.438028800840546e-01 2.573416193589597e-03
-5.412269111810419e-01 2.578517575375139e-03
-5.386458530154088e-01 2.583594710854857e-03
-5.360597298573504e-01 2.588647552287688e-03
-5.334685660246892e-01 2.593676052160602e-03
-5.308723858826458e-01 2.598680163190130e-03
-5.282712138436112e-01 2.603659838320756e-03
-5.256650743669147e-01 2.608615030728371e-03
-5.230539919585964e-01 2.613545693817777e-03
-5.204379911711752e-01 2.618451781225758e-03
-5.178170966034190e-01 2.623333246818684e-03
-5.151913329001123e-01 2.628190044695502e-03
-5.125607247518258e-01 2.633022129186598e-03
-5.099252968946826e-01 2.637829454855218e-03
-5.072850741101270e-01 2.642611976496924e-03
-5.046400812246907e-01 2.647369649140786e-03
-5.019903431097601e-01 2.652102428049315e-03
-4.993358846813412e-01 2.656810268719402e-03
-4.966767308998262e-01 2.661493126882397e-03
-4.940129067697592e-01 2.666150958504412e-03
-4.913444373395998e-01 2.670783719786863e-03
-4.886713477014886e-01 2.675391367167043e-03
-4.859936629910108e-01 2.679973857318505e-03
-4.833114083869601e-01 2.684531147150896e-03
-4.806246091111018e-01 2.689063193811396e-03
-4.779332904279356e-01 2.693569954684099e-03
-4.752374776444580e-01 2.698051387391294e-03
-4.725371961099243e-01 2.702507449792817e-03
-4.698324712156108e-01 2.706938099987520e-03
-4.671233283945752e-01 2.711343296313169e-03
-4.644097931214176e-01 2.715722997347046e-03
-4.616918909120419e-01 2.720077161905986e-03
-4.589696473234145e-01 2.724405749046413e-03
-4.562430879533250e-01 2.728708718066367e-03
-4.535122384401449e-01 2.732986028504061e-03
-4.507771244625871e-01 2.737237640138836e-03
-4.480377717394638e-01 2.741463512991982e-03
-4.452942060294449e-01 2.745663607327167e-03
-4.425464531308161e-01 2.749837883649811e-03
-4.397945388812359e-01 2.753986302708354e-03
-4.370384891574928e-01 2.758108825494488e-03
-4.342783298752620e-01 2.762205413243292e-03
-4.315140869888617e-01 2.766276027433642e-03
-4.287457864910092e-01 2.770320629788766e-03
-4.259734544125757e-01 2.774339182276934e-03
-4.231971168223430e-01 2.778331647110311e-03
-4.204167998267569e-01 2.782297986746974e-03
-4.176325295696824e-01 2.786238163891350e-03
-4.148443322321580e-01 2.790152141492438e-03
-4.120522340321494e-01 2.794039882746588e-03
-4.092562612243023e-01 2.797901351096668e-03
-4.064564400996966e-01 2.801736510232617e-03
-4.036527969855987e-01 2.805545324091464e-03
-4.008453582452137e-01 2.809327756858458e-03
-3.980341502774379e-01 2.813083772966159e-03
-3.952191995166100e-01 2.816813337096501e-03
-3.924005324322634e-01 2.820516414179566e-03
-3.895781755288765e-01 2.824192969394245e-03
-3.867521553456238e-01 2.827842968169747e-03
-3.839224984561267e-01 2.831466376184011e-03
-3.810892314682027e-01 2.835063159365602e-03
-3.782523810236164e-01 2.838633283892975e-03
-3.754119737978276e-01 2.842176716195959e-03
-3.725680364997420e-01 2.845693422954734e-03
-3.697205958714585e-01 2.849183371100992e-03
-3.668696786880191e-01 2.852646527818124e-03
-3.640153117571563e-01 2.856082860541398e-03
-3.611575219190411e-01 2.859492336958440e-03
-3.582963360460311e-01 2.862874925008886e-03
-3.554317810424171e-01 2.866230592886020e-03
-3.525638838441709e-01 2.869559309035586e-03
-3.496926714186911e-01 2.872861042157225e-03
-3.468181707645507e-01 2.876135761203880e-03
-3.439404089112421e-01 2.879383435382784e-03
-3.410594129189233e-01 2.882604034155526e-03
-3.381752098781637e-01 2.885797527238048e-03
-3.352878269096896e-01 2.888963884601430e-03
-3.323972911641281e-01 2.892103076471600e-03
-3.295036298217530e-01 2.895215073330326e-03
-3.266068700922282e-01 2.898299845914968e-03
-3.237070392143528e-01 2.901357365218446e-03
-3.208041644558044e-01 2.904387602490652e-03
-3.178982731128827e-01 2.907390529237612e-03
-3.149893925102530e-01 2.910366117221893e-03
-3.120775500006893e-01 2.913314338463720e-03
-3.091627729648164e-01 2.916235165240707e-03
-3.062450888108542e-01 2.919128570087140e-03
-3.033245249743576e-01 2.921994525796065e-03
-3.004011089179602e-01 2.924833005418459e-03
-2.974748681311159e-01 2.927643982263300e-03
-2.945458301298395e-01 2.930427429898665e-03
-2.916140224564491e-01 2.933183322150973e-03
-2.886794726793062e-01 2.935911633106278e-03
-2.857422083925568e-01 2.938612337109499e-03
-2.828022572158724e-01 2.941285408765610e-03
-2.798596467941893e-01 2.943930822939039e-03
-2.769144047974497e-01 2.946548554754481e-03
-2.739665589203405e-01 2.949138579597204e-03
-2.710161368820342e-01 2.951700873112046e-03
-2.680631664259264e-01 2.954235411205737e-03
-2.651076753193767e-01 2.956742170045516e-03
-2.621496913534467e-01 2.959221126059755e-03
-2.591892423426389e-01 2.961672255937956e-03
-2.562263561246347e-01 2.964095536632415e-03
-2.532610605600337e-01 2.966490945356082e-03
-2.502933835320906e-01 2.968858459584396e-03
-2.473233529464535e-01 2.971198057055384e-03
-2.443509967309018e-01 2.973509715769231e-03
-2.413763428350826e-01 2.975793413989050e-03
-2.383994192302492e-01 2.978049130240664e-03
-2.354202539089971e-01 2.980276843313244e-03
-2.324388748850011e-01 2.982476532259048e-03
-2.294553101927519e-01 2.984648176394179e-03
-2.264695878872927e-01 2.986791755297982e-03
-2.234817360439548e-01 2.988907248814088e-03
-2.204917827580940e-01 2.990994637050114e-03
-2.174997561448267e-01 2.993053900377945e-03
-2.145056843387649e-01 2.995085019433858e-03
-2.115095954937522e-01 2.997087975118863e-03
-2.085115177825984e-01 2.999062748598803e-03
-2.055114793968154e-01 3.001009321304555e-03
-2.025095085463517e-01 3.002927674931942e-03
-1.995056334593266e-01 3.004817791442552e-03
-1.964998823817661e-01 3.006679653063014e-03
-1.934922835773361e-01 3.008513242285953e-03
-1.904828653270769e-01 3.010318541869793e-03
-1.874716559291374e-01 3.012095534839056e-03
-1.844586836985095e-01 3.013844204484167e-03
-1.814439769667611e-01 3.015564534362063e-03
-1.784275640817696e-01 3.017256508296229e-03
-1.754094734074561e-01 3.018920110376599e-03
-1.723897333235183e-01 3.020555324960093e-03
-1.693683722251632e-01 3.022162136670480e-03
-1.663454185228410e-01 3.023740530398421e-03
-1.633209006419772e-01 3.025290491302214e-03
-1.602948470227058e-01 3.026812004807026e-03
-1.572672861196013e-01 3.028305056605954e-03
-1.542382464014118e-01 3.029769632659504e-03
-1.512077563507909e-01 3.031205719195939e-03
-1.481758444640298e-01 3.032613302711455e-03
-1.451425392507897e-01 3.033992369970337e-03
-1.421078692338334e-01 3.035342908004875e-03
-1.390718629487575e-01 3.036664904115639e-03
-1.360345489437232e-01 3.037958345871830e-03
-1.329959557791890e-01 3.039223221110774e-03
-1.299561120276415e-01 3.040459517938698e-03
-1.269150462733266e-01 3.041667224730443e-03
-1.238727871119809e-01 3.042846330129747e-03
-1.208293631505633e-01 3.043996823049137e-03
-1.177848030069850e-01 3.045118692670384e-03
-1.147391353098413e-01 3.046211928444328e-03
-1.116923886981417e-01 3.047276520091056e-03
-1.086445918210413e-01 3.048312457599949e-03
-1.055957733375710e-01 3.049319731229984e-03
-1.025459619163679e-01 3.050298331509456e-03
-9.949518623540578e-02 3.051248249236506e-03
-9.644347498172595e-02 3.052169475478791e-03
-9.339085685116676e-02 3.053062001573913e-03
-9.033736054809434e-02 3.053925819129205e-03
-8.728301478513209e-02 3.054760920022066e-03
-8.422784828289154e-02 3.055567296399813e-03
-8.117188976970126e-02 3.056344940680009e-03
-7.811516798133769e-02 3.057093845550294e-03
-7.505771166075439e-02 3.057814003968506e-03
-7.199954955781163e-02 3.058505409162944e-03
-6.894071042900651e-02 3.059168054632138e-03
-6.588122303720231e-02 3.059801934145121e-03
-6.282111615135817e-02 3.060407041741355e-03
-5.976041854625801e-02 3.060983371730998e-03
-5.669915900224103e-02 3.061530918694609e-03
-5.363736630493000e-02 3.062049677483528e-03
-5.057506924496102e-02 3.062539643219785e-03
-4.751229661771329e-02 3.063000811296101e-03
-4.444907722303716e-02 3.063433177376076e-03
-4.138543986498466e-02 3.063836737394015e-03
-3.832141335153774e-02 3.064211487555189e-03
-3.525702649433744e-02 3.064557424335783e-03
-3.219230810841361e-02 3.064874544482840e-03
-2.912728701191316e-02 3.065162845014446e-03
-2.606199202582968e-02 3.065422323219662e-03
-2.299645197373221e-02 3.065652976658542e-03
-1.993069568149401e-02 3.065854803162225e-03
-1.686475197702165e-02 3.066027800832868e-03
-1.379864968998449e-02 3.066171968043744e-03
-1.073241765154224e-02 3.066287303439255e-03
-7.666084694075511e-03 3.066373805934861e-03
-4.599679650913242e-03 3.066431474717155e-03
-1.533231356062584e-03 3.066460309243866e-03
1.533231356062584e-03 3.066460309243866e-03
4.599679650913242e-03 3.066431474717155e-03
7.666084694075511e-03 3.066373805934861e-03
1.073241765154224e-02 3.066287303439255e-03
1.379864968998449e-02 3.066171968043744e-03
1.686475197702165e-02 3.066027800832868e-03
1.993069568149401e-02 3.065854803162225e-03
2.299645197373221e-02 3.065652976658542e-03
2.606199202582968e-02 3.065422323219662e-03
2.912728701191316e-02 3.065162845014446e-03
3.219230810841361e-02 3.064874544482840e-03
3.525702649433744e-02 3.064557424335783e-03
3.832141335153774e-02 3.064211487555189e-03
4.138543986498466e-02 3.063836737394015e-03
4.444907722303716e-02 3.063433177376076e-03
4.751229661771329e-02 3.063000811296101e-03
5.057506924496102e-02 3.062539643219785e-03
5.363736630493000e-02 3.062049677483528e-03
5.669915900224103e-02 3.061530918694609e-03
5.976041854625801e-02 3.060983371730998e-03
6.282111615135817e-02 3.060407041741355e-03
6.588122303720231e-02 3.059801934145121e-03
6.894071042900651e-02 3.059168054632138e-03
7.199954955781163e-02 3.058505409162944e-03
7.505771166075439e-02 3.057814003968506e-03
7.811516798133769e-02 3.057093845550294e-03
8.117188976970126e-02 3.056344940680009e-03
8.422784828289154e-02 3.055567296399813e-03
8.728301478513209e-02 3.054760920022066e-03
9.033736054809434e-02 3.053925819129205e-03
9.339085685116676e-02 3.053062001573913e-03
9.644347498172595e-02 3.052169475478791e-03
9.949518623540578e-02 3.051248249236506e-03
1.025459619163679e-01 3.050298331509456e-03
1.055957733375710e-01 3.049319731229984e-03
1.086445918210413e-01 3.048312457599949e-03
1.116923886981417e-01 3.047276520091056e-03
1.147391353098413e-01 3.046211928444328e-03
1.177848030069850e-01 3.045118692670384e-03
1.208293631505633e-01 3.043996823049137e-03
1.238727871119809e-01 3.042846330129747e-03
1.269150462733266e-01 3.041667224730443e-03
1.299561120276415e-01 3.040459517938698e-03
1.329959557791890e-01 3.039223221110774e-03
1.360345489437232e-01 3.037958345871830e-03
1.390718629487575e-01 3.036664904115639e-03
1.421078692338334e-01 3.035342908004875e-03
1.451425392507897e-01 3.033992369970337e-03
1.481758444640298e-01 3.032613302711455e-03
1.512077563507909e-01 3.031205719195939e-03
1.542382464014118e-01 3.029769632659504e-03
1.572672861196013e-01 3.028305056605954e-03
1.602948470227058e-01 3.026812004807026e-03
1.633209006419772e-01 3.025290491302214e-03
1.663454185228410e-01 3.023740530398421e-03
1.693683722251632e-01 3.022162136670480e-03
1.723897333235183e-01 3.020555324960093e-03
1.754094734074561e-01 3.018920110376599e-03
1.784275640817696e-01 3.017256508296229e-03
1.814439769667611e-01 3.015564534362063e-03
1.844586836985095e-01 3.013844204484167e-03
1.874716559291374e-01 3.012095534839056e-03
1.904828653270769e-01 3.010318541869793e-03
1.934922835773361e-01 3.008513242285953e-03
1.964998823817661e-01 3.006679653063014e-03
1.995056334593266e-01 3.004817791442552e-03
2.025095085463517e-01 3.002927674931942e-03
2.055114793968154e-01 3.001009321304555e-03
2.085115177825984e-01 2.999062748598803e-03
2.115095954937522e-01 2.997087975118863e-03
2.145056843387649e-01 2.995085019433858e-03
2.174997561448267e-01 2.993053900377945e-03
2.204917827580940e-01 2.990994637050114e-03
2.234817360439548e-01 2.988907248814088e-03
2.264695878872927e-01 2.986791755297982e-03
2.294553101927519e-01 2.984648176394179e-03
2.324388748850011e-01 2.982476532259048e-03
2.354202539089971e-01 2.980276843313244e-03
2.383994192302492e-01 2.978049130240664e-03
2.413763428350826e-01 2.975793413989050e-03
2.443509967309018e-01 2.973509715769231e-03
2.473233529464535e-01 2.971198057055384e-03
2.502933835320906e-01 2.968858459584396e-03
2.532610605600337e-01 2.966490945356082e-03
2.562263561246347e-01 2.964095536632415e-03
2.591892423426389e-01 2.961672255937956e-03
2.621496913534467e-01 2.959221126059755e-03
2.651076753193767e-01 2.956742170045516e-03
2.680631664259264e-01 2.954235411205737e-03
2.710161368820342e-01 2.951700873112046e-03
2.739665589203405e-01 2.949138579597204e-03
2.769144047974497e-01 2.946548554754481e-03
2.798596467941893e-01 2.943930822939039e-03
2.828022572158724e-01 2.941285408765610e-03
2.857422083925568e-01 2.938612337109499e-03
2.886794726793062e-01 2.935911633106278e-03
2.916140224564491e-01 2.933183322150973e-03
2.945458301298395e-01 2.930427429898665e-03
2.974748681311159e-01 2.927643982263300e-03
3.004011089179602e-01 2.924833005418459e-03
3.033245249743576e-01 2.921994525796065e-03
3.062450888108542e-01 2.919128570087140e-03
3.091627729648164e-01 2.916235165240707e-03
3.120775500006893e-01 2.913314338463720e-03
3.149893925102530e-01 2.910366117221893e-03
3.178982731128827e-01 2.907390529237612e-03
3.208041644558044e-01 2.904387602490652e-03
3.237070392143528e-01 2.901357365218446e-03
3.266068700922282e-01 2.898299845914968e-03
3.295036298217530e-01 2.895215073330326e-03
3.323972911641281e-01 2.892103076471600e-03
3.352878269096896e-01 2.888963884601430e-03
3.381752098781637e-01 2.885797527238048e-03
3.410594129189233e-01 2.882604034155526e-03
3.439404089112421e-01 2.879383435382784e-03
3.468181707645507e-01 2.876135761203880e-03
3.496926714186911e-01 2.872861042157225e-03
3.525638838441709e-01 2.869559309035586e-03
3.554317810424171e-01 2.866230592886020e-03
3.582963360460311e-01 2.862874925008886e-03
3.611575219190411e-01 2.859492336958440e-03
3.640153117571563e-01 2.856082860541398e-03
3.668696786880191e-01 2.852646527818124e-03
3.697205958714585e-01 2.849183371100992e-03
3.725680364997420e-01 2.845693422954734e-03
3.754119737978276e-01 2.842176716195959e-03
3.782523810236164e-01 2.838633283892975e-03
3.810892314682027e-01 2.835063159365602e-03
3.839224984561267e-01 2.831466376184011e-03
3.867521553456238e-01 2.827842968169747e-03
3.895781755288765e-01 2.824192969394245e-03
3.924005324322634e-01 2.820516414179566e-03
3.952191995166100e-01 2.816813337096501e-03
3.980341502774379e-01 2.813083772966159e-03
4.008453582452137e-01 2.809327756858458e-03
4.036527969855987e-01 2.805545324091464e-03
4.064564400996966e-01 2.801736510232617e-03
4.092562612243023e-01 2.797901351096668e-03
4.120522340321494e-01 2.794039882746588e-03
4.148443322321580e-01 2.790152141492438e-03
4.176325295696824e-01 2.786238163891350e-03
4.204167998267569e-01 2.782297986746974e-03
4.231971168223430e-01 2.778331647110311e-03
4.259734544125757e-01 2.774339182276934e-03
4.287457864910092e-01 2.770320629788766e-03
4.315140869888617e-01 2.766276027433642e-03
4.342783298752620e-01 2.762205413243292e-03
4.370384891574928e-01 2.758108825494488e-03
4.397945388812359e-01 2.753986302708354e-03
4.425464531308161e-01 2.749837883649811e-03
4.452942060294449e-01 2.745663607327167e-03
4.480377717394638e-01 2.741463512991982e-03
4.507771244625871e-01 2.737237640138836e-03
4.535122384401449e-01 2.732986028504061e-03
4.562430879533250e-01 2.728708718066367e-03
4.589696473234145e-01 2.724405749046413e-03
4.616918909120419e-01 2.720077161905986e-03
4.644097931214176e-01 2.715722997347046e-03
4.671233283945752e-01 2.711343296313169e-03
4.698324712156108e-01 2.706938099987520e-03
4.725371961099243e-01 2.702507449792817e-03
4.752374776444580e-01 2.698051387391294e-03
4.779332904279356e-01 2.693569954684099e-03
4.806246091111018e-01 2.689063193811396e-03
4.833114083869601e-01 2.684531147150896e-03
4.859936629910108e-01 2.679973857318505e-03
4.886713477014886e-01 2.675391367167043e-03
4.913444373395998e-01 2.670783719786863e-03
4.940129067697592e-01 2.666150958504412e-03
4.966767308998262e-01 2.661493126882397e-03
4.993358846813412e-01 2.656810268719402e-03
5.019903431097601e-01 2.652102428049315e-03
5.046400812246907e-01 2.647369649140786e-03
5.072850741101270e-01 2.642611976496924e-03
5.099252968946826e-01 2.637829454855218e-03
5.125607247518258e-01 2.633022129186598e-03
5.151913329001123e-01 2.628190044695502e-03
5.178170966034190e-01 2.623333246818684e-03
5.204379911711752e-01 2.618451781225758e-03
5.230539919585964e-01 2.613545693817777e-03
5.256650743669147e-01 2.608615030728371e-03
5.282712138436112e-01 2.603659838320756e-03
5.308723858826458e-01 2.598680163190130e-03
5.334685660246892e-01 2.593676052160602e-03
5.360597298573504e-01 2.588647552287688e-03
5.386458530154088e-01 2.583594710854857e-03
5.412269111810419e-01 2.578517575375139e-03
5.438028800840546e-01 2.573416193589597e-03
5.463737355021070e-01 2.568290613467816e-03
5.489394532609417e-01 2.563140883206632e-03
5.515000092346125e-01 2.557967051229838e-03
5.540553793457105e-01 2.552769166187976e-03
5.566055395655898e-01 2.547547276957676e-03
5.591504659145947e-01 2.542301432641495e-03
5.616901344622844e-01 2.537031682567276e-03
5.642245213276582e-01 2.531738076287379e-03
5.667536026793805e-01 2.526420663578325e-03
5.692773547360035e-01 2.521079494441244e-03
5.717957537661931e-01 2.515714619100275e-03
5.743087760889496e-01 2.510326088002054e-03
5.768163980738323e-01 2.504913951816090e-03
5.793185961411806e-01 2.499478261433897e-03
5.818153467623364e-01 2.494019067967876e-03
5.843066264598642e-01 2.488536422752551e-03
5.867924118077738e-01 2.483030377341828e-03
5.892726794317382e-01 2.477500983510301e-03
5.917474060093160e-01 2.471948293251725e-03
5.942165682701681e-01 2.466372358779346e-03
5.966801429962785e-01 2.460773232524828e-03
5.991381070221715e-01 2.455150967137847e-03
6.015904372351302e-01 2.449505615485798e-03
6.040371105754134e-01 2.443837230652520e-03
6.064781040364728e-01 2.438145865939263e-03
6.089133946651686e-01 2.432431574863343e-03
6.113429595619866e-01 2.426694411156523e-03
6.137667758812519e-01 2.420934428766991e-03
6.161848208313454e-01 2.415151681857438e-03
6.185970716749167e-01 2.409346224803552e-03
6.210035057290990e-01 2.403518112195458e-03
6.234041003657216e-01 2.397667398835730e-03
6.257988330115229e-01 2.391794139740195e-03
6.281876811483633e-01 2.385898390136028e-03
6.305706223134360e-01 2.379980205461944e-03
6.329476340994783e-01 2.374039641367987e-03
6.353186941549833e-01 2.368076753714426e-03
6.376837801844086e-01 2.362091598571787e-03
6.400428699483875e-01 2.356084232219160e-03
6.423959412639373e-01 2.350054711144502e-03
6.447429720046669e-01 2.344003092046510e-03
6.470839401009875e-01 2.337929431827474e-03
6.494188235403171e-01 2.331833787600710e-03
6.517476003672900e-01 2.325716216684061e-03
6.540702486839614e-01 2.319576776602451e-03
6.563867466500144e-01 2.313415525086041e-03
6.586970724829653e-01 2.307232520070499e-03
6.610012044583676e-01 2.301027819696189e-03
6.632991209100174e-01 2.294801482306767e-03
6.655908002301565e-01 2.288553566449143e-03
6.678762208696750e-01 2.282284130874486e-03
6.701553613383155e-01 2.275993234535656e-03
6.724282002048740e-01 2.269680936586354e-03
6.746947160974015e-01 2.263347296382804e-03
6.769548877034052e-01 2.256992373481385e-03
6.792086937700489e-01 2.250616227638982e-03
6.814561131043529e-01 2.244218918811836e-03
6.836971245733933e-01 2.237800507154110e-03
6.859317071045004e-01 2.231361053020132e-03
6.881598396854568e-01 2.224900616961522e-03
6.903815013646960e-01 2.218419259726797e-03
6.925966712514979e-01 2.211917042261240e-03
6.948053285161866e-01 2.205394025706504e-03
6.970074523903251e-01 2.198850271400387e-03
6.992030221669115e-01 2.192285840873995e-03
7.013920172005736e-01 2.185700795854670e-03
7.035744169077619e-01 2.179095198263513e-03
7.057502007669452e-01 2.172469110212781e-03
7.079193483188013e-01 2.165822594010039e-03
7.100818391664114e-01 2.159155712153310e-03
7.122376529754508e-01 2.152468527332660e-03
7.143867694743797e-01 2.145761102428644e-03
7.165291684546351e-01 2.139033500513047e-03
7.186648297708200e-01 2.132285784846319e-03
7.207937333408926e-01 2.125518018879448e-03
7.229158591463559e-01 2.118730266250041e-03
7.250311872324454e-01 2.111922590784967e-03
7.271396977083169e-01 2.105095056498881e-03
7.292413707472336e-01 2.098247727591568e-03
7.313361865867525e-01 2.091380668449815e-03
7.334241255289101e-01 2.084493943645526e-03
7.355051679404074e-01 2.077587617937363e-03
7.375792942527953e-01 2.070661756266079e-03
7.396464849626581e-01 2.063716423756296e-03
7.417067206317964e-01 2.056751685717066e-03
7.437599818874112e-01 2.049767607639576e-03
7.458062494222848e-01 2.042764255195280e-03
7.478455039949627e-01 2.035741694238940e-03
7.498777264299350e-01 2.028699990805171e-03
7.519028976178163e-01 2.021639211107584e-03
7.539209985155253e-01 2.014559421540772e-03
7.559320101464639e-01 2.007460688677559e-03
7.579359136006965e-01 2.000343079268128e-03
7.599326900351260e-01 1.993206660241216e-03
7.619223206736728e-01 1.986051498702044e-03
7.639047868074506e-01 1.978877661931464e-03
7.658800697949419e-01 1.971685217386381e-03
7.678481510621742e-01 1.964474232699635e-03
7.698090121028939e-01 1.957244775677068e-03
7.717626344787407e-01 1.949996914298437e-03
7.737089998194209e-01 1.942730716716776e-03
7.756480898228799e-01 1.935446251257701e-03
7.775798862554750e-01 1.928143586419228e-03
7.795043709521460e-01 1.920822790868569e-03
7.814215258165864e-01 1.913483933445350e-03
7.833313328214137e-01 1.906127083158338e-03
7.852337740083386e-01 1.898752309184429e-03
7.871288314883342e-01 1.891359680870898e-03
7.890164874418037e-01 1.883949267732722e-03
7.908967241187492e-01 1.876521139450022e-03
7.927695238389363e-01 1.869075365871762e-03
7.946348689920633e-01 1.861612017011165e-03
7.964927420379235e-01 1.854131163049018e-03
7.983431255065738e-01 1.846632874328430e-03
8.001860019984957e-01 1.839117221357391e-03
8.020213541847607e-01 1.831584274806894e-03
8.038491648071928e-01 1.824034105511117e-03
8.056694166785310e-01 1.816466784465849e-03
8.074820926825905e-01 1.808882382826289e-03
8.092871757744238e-01 1.801280971912549e-03
8.110846489804812e-01 1.793662623201250e-03
8.128744953987702e-01 1.786027408328009e-03
8.146566981990144e-01 1.778375399090492e-03
8.164312406228120e-01 1.770706667440492e-03
8.181981059837932e-01 1.763021285489105e-03
8.199572776677768e-01 1.755319325502965e-03
8.217087391329272e-01 1.747600859906300e-03
8.234524739099092e-01 1.739865961275825e-03
8.251884656020433e-01 1.732114702345051e-03
8.269166978854597e-01 1.724347156000719e-03
8.286371545092520e-01 1.716563395282076e-03
8.303498192956295e-01 1.708763493382169e-03
8.320546761400698e-01 1.700947523644900e-03
8.337517090114703e-01 1.693115559564584e-03
8.354409019522986e-01 1.685267674787927e-03
8.371222390787429e-01 1.677403943107769e-03
8.387957045808606e-01 1.669524438471428e-03
8.404612827227282e-01 1.661629234969008e-03
8.421189578425884e-01 1.653718406841180e-03
8.437687143529971e-01 1.645792028476556e-03
8.454105367409712e-01 1.637850174406116e-03
8.470444095681330e-01 1.629892919310339e-03
8.486703174708565e-01 1.621920338012516e-03
8.502882451604115e-01 1.613932505479672e-03
8.518981774231068e-01 1.605929496824068e-03
8.535000991204343e-01 1.597911387298072e-03
8.550939951892107e-01 1.589878252299176e-03
8.566798506417190e-01 1.581830167363500e-03
8.582576505658499e-01 1.573767208169259e-03
8.598273801252420e-01 1.565689450533205e-03
8.613890245594205e-01 1.557596970413539e-03
8.629425691839374e-01 1.549489843903871e-03
8.644879993905081e-01 1.541368147238038e-03
8.660253006471499e-01 1.533231956785691e-03
8.675544584983180e-01 1.525081349052931e-03
8.690754585650418e-01 1.516916400682409e-03
8.705882865450600e-01 1.508737188448770e-03
8.720929282129546e-01 1.500543789263710e-03
8.735893694202854e-01 1.492336280173224e-03
8.750775960957229e-01 1.484114738351846e-03
8.765575942451802e-01 1.475879241108523e-03
8.780293499519449e-01 1.467629865883704e-03
8.794928493768098e-01 1.459366690249018e-03
8.809480787582035e-01 1.451089791902109e-03
8.823950244123190e-01 1.442799248674280e-03
8.838336727332431e-01 1.434495138523034e-03
8.852640101930838e-01 1.426177539532919e-03
8.866860233420981e-01 1.417846529915605e-03
8.880996988088177e-01 1.409502188009781e-03
8.895050233001756e-01 1.401144592279067e-03
8.909019836016303e-01 1.392773821311991e-03
8.922905665772904e-01 1.384389953820266e-03
8.936707591700388e-01 1.375993068638718e-03
8.950425484016539e-01 1.367583244723636e-03
8.964059213729331e-01 1.359160561155423e-03
8.977608652638133e-01 1.350725097134908e-03
8.991073673334917e-01 1.342276931982770e-03
9.004454149205459e-01 1.333816145137454e-03
9.017749954430525e-01 1.325342816156946e-03
9.030960963987054e-01 1.316857024718560e-03
9.044087053649336e-01 1.308358850615263e-03
9.057128099990178e-01 1.299848373758846e-03
9.070083980382073e-01 1.291325674172664e-03
9.082954572998334e-01 1.282790831999436e-03
9.095739756814265e-01 1.274243927492805e-03
9.108439411608276e-01 1.265685041019692e-03
9.121053417963026e-01 1.257114253062448e-03
9.133581657266545e-01 1.248531644213987e-03
9.146024011713345e-01 1.239937295178984e-03
9.158380364305532e-01 1.231331286769466e-03
9.170650598853900e-01 1.222713699911816e-03
9.182834599979035e-01 1.214084615637022e-03
9.194932253112384e-01 1.205444115087917e-03
9.206943444497352e-01 1.196792279510906e-03
9.218868061190350e-01 1.188129190262275e-03
9.230705991061874e-01 1.179454928801398e-03
9.242457122797550e-01 1.170769576694802e-03
9.254121345899189e-01 1.162073215613493e-03
9.265698550685812e-01 1.153365927331227e-03
9.277188628294700e-01 1.144647793721135e-03
9.288591470682402e-01 1.135918896764796e-03
9.299906970625760e-01 1.127179318541309e-03
9.311135021722909e-01 1.118429141228291e-03
9.322275518394290e-01 1.109668447108020e-03
9.333328355883626e-01 1.100897318558832e-03
9.344293430258929e-01 1.092115838055425e-03
9.355170638413453e-01 1.083324088172799e-03
9.365959878066681e-01 1.074522151581816e-03
9.376661047765279e-01 1.065710111049320e-03
9.387274046884055e-01 1.056888049436075e-03
9.397798775626900e-01 1.048056049697011e-03
9.408235135027729e-01 1.039214194882376e-03
9.418583026951410e-01 1.030362568132736e-03
9.428842354094690e-01 1.021501252680986e-03
9.439013019987106e-01 1.012630331854611e-03
9.449094928991898e-01 1.003749889065348e-03
9.459087986306898e-01 9.948600078214334e-04
9.468992097965436e-01 9.859607717119104e-04
9.478807170837206e-01 9.770522644223401e-04
9.488533112629158e-01 9.681345697177394e-04
9.498169831886358e-01 9.592077714559026e-04
9.507717237992849e-01 9.502719535720444e-04
9.517175241172497e-01 9.413272000987125e-04
9.526543752489854e-01 9.323735951382909e-04
9.535822683850967e-01 9.234112228889454e-04
9.545011948004233e-01 9.144401676213978e-04
9.554111458541199e-01 9.054605136946228e-04
9.563121129897384e-01 8.964723455464083e-04
9.572040877353089e-01 8.874757476924430e-04
9.580870617034180e-01 8.784708047292897e-04
9.589610265912885e-01 8.694576013338145e-04
9.598259741808577e-01 8.604362222578164e-04
9.606818963388538e-01 8.514067523314580e-04
9.615287850168734e-01 8.423692764616815e-04
9.623666322514564e-01 8.333238796293610e-04
9.631954301641612e-01 8.242706468869739e-04
9.640151709616388e-01 8.152096633686759e-04
9.648258469357061e-01 8.061410142749558e-04
9.656274504634179e-01 7.970647848770157e-04
9.664199740071397e-01 7.879810605222707e-04
9.672034101146174e-01 7.788899266296412e-04
9.679777514190476e-01 7.697914686812227e-04
9.687429906391477e-01 7.606857722342447e-04
9.694991205792236e-01 7.515729229076825e-04
9.702461341292372e-01 7.424530063974700e-04
9.709840242648742e-01 7.333261084538843e-04
9.717127840476089e-01 7.241923149024368e-04
9.724324066247705e-01 7.150517116284531e-04
9.731428852296072e-01 7.059043845835843e-04
9.738442131813496e-01 6.967504197805176e-04
9.745363838852739e-01 6.875899032959964e-04
9.752193908327629e-01 6.784229212719378e-04
9.758932276013692e-01 6.692495599009523e-04
9.765578878548735e-01 6.600699054503715e-04
9.772133653433457e-01 6.508840442298743e-04
9.778596539032024e-01 6.416920626214222e-04
9.784967474572661e-01 6.324940470533816e-04
9.791246400148212e-01 6.232900840229698e-04
9.797433256716714e-01 6.140802600732571e-04
9.803527986101943e-01 6.048646618073159e-04
9.809530530993970e-01 5.956433758795760e-04
9.815440834949686e-01 5.864164890006790e-04
9.821258842393351e-01 5.771840879351366e-04
9.826984498617104e-01 5.679462594910189e-04
9.832617749781478e-01 5.587030905397532e-04
9.838158542915914e-01 5.494546679935592e-04
9.843606825919249e-01 5.402010788179931e-04
9.848962547560215e-01 5.309424100256608e-04
9.854225657477915e-01 5.216787486796082e-04
9.859396106182301e-01 5.124101818874835e-04
9.864473845054633e-01 5.031367967975536e-04
9.869458826347941e-01 4.938586806164574e-04
9.874351003187474e-01 4.845759205882443e-04
9.879150329571141e-01 4.752886039958789e-04
9.883856760369940e-01 4.659968181724031e-04
9.888470251328387e-01 4.567006504898926e-04
9.892990759064927e-01 4.474001883652044e-04
9.897418241072349e-01 4.380955192460142e-04
9.901752655718179e-01 4.287867306336501e-04
9.905993962245077e-01 4.194739100499231e-04
9.910142120771213e-01 4.101571450748090e-04
9.914197092290653e-01 4.008365233146977e-04
9.918158838673715e-01 3.915121324107888e-04
9.922027322667337e-01 3.821840600425211e-04
9.925802507895418e-01 3.728523939266387e-04
9.929484358859171e-01 3.635172218081483e-04
9.933072840937446e-01 3.541786314627445e-04
9.936567920387066e-01 3.448367107099207e-04
9.939969564343137e-01 3.354915473965854e-04
9.943277740819362e-01 3.261432293938776e-04
9.946492418708341e-01 3.167918445979313e-04
9.949613567781865e-01 3.074374809590951e-04
9.952641158691200e-01 2.980802264220216e-04
9.955575162967363e-01 2.887201689926952e-04
9.958415553021396e-01 2.793573966692407e-04
9.961162302144619e-01 2.699919975054958e-04
9.963815384508896e-01 2.606240595580182e-04
9.966374775166864e-01 2.512536709248386e-04
9.968840450052185e-01 2.418809197182815e-04
9.971212385979773e-01 2.325058940705342e-04
9.973490560646014e-01 2.231286821380473e-04
9.975674952628989e-01 2.137493721181250e-04
9.977765541388681e-01 2.043680521876648e-04
9.979762307267186e-01 1.949848105847834e-04
9.981665231488915e-01 1.855997355417986e-04
9.983474296160799e-01 1.762129153274654e-04
9.985189484272492e-01 1.668244382250211e-04
9.986810779696582e-01 1.574343925239720e-04
9.988338167188826e-01 1.480428665743179e-04
9.989771632388403e-01 1.386499487285717e-04
9.991111161818229e-01 1.292557273591727e-04
9.992356742885349e-01 1.198602909245872e-04
9.993508363881507e-01 1.104637279301053e-04
9.994566013984001e-01 1.010661269792904e-04
9.995529683257071e-01 9.166757685000793e-05
9.996399362654382e-01 8.226816671826293e-05
9.997175044023747e-01 7.286798631906385e-05
9.997856720116890e-01 6.346712684578828e-05
9.998444384611713e-01 5.406568287934534e-05
9.998938032169420e-01 4.466375812725804e-05
9.999337658606178e-01 3.526148598638122e-05
9.999643261538894e-01 2.585912467010378e-05
9.999854843850284e-01 1.645772765202527e-05
9.999972450545584e-01 7.070076397326570e-06
