-9.998248879471319e-01 4.493809602977366e-04
-9.990774599773760e-01 1.045812679339897e-03
-9.977332486255140e-01 1.642503018665546e-03
-9.957927585349812e-01 2.238288430960915e-03
-9.932571129002129e-01 2.832751471457097e-03
-9.901278184917344e-01 3.425526040910468e-03
-9.864067427245862e-01 4.016254983739255e-03
-9.820961084357185e-01 4.604584256703672e-03
-9.771984914639074e-01 5.190161832676525e-03
-9.717168187471366e-01 5.772637542865880e-03
-9.656543664319652e-01 6.351663161708784e-03
-9.590147578536999e-01 6.926892566897994e-03
-9.518019613412644e-01 7.497981925634266e-03
-9.440202878302202e-01 8.064589890485988e-03
-9.356743882779164e-01 8.626377798616547e-03
-9.267692508789478e-01 9.183009871662068e-03
-9.173101980809605e-01 9.734153415006736e-03
-9.073028834017567e-01 1.027947901583254e-02
-8.967532880491582e-01 1.081866073950279e-02
-8.856677173453972e-01 1.135137632408086e-02
-8.740527969580318e-01 1.187730737273999e-02
-8.619154689395485e-01 1.239613954395118e-02
-8.492629875779689e-01 1.290756273926699e-02
-8.361029150609067e-01 1.341127128861662e-02
-8.224431169556439e-01 1.390696413295183e-02
-8.082917575079136e-01 1.439434500416675e-02
-7.936572947621932e-01 1.487312260214757e-02
-7.785484755064118e-01 1.534301076886547e-02
-7.629743300440948e-01 1.580372865939879e-02
-7.469441667970620e-01 1.625500090978512e-02
-7.304675667419087e-01 1.669655780158927e-02
-7.135543776835875e-01 1.712813542311112e-02
-6.962147083695143e-01 1.754947582711762e-02
-6.784589224477192e-01 1.796032718500891e-02
-6.602976322726459e-01 1.836044393733139e-02
-6.417416925623075e-01 1.874958694054455e-02
-6.228021939105848e-01 1.912752360995110e-02
-6.034904561585486e-01 1.949402805870658e-02
-5.838180216287631e-01 1.984888123283076e-02
-5.637966482266181e-01 2.019187104212990e-02
-5.434383024128103e-01 2.052279248695998e-02
-5.227551520511755e-01 2.084144778075103e-02
-5.017595591361445e-01 2.114764646822138e-02
-4.804640724041721e-01 2.144120553920842e-02
-4.588814198335522e-01 2.172194953805195e-02
-4.370245010371042e-01 2.198971066846040e-02
-4.149063795522751e-01 2.224432889379961e-02
-3.925402750332675e-01 2.248565203274492e-02
-3.699395553498590e-01 2.271353585023642e-02
-3.471177285976355e-01 2.292784414368681e-02
-3.240884350244133e-01 2.312844882438706e-02
-3.008654388776771e-01 2.331522999406261e-02
-2.774626201779044e-01 2.348807601653584e-02
-2.538939664226944e-01 2.364688358444748e-02
-2.301735642266600e-01 2.379155778100334e-02
-2.063155909020792e-01 2.392201213670338e-02
-1.823343059853372e-01 2.403816868102394e-02
-1.582440427142250e-01 2.413995798901919e-02
-1.340591994611878e-01 2.422731922281513e-02
-1.097942311276437e-01 2.430020016797173e-02
-8.546364050451545e-02 2.435855726469051e-02
-6.108196960413964e-02 2.440235563384948e-02
-3.666379096873351e-02 2.443156909784993e-02
-1.222369896061577e-02 2.444618019626241e-02
1.222369896061577e-02 2.444618019626241e-02
3.666379096873351e-02 2.443156909784993e-02
6.108196960413964e-02 2.440235563384948e-02
8.546364050451545e-02 2.435855726469051e-02
1.097942311276437e-01 2.430020016797173e-02
1.340591994611878e-01 2.422731922281513e-02
1.582440427142250e-01 2.413995798901919e-02
1.823343059853372e-01 2.403816868102394e-02
2.063155909020792e-01 2.392201213670338e-02
2.301735642266600e-01 2.379155778100334e-02
2.538939664226944e-01 2.364688358444748e-02
2.774626201779044e-01 2.348807601653584e-02
3.008654388776771e-01 2.331522999406261e-02
3.240884350244133e-01 2.312844882438706e-02
3.471177285976355e-01 2.292784414368681e-02
3.699395553498590e-01 2.271353585023642e-02
3.925402750332675e-01 2.248565203274492e-02
4.149063795522751e-01 2.224432889379961e-02
4.370245010371042e-01 2.198971066846040e-02
4.588814198335522e-01 2.172194953805195e-02
4.804640724041721e-01 2.144120553920842e-02
5.017595591361445e-01 2.114764646822138e-02
5.227551520511755e-01 2.084144778075103e-02
5.434383024128103e-01 2.052279248695998e-02
5.637966482266181e-01 2.019187104212990e-02
5.838180216287631e-01 1.984888123283076e-02
6.034904561585486e-01 1.949402805870658e-02
6.228021939105848e-01 1.912752360995110e-02
6.417416925623075e-01 1.874958694054455e-02
6.602976322726459e-01 1.836044393733139e-02
6.784589224477192e-01 1.796032718500891e-02
6.962147083695143e-01 1.754947582711762e-02
7.135543776835875e-01 1.712813542311112e-02
7.304675667419087e-01 1.669655780158927e-02
7.469441667970620e-01 1.625500090978512e-02
7.629743300440948e-01 1.580372865939879e-02
7.785484755064118e-01 1.534301076886547e-02
7.936572947621932e-01 1.487312260214757e-02
8.082917575079136e-01 1.439434500416675e-02
8.224431169556439e-01 1.390696413295183e-02
8.361029150609067e-01 1.341127128861662e-02
8.492629875779689e-01 1.290756273926699e-02
8.619154689395485e-01 1.239613954395118e-02
8.740527969580318e-01 1.187730737273999e-02
8.856677173453972e-01 1.135137632408086e-02
8.967532880491582e-01 1.081866073950279e-02
9.073028834017567e-01 1.027947901583254e-02
9.173101980809605e-01 9.734153415006736e-03
9.267692508789478e-01 9.183009871662068e-03
9.356743882779164e-01 8.626377798616547e-03
9.440202878302202e-01 8.064589890485988e-03
9.518019613412644e-01 7.497981925634266e-03
9.590147578536999e-01 6.926892566897994e-03
9.656543664319652e-01 6.351663161708784e-03
9.717168187471366e-01 5.772637542865880e-03
9.771984914639074e-01 5.190161832676525e-03
9.820961084357185e-01 4.604584256703672e-03
9.864067427245862e-01 4.016254983739255e-03
9.901278184917344e-01 3.425526040910468e-03
9.932571129002129e-01 2.832751471457097e-03
9.957927585349812e-01 2.238288430960915e-03
9.977332486255140e-01 1.642503018665546e-03
9.990774599773760e-01 1.045812679339897e-03
9.998248879471319e-01 4.493809602977366e-04
