-9.894009349916499e-01 2.715245941175562e-02
-9.445750230732326e-01 6.225352393864737e-02
-8.656312023878319e-01 9.515851168249234e-02
-7.554044083550030e-01 1.246289712555337e-01
-6.178762444026438e-01 1.495959888165767e-01
-4.580167776572274e-01 1.691565193950024e-01
-2.816035507792589e-01 1.826034150449235e-01
-9.501250983763745e-02 1.894506104550684e-01
9.501250983763745e-02 1.894506104550684e-01
2.816035507792589e-01 1.826034150449235e-01
4.580167776572274e-01 1.691565193950024e-01
6.178762444026438e-01 1.495959888165767e-01
7.554044083550030e-01 1.246289712555337e-01
8.656312023878319e-01 9.515851168249234e-02
9.445750230732326e-01 6.225352393864737e-02
9.894009349916499e-01 2.715245941175562e-02
