-9.999560500189923e-01 1.127890177999077e-04
-9.997684374092632e-01 2.625349442949227e-04
-9.994309374662614e-01 4.124632544286746e-04
-9.989435258434088e-01 5.623489540286192e-04
-9.983062664730065e-01 7.121541634718515e-04
-9.975192527567208e-01 8.618537014177176e-04
-9.965826020233814e-01 1.011424393209589e-03
-9.954964544810964e-01 1.160843557565384e-03
-9.942609729224097e-01 1.310088681905967e-03
-9.928763426088221e-01 1.459137333311976e-03
-9.913427712075831e-01 1.607967130749804e-03
-9.896604887450653e-01 1.756555736330454e-03
-9.878297475648606e-01 1.904880853498067e-03
-9.858508222861260e-01 2.052920227965764e-03
-9.837240097603155e-01 2.200651649837954e-03
-9.814496290254644e-01 2.348052956327448e-03
-9.790280212576220e-01 2.495102034705048e-03
-9.764595497192341e-01 2.641776825427560e-03
-9.737445997043704e-01 2.788055325326656e-03
-9.708835784807430e-01 2.933915590829784e-03
-9.678769152284896e-01 3.079335741198138e-03
-9.647250609757065e-01 3.224293961793619e-03
-9.614284885307322e-01 3.368768507316164e-03
-9.579876924111781e-01 3.512737705056754e-03
-9.544031887697162e-01 3.656179958143023e-03
-9.506755153166282e-01 3.799073748766602e-03
-9.468052312391275e-01 3.941397641409595e-03
-9.427929171174624e-01 4.083130286053257e-03
-9.386391748378147e-01 4.224250421382277e-03
-9.343446275020031e-01 4.364736877968230e-03
-9.299099193340057e-01 4.504568581447707e-03
-9.253357155833162e-01 4.643724555680392e-03
-9.206227024251465e-01 4.782183925891678e-03
-9.157715868574905e-01 4.919925921813575e-03
-9.107830965950650e-01 5.056929880787357e-03
-9.056579799601446e-01 5.193175250869222e-03
-9.003970057703036e-01 5.328641593915554e-03
-8.950009632230845e-01 5.463308588645062e-03
-8.894706617776109e-01 5.597156033682912e-03
-8.838069310331583e-01 5.730163850601025e-03
-8.780106206047065e-01 5.862312086922885e-03
-8.720825999954882e-01 5.993580919115666e-03
-8.660237584665545e-01 6.123950655567701e-03
-8.598350049033764e-01 6.253401739542649e-03
-8.535172676795030e-01 6.381914752107770e-03
-8.470714945172962e-01 6.509470415053955e-03
-8.404986523457627e-01 6.636049593781789e-03
-8.337997271555049e-01 6.761633300174081e-03
-8.269757238508125e-01 6.886202695446192e-03
-8.200276660989170e-01 7.009739092970177e-03
-8.129565961764316e-01 7.132223961075496e-03
-8.057635748129987e-01 7.253638925833774e-03
-7.984496810321708e-01 7.373965773812488e-03
-7.910160119895460e-01 7.493186454806269e-03
-7.834636828081838e-01 7.611283084545985e-03
-7.757938264113258e-01 7.728237947381696e-03
-7.680075933524456e-01 7.844033498939825e-03
-7.601061516426555e-01 7.958652368754014e-03
-7.520906865754921e-01 8.072077362873940e-03
-7.439624005491116e-01 8.184291466438750e-03
-7.357225128859179e-01 8.295277846235322e-03
-7.273722596496521e-01 8.405019853221785e-03
-7.189128934599713e-01 8.513501025022963e-03
-7.103456833045434e-01 8.620705088401215e-03
-7.016719143486851e-01 8.726615961699111e-03
-6.928928877425770e-01 8.831217757249212e-03
-6.840099204260760e-01 8.934494783758566e-03
-6.750243449311628e-01 9.036431548663005e-03
-6.659375091820485e-01 9.137012760451181e-03
-6.567507762929732e-01 9.236223330956682e-03
-6.474655243637248e-01 9.334048377623631e-03
-6.380831462729114e-01 9.430473225737757e-03
-6.286050494690150e-01 9.525483410629625e-03
-6.190326557592614e-01 9.619064679840807e-03
-6.093674010963339e-01 9.711202995266673e-03
-5.996107353629683e-01 9.801884535257497e-03
-5.897641221544543e-01 9.891095696696188e-03
-5.798290385590830e-01 9.978823097034932e-03
-5.698069749365687e-01 1.006505357630686e-02
-5.596994346944811e-01 1.014977419909534e-02
-5.495079340627186e-01 1.023297225647866e-02
-5.392340018660592e-01 1.031463526793425e-02
-5.288791792948223e-01 1.039475098321188e-02
-5.184450196736745e-01 1.047330738417071e-02
-5.079330882286160e-01 1.055029268658191e-02
-4.973449618521815e-01 1.062569534189689e-02
-4.866822288668903e-01 1.069950403898002e-02
-4.759464887869833e-01 1.077170770580495e-02
-4.651393520784793e-01 1.084229551111510e-02
-4.542624399175900e-01 1.091125686604944e-02
-4.433173839475274e-01 1.097858142572976e-02
-4.323058260337413e-01 1.104425909081420e-02
-4.212294180176239e-01 1.110828000901012e-02
-4.100898214687165e-01 1.117063457655382e-02
-3.988887074354591e-01 1.123131343964997e-02
-3.876277561945155e-01 1.129030749587586e-02
-3.763086569987164e-01 1.134760789554582e-02
-3.649331078236541e-01 1.140320604303946e-02
-3.535028151129700e-01 1.145709359809086e-02
-3.420194935223716e-01 1.150926247703992e-02
-3.304848656624169e-01 1.155970485404414e-02
-3.189006618401063e-01 1.160841316225341e-02
-3.072686197993190e-01 1.165538009494559e-02
-2.955904844601357e-01 1.170059860662102e-02
-2.838680076570818e-01 1.174406191406095e-02
-2.721029478763367e-01 1.178576349734372e-02
-2.602970699919426e-01 1.182569710082443e-02
-2.484521450010567e-01 1.186385673407141e-02
-2.365699497582840e-01 1.190023667276696e-02
-2.246522667091320e-01 1.193483145956395e-02
-2.127008836226259e-01 1.196763590490637e-02
-2.007175933231267e-01 1.199864508780620e-02
-1.887041934213889e-01 1.202785435658295e-02
-1.766624860449020e-01 1.205525932956049e-02
-1.645942775675538e-01 1.208085589572488e-02
-1.525013783386564e-01 1.210464021534084e-02
-1.403856024113760e-01 1.212660872052765e-02
-1.282487672706071e-01 1.214675811579484e-02
-1.160926935603328e-01 1.216508537853587e-02
-1.039192048105094e-01 1.218158775948218e-02
-9.173012716351953e-02 1.219626278311511e-02
-7.952728910023302e-02 1.220910824803763e-02
-6.731252116571643e-02 1.222012222730436e-02
-5.508765569463403e-02 1.222930306871066e-02
-4.285452653637915e-02 1.223664939504055e-02
-3.061496877997897e-02 1.224216010427321e-02
-1.837081847881370e-02 1.224583436974834e-02
-6.123912375189456e-03 1.224767164029013e-02
6.123912375189456e-03 1.224767164029013e-02
1.837081847881370e-02 1.224583436974834e-02
3.061496877997897e-02 1.224216010427321e-02
4.285452653637915e-02 1.223664939504055e-02
5.508765569463403e-02 1.222930306871066e-02
6.731252116571643e-02 1.222012222730436e-02
7.952728910023302e-02 1.220910824803763e-02
9.173012716351953e-02 1.219626278311511e-02
1.039192048105094e-01 1.218158775948218e-02
1.160926935603328e-01 1.216508537853587e-02
1.282487672706071e-01 1.214675811579484e-02
1.403856024113760e-01 1.212660872052765e-02
1.525013783386564e-01 1.210464021534084e-02
1.645942775675538e-01 1.208085589572488e-02
1.766624860449020e-01 1.205525932956049e-02
1.887041934213889e-01 1.202785435658295e-02
2.007175933231267e-01 1.199864508780620e-02
2.127008836226259e-01 1.196763590490637e-02
2.246522667091320e-01 1.193483145956395e-02
2.365699497582840e-01 1.190023667276696e-02
2.484521450010567e-01 1.186385673407141e-02
2.602970699919426e-01 1.182569710082443e-02
2.721029478763367e-01 1.178576349734372e-02
2.838680076570818e-01 1.174406191406095e-02
2.955904844601357e-01 1.170059860662102e-02
3.072686197993190e-01 1.165538009494559e-02
3.189006618401063e-01 1.160841316225341e-02
3.304848656624169e-01 1.155970485404414e-02
3.420194935223716e-01 1.150926247703992e-02
3.535028151129700e-01 1.145709359809086e-02
3.649331078236541e-01 1.140320604303946e-02
3.763086569987164e-01 1.134760789554582e-02
3.876277561945155e-01 1.129030749587586e-02
3.988887074354591e-01 1.123131343964997e-02
4.100898214687165e-01 1.117063457655382e-02
4.212294180176239e-01 1.110828000901012e-02
4.323058260337413e-01 1.104425909081420e-02
4.433173839475274e-01 1.097858142572976e-02
4.542624399175900e-01 1.091125686604944e-02
4.651393520784793e-01 1.084229551111510e-02
4.759464887869833e-01 1.077170770580495e-02
4.866822288668903e-01 1.069950403898002e-02
4.973449618521815e-01 1.062569534189689e-02
5.079330882286160e-01 1.055029268658191e-02
5.184450196736745e-01 1.047330738417071e-02
5.288791792948223e-01 1.039475098321188e-02
5.392340018660592e-01 1.031463526793425e-02
5.495079340627186e-01 1.023297225647866e-02
5.596994346944811e-01 1.014977419909534e-02
5.698069749365687e-01 1.006505357630686e-02
5.798290385590830e-01 9.978823097034932e-03
5.897641221544543e-01 9.891095696696188e-03
5.996107353629683e-01 9.801884535257497e-03
6.093674010963339e-01 9.711202995266673e-03
6.190326557592614e-01 9.619064679840807e-03
6.286050494690150e-01 9.525483410629625e-03
6.380831462729114e-01 9.430473225737757e-03
6.474655243637248e-01 9.334048377623631e-03
6.567507762929732e-01 9.236223330956682e-03
6.659375091820485e-01 9.137012760451181e-03
6.750243449311628e-01 9.036431548663005e-03
6.840099204260760e-01 8.934494783758566e-03
6.928928877425770e-01 8.831217757249212e-03
7.016719143486851e-01 8.726615961699111e-03
7.103456833045434e-01 8.620705088401215e-03
7.189128934599713e-01 8.513501025022963e-03
7.273722596496521e-01 8.405019853221785e-03
7.357225128859179e-01 8.295277846235322e-03
7.439624005491116e-01 8.184291466438750e-03
7.520906865754921e-01 8.072077362873940e-03
7.601061516426555e-01 7.958652368754014e-03
7.680075933524456e-01 7.844033498939825e-03
7.757938264113258e-01 7.728237947381696e-03
7.834636828081838e-01 7.611283084545985e-03
7.910160119895460e-01 7.493186454806269e-03
7.984496810321708e-01 7.373965773812488e-03
8.057635748129987e-01 7.253638925833774e-03
8.129565961764316e-01 7.132223961075496e-03
8.200276660989170e-01 7.009739092970177e-03
8.269757238508125e-01 6.886202695446192e-03
8.337997271555049e-01 6.761633300174081e-03
8.404986523457627e-01 6.636049593781789e-03
8.470714945172962e-01 6.509470415053955e-03
8.535172676795030e-01 6.381914752107770e-03
8.598350049033764e-01 6.253401739542649e-03
8.660237584665545e-01 6.123950655567701e-03
8.720825999954882e-01 5.993580919115666e-03
8.780106206047065e-01 5.862312086922885e-03
8.838069310331583e-01 5.730163850601025e-03
8.894706617776109e-01 5.597156033682912e-03
8.950009632230845e-01 5.463308588645062e-03
9.003970057703036e-01 5.328641593915554e-03
9.056579799601446e-01 5.193175250869222e-03
9.107830965950650e-01 5.056929880787357e-03
9.157715868574905e-01 4.919925921813575e-03
9.206227024251465e-01 4.782183925891678e-03
9.253357155833162e-01 4.643724555680392e-03
9.299099193340057e-01 4.504568581447707e-03
9.343446275020031e-01 4.364736877968230e-03
9.386391748378147e-01 4.224250421382277e-03
9.427929171174624e-01 4.083130286053257e-03
9.468052312391275e-01 3.941397641409595e-03
9.506755153166282e-01 3.799073748766602e-03
9.544031887697162e-01 3.656179958143023e-03
9.579876924111781e-01 3.512737705056754e-03
9.614284885307322e-01 3.368768507316164e-03
9.647250609757065e-01 3.224293961793619e-03
9.678769152284896e-01 3.079335741198138e-03
9.708835784807430e-01 2.933915590829784e-03
9.737445997043704e-01 2.788055325326656e-03
9.764595497192341e-01 2.641776825427560e-03
9.790280212576220e-01 2.495102034705048e-03
9.814496290254644e-01 2.348052956327448e-03
9.837240097603155e-01 2.200651649837954e-03
9.858508222861260e-01 2.052920227965764e-03
9.878297475648606e-01 1.904880853498067e-03
9.896604887450653e-01 1.756555736330454e-03
9.913427712075831e-01 1.607967130749804e-03
9.928763426088221e-01 1.459137333311976e-03
9.942609729224097e-01 1.310088681905967e-03
9.954964544810964e-01 1.160843557565384e-03
9.965826020233814e-01 1.011424393209589e-03
9.975192527567208e-01 8.618537014177176e-04
9.983062664730065e-01 7.121541634718515e-04
9.989435258434088e-01 5.623489540286192e-04
9.994309374662614e-01 4.124632544286746e-04
9.997684374092632e-01 2.625349442949227e-04
9.999560500189923e-01 1.127890177999077e-04
