-0.999956050018992 0.300363026949389
-0.999768437409263 0.299732347115186
-0.999430937466261 0.298602599909359
-0.998943525843409 0.296981881995329
-0.998306266473006 0.294882137705669
-0.997519252756721 0.292318869130841
-0.996582602023381 0.289310998629869
-0.995496454481096 0.285880720328364
-0.99426097292241 0.282053329110504
-0.992876342608822 0.277857026478556
-0.991342771207583 0.273322704341099
-0.989660488745065 0.268483708270237
-0.987829747564861 0.263375582006739
-0.985850822286126 0.258035795161375
-0.983724009760315 0.252503456198825
-0.981449629025464 0.246819012907331
-0.979028021257622 0.241023942655019
-0.976459549719234 0.235160434813283
-0.97374459970437 0.2292710677883
-0.970883578480743 0.223398483143659
-0.96787691522849 0.217585059319817
-0.964725060975707 0.211872587459549
-0.961428488530732 0.206301951832781
-0.957987692411178 0.200912817319236
-0.954403188769716 0.195743326353511
-0.950675515316628 0.190829807664952
-0.946805231239128 0.186206499054512
-0.942792917117462 0.181905286343426
-0.938639174837815 0.177955460504799
-0.934344627502003 0.174383494850009
-0.929909919334006 0.171212843988336
-0.925335715583316 0.168463766111488
-0.920622702425146 0.166153169976122
-0.91577158685749 0.164294487768312
-0.910783096595065 0.162897574835723
-0.905657979960145 0.161968637067498
-0.900397005770304 0.16151018649017
-0.895000963223085 0.161521025431814
-0.889470661777611 0.161996259387951
-0.883806931033158 0.162927338502957
-0.878010620604707 0.164302127361685
-0.872082599995488 0.1661050025693
-0.866023758466554 0.168316977384705
-0.859835004903376 0.170915852465916
-0.853517267679503 0.173876391586015
-0.847071494517296 0.177170520987356
-0.840498652345763 0.180767550860977
-0.833799727155505 0.184634417269102
-0.826975723850813 0.188735942672431
-0.820027666098917 0.193035113081902
-0.812956596176432 0.197493369727721
-0.805763574812999 0.202070913027797
-0.798449681032171 0.206727016543994
-0.791016011989546 0.211420348538661
-0.783463682808184 0.216109298686147
-0.775793826411326 0.220752307455025
-0.768007593352446 0.225308195656695
-0.760106151642655 0.229736491655119
-0.752090686575492 0.233997753750611
-0.743962400549111 0.238053885287728
-0.735722512885918 0.241868440092999
-0.727372259649652 0.245406915922162
-0.718912893459971 0.248637033688012
-0.710345683304543 0.251529000348252
-0.701671914348685 0.254055753457015
-0.692892887742577 0.256193185522945
-0.684009920426076 0.257920346469867
-0.675024344931163 0.259219622661832
-0.665937509182049 0.260076891131496
-0.656750776292973 0.260481647837886
-0.647465524363725 0.260427108975223
-0.638083146272911 0.259910284557059
-0.628605049469015 0.258932023707909
-0.619032655759261 0.257497031306322
-0.609367401096334 0.255613855837133
-0.599610735362968 0.253294848524932
-0.589764122154454 0.250556094033872
-0.579829038559083 0.247417313229184
-0.569806974936569 0.243901738701515
-0.559699434694481 0.240035963954998
-0.549507934062719 0.235849767352135
-0.539234001866059 0.231375912091773
-0.528879179294822 0.22664992366932
-0.518445019673675 0.221709846429487
-0.507933088228616 0.216595980970214
-0.497344961852182 0.211350604290874
-0.48668222886689 0.206017674697427
-0.475946488786983 0.200642523581091
-0.465139352078479 0.195271536274619
-0.45426243991759 0.189951824260855
-0.443317383947527 0.184730891061471
-0.432305826033741 0.179656294169422
-0.421229418017624 0.174775305406552
-0.410089821468716 0.170134572087967
-0.398888707435459 0.165779781357498
-0.387627756194516 0.161755330024013
-0.376308656998716 0.15810400217713
-0.364933107823654 0.154866656793466
-0.35350281511297 0.152081927461818
-0.342019493522371 0.149785936258349
-0.330484865662417 0.148012023692006
-0.318900661840106 0.146790496517078
-0.307268619799319 0.146148395075168
-0.295590484460136 0.146109281684237
-0.283868007657082 0.146693051439058
-0.272102947876337 0.14791576662678
-0.260297069991942 0.149789515794929
-0.248452145001057 0.15232229833831
-0.236569949758284 0.155517935297698
-0.224652266709132 0.159376006888157
-0.212700883622626 0.163891817100021
-0.200717593323127 0.169056385542315
-0.188704193421389 0.174856466528218
-0.176662486044902 0.181274595236402
-0.164594277567554 0.188289160622046
-0.152501378338656 0.195874504598262
-0.140385602411376 0.204001046863689
-0.128248767270607 0.21263543461618
-0.116092693560333 0.221740716266697
-0.103919204810509 0.23127653815263
-0.0917301271635194 0.241199363146272
-0.0795272891002329 0.251462709962819
-0.0673125211657164 0.262017411893275
-0.0550876556946339 0.272811893621298
-0.0428545265363791 0.283792464729419
-0.0306149687799789 0.294903628459149
-0.0183708184788136 0.306088404260958
-0.00612391237518933 0.317288662653716
0.00612391237518945 0.328445470908334
0.0183708184788137 0.33949944807643
0.030614968779979 0.350391127901055
0.0428545265363792 0.361061328172044
0.055087655694634 0.371451525122265
0.0673125211657166 0.381504231501964
0.079527289100233 0.39116337701526
0.0917301271635195 0.400374689854445
0.103919204810509 0.409086078122747
0.116092693560333 0.417248009993281
0.128248767270607 0.424813891509716
0.140385602411376 0.431740440991341
0.152501378338656 0.437988059060338
0.164594277567554 0.443521193361006
0.176662486044902 0.44830869708797
0.188704193421389 0.452324180482075
0.200717593323127 0.455546354487506
0.212700883622626 0.457959365790807
0.224652266709132 0.459553122480955
0.236569949758284 0.460323609578899
0.248452145001057 0.460273193684394
0.260297069991943 0.459410915977136
0.272102947876337 0.457752772788098
0.283868007657082 0.455321982925366
0.295590484460136 0.452149240897108
0.307268619799319 0.448272955122806
0.318900661840106 0.443739470163204
0.330484865662417 0.438603271930466
0.342019493522372 0.43292717476366
0.35350281511297 0.426782489172241
0.364933107823654 0.420249168963008
0.376308656998717 0.413415936375691
0.387627756194516 0.406380383760584
0.398888707435459 0.399249050240422
0.410089821468717 0.392137471709995
0.421229418017624 0.385170202442932
0.432305826033741 0.378480806497963
0.443317383947527 0.372211817048931
0.45426243991759 0.366514661706383
0.465139352078479 0.361549551855875
0.475946488786983 0.35748533401157
0.48668222886689 0.354499301175597
0.497344961852182 0.352776962205998
0.507933088228616 0.352511767231087
0.518445019673675 0.35390478720758
0.528879179294822 0.357164345805526
0.539234001866059 0.362505601916576
0.549507934062719 0.370150081224545
0.559699434694481 0.38032515544968
0.569806974936569 0.393263468081237
0.579829038559083 0.409202305647129
0.589764122154454 0.428382913834836
0.599610735362968 0.451049758073862
0.609367401096334 0.477449728516324
0.619032655759261 0.507831289707519
0.628605049469015 0.542443575621155
0.638083146272911 0.58153543114248
0.647465524363725 0.625354401514429
0.656750776292973 0.674145671714661
0.665937509182049 0.728150958201741
0.675024344931163 0.787607355953494
0.684009920426076 0.852746144215892
0.692892887742577 0.923791554882691
0.701671914348685 1.00095950793007
0.710345683304543 1.08445631883213
0.718912893459971 1.1744773833773
0.727372259649652 1.27120584578811
0.735722512885918 1.37481125651083
0.743962400549112 1.48544822648402
0.752090686575492 1.60325508510891
0.760106151642655 1.72835254952535
0.768007593352446 1.86084241314007
0.775793826411326 2.0008062616531
0.783463682808184 2.14830422507969
0.791016011989546 2.30337377446327
0.798449681032171 2.46602857211701
0.805763574812999 2.63625738431146
0.812956596176432 2.8140230653428
0.820027666098917 2.9992616218641
0.826975723850813 3.19188136624141
0.833799727155505 3.391762167503
0.840498652345763 3.5987548081836
0.847071494517296 3.81268045502506
0.853517267679503 4.03333025108011
0.859835004903376 4.26046503627773
0.866023758466555 4.49381520294817
0.872082599995488 4.73308069217539
0.878010620604706 4.97793113614624
0.883806931033158 5.22800615090402
0.889470661777611 5.48291578309183
0.895000963223085 5.74224111339445
0.900397005770304 6.00553501846054
0.905657979960145 6.27232309211696
0.910783096595065 6.54210472567986
0.91577158685749 6.81435434613054
0.920622702425147 7.08852280986466
0.925335715583316 7.36403894865112
0.929909919334006 7.64031126335731
0.934344627502003 7.91672975992219
0.938639174837815 8.19266792099454
0.942792917117462 8.46748480560984
0.946805231239128 8.74052726826594
0.950675515316628 9.01113228778205
0.954403188769716 9.27862939539773
0.957987692411178 9.54234319069598
0.961428488530732 9.80159593312666
0.964725060975707 10.0557101961694
0.96787691522849 10.304011570518
0.970883578480743 10.5458314020966
0.97374459970437 10.7805095502375
0.976459549719234 11.0073971509695
0.979028021257622 11.2258593700841
0.981449629025464 11.4352781304723
0.983724009760315 11.6350547981611
0.985850822286126 11.8246128115233
0.987829747564861 12.0034002382931
0.989660488745065 12.1708922452963
0.991342771207583 12.3265934661882
0.992876342608822 12.470040253007
0.99426097292241 12.6008027979842
0.995496454481096 12.718487112857
0.996582602023381 12.8227368539804
0.997519252756721 12.9132349831543
0.998306266473006 12.9897052574067
0.998943525843409 13.0519135510315
0.999430937466261 13.0996690583029
0.999768437409263 13.1328257385132
0.999956050018992 13.1512888021032
