-0.999956050018992 -0.30036297359552
-0.999768437409263 -0.299730867271145
-0.999430937466261 -0.298593676425056
-0.998943525843409 -0.296951193760528
-0.998306266473006 -0.294803489646248
-0.997519252756721 -0.292150752697718
-0.996582602023381 -0.288993321004037
-0.995496454481096 -0.285331739107161
-0.99426097292241 -0.281166827430692
-0.992876342608822 -0.276499761408481
-0.991342771207583 -0.271332158956635
-0.989660488745065 -0.265666175137555
-0.987829747564861 -0.259504602851263
-0.985850822286126 -0.252850978330702
-0.983724009760315 -0.245709690153937
-0.981449629025464 -0.238086090428744
-0.979028021257622 -0.229986606757853
-0.976459549719234 -0.221418853557873
-0.97374459970437 -0.212391741282387
-0.970883578480743 -0.202915582090508
-0.96787691522849 -0.193002190506394
-0.964725060975707 -0.1826649776331
-0.961428488530732 -0.171919037515536
-0.957987692411178 -0.160781224292094
-0.954403188769716 -0.149270218832458
-0.950675515316628 -0.137406583629738
-0.946805231239128 -0.125212804797959
-0.942792917117462 -0.11271332012043
-0.938639174837815 -0.0999345321999591
-0.934344627502003 -0.0869048058773352
-0.929909919334006 -0.073654449209328
-0.925335715583316 -0.0602156774303825
-0.920622702425146 -0.0466225594623806
-0.91577158685749 -0.0329109466831204
-0.910783096595065 -0.0191183838153207
-0.905657979960145 -0.00528400195282386
-0.900397005770304 0.00855160610205519
-0.895000963223085 0.0223465278576668
-0.889470661777611 0.036057690018034
-0.883806931033158 0.0496410335863806
-0.878010620604707 0.0630517043858718
-0.872082599995488 0.0762442580464315
-0.866023758466554 0.0891728783620672
-0.859835004903376 0.101791607785315
-0.853517267679503 0.114054588695457
-0.847071494517296 0.125916313956178
-0.840498652345763 0.137331885167424
-0.833799727155505 0.148257276916391
-0.826975723850813 0.158649605244786
-0.820027666098917 0.168467398474512
-0.812956596176432 0.17767086847264
-0.805763574812999 0.186222180389398
-0.798449681032171 0.194085718870626
-0.791016011989546 0.201228348729032
-0.783463682808184 0.207619668057019
-0.775793826411326 0.213232251777948
-0.768007593352446 0.218041883662584
-0.760106151642655 0.222027774883016
-0.752090686575492 0.225172767237421
-0.743962400549111 0.227463519255281
-0.735722512885918 0.228890673483679
-0.727372259649652 0.229449003360506
-0.718912893459971 0.229137538199132
-0.710345683304543 0.227959664940598
-0.701671914348685 0.225923205472703
-0.692892887742577 0.223040468469579
-0.684009920426076 0.219328274869323
-0.675024344931163 0.214807956279909
-0.665937509182049 0.209505325783548
-0.656750776292973 0.20345062079579
-0.647465524363725 0.196678417826423
-0.638083146272911 0.189227519183308
-0.628605049469015 0.181140811856278
-0.619032655759261 0.172465099014525
-0.609367401096334 0.163250904746213
-0.599610735362968 0.15355225286173
-0.589764122154454 0.14342642077065
-0.579829038559083 0.132933669625741
-0.569806974936569 0.122136952103602
-0.559699434694481 0.111101599359669
-0.549507934062719 0.0998949888538341
-0.539234001866059 0.0885861948907323
-0.528879179294822 0.0772456238545845
-0.518445019673675 0.0659446362413451
-0.507933088228616 0.0547551576998268
-0.497344961852182 0.0437492813875382
-0.48668222886689 0.0329988640255151
-0.475946488786983 0.0225751180987457
-0.465139352078479 0.0125482026944351
-0.45426243991759 0.00298681549895011
-0.443317383947527 -0.0060422115144529
-0.432305826033741 -0.0144743101810929
-0.421229418017624 -0.0222475655209912
-0.410089821468716 -0.0293030939337599
-0.398888707435459 -0.0355854078078721
-0.387627756194516 -0.0410427642138795
-0.376308656998716 -0.0456274954409191
-0.364933107823654 -0.0492963192407781
-0.35350281511297 -0.0520106267630326
-0.342019493522371 -0.0537367462973922
-0.330484865662417 -0.0544461810843437
-0.318900661840106 -0.0541158196113395
-0.307268619799319 -0.0527281169779019
-0.295590484460136 -0.0502712460878001
-0.283868007657082 -0.0467392176085449
-0.272102947876337 -0.0421319678264094
-0.260297069991942 -0.0364554137175596
-0.248452145001057 -0.0297214747511836
-0.236569949758284 -0.0219480611372379
-0.224652266709132 -0.0131590284280802
-0.212700883622626 -0.00338409857833873
-0.200717593323127 0.00734125224056773
-0.188704193421389 0.0189759385872447
-0.176662486044902 0.031473442792656
-0.164594277567554 0.0447820232574863
-0.152501378338656 0.0588449529976964
-0.140385602411376 0.0736007872745496
-0.128248767270607 0.0889836589990106
-0.116092693560333 0.104923600465432
-0.103919204810509 0.121346889846687
-0.0917301271635194 0.138176420773009
-0.0795272891002329 0.155332093220329
-0.0673125211657164 0.172731223851253
-0.0550876556946339 0.190288973883201
-0.0428545265363791 0.207918792503831
-0.0306149687799789 0.225532873813604
-0.0183708184788136 0.243042625248987
-0.00612391237518933 0.260359145427167
0.00612391237518945 0.277393709353596
0.0183708184788137 0.29405825894678
0.030614968779979 0.310265896859667
0.0428545265363792 0.325931381612929
0.055087655694634 0.340971622101472
0.0673125211657166 0.355306169590578
0.079527289100233 0.368857705381034
0.0917301271635195 0.381552522392309
0.103919204810509 0.393320998987969
0.116092693560333 0.404098063446817
0.128248767270607 0.413823647565424
0.140385602411376 0.422443127961361
0.152501378338656 0.429907753730369
0.164594277567554 0.436175059193501
0.176662486044902 0.441209260550765
0.188704193421389 0.444981635334809
0.200717593323127 0.447470883630575
0.212700883622626 0.44866347009365
0.224652266709132 0.448553945860327
0.236569949758284 0.447145249495385
0.248452145001057 0.444448986168706
0.260297069991943 0.44048568428853
0.272102947876337 0.435285028847116
0.283868007657082 0.428886070753654
0.295590484460136 0.421337411439493
0.307268619799319 0.412697362022264
0.318900661840106 0.403034076308732
0.330484865662417 0.392425656901703
0.342019493522372 0.380960233654792
0.35350281511297 0.368736013691292
0.364933107823654 0.355861302170772
0.376308656998717 0.34245449295069
0.387627756194516 0.328644028251558
0.398888707435459 0.314568326394664
0.410089821468717 0.300375676642536
0.421229418017624 0.286224100136122
0.432305826033741 0.272281175890785
0.443317383947527 0.258723830787548
0.45426243991759 0.245738092478572
0.465139352078479 0.23351880411843
0.475946488786983 0.222269299837302
0.48668222886689 0.212201039890681
0.497344961852182 0.203533204454199
0.507933088228616 0.196492245083619
0.518445019673675 0.191311392930308
0.528879179294822 0.188230122893144
0.539234001866059 0.187493572999953
0.549507934062719 0.189351918446314
0.559699434694481 0.194059699877685
0.569806974936569 0.201875105682837
0.579829038559083 0.213059208272791
0.589764122154454 0.227875154549883
0.599610735362968 0.246587311025829
0.609367401096334 0.269460364325137
0.619032655759261 0.296758378109954
0.628605049469015 0.328743807783131
0.638083146272911 0.365676474666279
0.647465524363725 0.407812501706972
0.656750776292973 0.45540321314171
0.665937509182049 0.508694000926143
0.675024344931163 0.567923161138533
0.684009920426076 0.633320703963281
0.692892887742577 0.70510714126507
0.701671914348685 0.783492256167177
0.710345683304543 0.868673859445759
0.718912893459971 0.960836537941517
0.727372259649652 1.06015040056671
0.735722512885918 1.1667698278448
0.743962400549112 1.28083223125777
0.752090686575492 1.40245682898781
0.760106151642655 1.53174344492143
0.768007593352446 1.66877133803087
0.775793826411326 1.81359806945555
0.783463682808184 1.96625841477183
0.791016011989546 2.12676332905805
0.798449681032171 2.29509897243106
0.805763574812999 2.47122580374612
0.812956596176432 2.65507775011295
0.820027666098917 2.84656145978197
0.826975723850813 3.04555564579761
0.833799727155505 3.25191052759576
0.840498652345763 3.46544737744062
0.847071494517296 3.68595817825197
0.853517267679503 3.91320539896616
0.859835004903376 4.146921893106
0.866023758466555 4.38681092570433
0.872082599995488 4.63254633313927
0.878010620604706 4.8837728197946
0.883806931033158 5.14010639476269
0.889470661777611 5.40113495106188
0.895000963223085 5.66641898905014
0.900397005770304 5.93549248488689
0.905657979960145 6.20786390403055
0.910783096595065 6.48301735886635
0.91577158685749 6.76041390864384
0.920622702425147 7.03949299897188
0.925335715583316 7.31967403717982
0.929909919334006 7.60035809891145
0.934344627502003 7.88092976038293
0.938639174837815 8.1607590498143
0.942792917117462 8.43920351064224
0.946805231239128 8.71561036825013
0.950675515316628 8.98931879111512
0.954403188769716 9.25966223647975
0.957987692411178 9.5259708699138
0.961428488530732 9.78757404744907
0.964725060975707 10.04380284835
0.96787691522849 10.2939926460346
0.970883578480743 10.537485704188
0.97374459970437 10.773633784718
0.976459549719234 11.0018007539
0.979028021257622 11.2213651728373
0.981449629025464 11.4317228582468
0.983724009760315 11.6322893995451
0.985850822286126 11.8225026182851
0.987829747564861 12.0018249561588
0.989660488745065 12.1697457780497
0.991342771207583 12.3257835769869
0.992876342608822 12.4694880683297
0.99426097292241 12.6004421610954
0.995496454481096 12.7182637950865
0.996582602023381 12.8226076334446
0.997519252756721 12.9131666017924
0.998306266473006 12.989673268344
0.998943525843409 13.0519010693142
0.999430937466261 13.0996654289548
0.999768437409263 13.1328251366407
0.999956050018992 13.1512887804036
