-0.999956050018992 -0.290010705542958
-0.999768437409263 -0.270674681187786
-0.999430937466261 -0.236573722229063
-0.998943525843409 -0.188852026692197
-0.998306266473006 -0.129120820364344
-0.997519252756721 -0.0593977216801796
-0.996582602023381 0.0179620497428431
-0.995496454481096 0.100345392899757
-0.99426097292241 0.184969667063015
-0.992876342608822 0.268976724811697
-0.991342771207583 0.349529467196409
-0.989660488745065 0.423907658279223
-0.987829747564861 0.489599760770062
-0.985850822286126 0.54438769067549
-0.983724009760315 0.58642163084726
-0.981449629025464 0.614282382428278
-0.979028021257622 0.627029157731945
-0.976459549719234 0.624231213508885
-0.97374459970437 0.605982272920098
-0.970883578480743 0.572897269093418
-0.96787691522849 0.526091542952238
-0.964725060975707 0.467143222627279
-0.961428488530732 0.398040080942359
-0.957987692411178 0.321112691835108
-0.954403188769716 0.23895616831081
-0.950675515316628 0.154343147961478
-0.946805231239128 0.0701309842300118
-0.942792917117462 -0.0108337073925146
-0.938639174837815 -0.0858099155690478
-0.934344627502003 -0.152253305809293
-0.929909919334006 -0.207900429677838
-0.925335715583316 -0.250843240858328
-0.920622702425146 -0.279591424753636
-0.91577158685749 -0.293120469029171
-0.910783096595065 -0.290903893112058
-0.905657979960145 -0.27292859825579
-0.900397005770304 -0.239692877686054
-0.895000963223085 -0.192187218722223
-0.889470661777611 -0.131858615311
-0.883806931033158 -0.0605596700279595
-0.878010620604707 0.0195157198734956
-0.872082599995488 0.105907844961374
-0.866023758466554 0.195975212571648
-0.859835004903376 0.286984216261867
-0.853517267679503 0.376201356440753
-0.847071494517296 0.46098484602822
-0.840498652345763 0.538872467217562
-0.833799727155505 0.607662685361458
-0.826975723850813 0.665486268681036
-0.820027666098917 0.710865999363988
-0.812956596176432 0.74276248090062
-0.805763574812999 0.760604533603404
-0.798449681032171 0.764303208240614
-0.791016011989546 0.754249017923966
-0.783463682808184 0.73129257106509
-0.775793826411326 0.696709363186132
-0.768007593352446 0.652150032749827
-0.760106151642655 0.599577887049136
-0.752090686575492 0.541195941275294
-0.743962400549111 0.479366072096157
-0.735722512885918 0.416523154095999
-0.727372259649652 0.355087214092629
-0.718912893459971 0.297376698981405
-0.710345683304543 0.24552590536144
-0.701671914348685 0.201409465530379
-0.692892887742577 0.16657652993157
-0.684009920426076 0.142196939743877
-0.675024344931163 0.129021257153202
-0.665937509182049 0.127356029841021
-0.656750776292973 0.137055127529175
-0.647465524363725 0.15752742085277
-0.638083146272911 0.187760496223315
-0.628605049469015 0.226359534841163
-0.619032655759261 0.271599949389259
-0.609367401096334 0.321491886891131
-0.599610735362968 0.373854287728743
-0.589764122154454 0.426395853564013
-0.579829038559083 0.476800032740829
-0.569806974936569 0.522810989274095
-0.559699434694481 0.562317485826733
-0.549507934062719 0.593431683479441
-0.539234001866059 0.614560039180011
-0.528879179294822 0.624463759390687
-0.518445019673675 0.622306636015011
-0.507933088228616 0.607688535401269
-0.497344961852182 0.580663317587997
-0.48668222886689 0.541740513292398
-0.475946488786983 0.491870661185415
-0.465139352078479 0.432414787582724
-0.45426243991759 0.365099074440459
-0.443317383947527 0.291956289615258
-0.432305826033741 0.215256027069157
-0.421229418017624 0.137426207264124
-0.410089821468716 0.060968605040239
-0.398888707435459 -0.0116286075976043
-0.387627756194516 -0.0779782011876211
-0.376308656998716 -0.135878002589042
-0.364933107823654 -0.183388778488995
-0.35350281511297 -0.218903095006113
-0.342019493522371 -0.241202670056073
-0.330484865662417 -0.249502134474389
-0.318900661840106 -0.243477592535489
-0.307268619799319 -0.223278906048257
-0.295590484460136 -0.189525200096915
-0.283868007657082 -0.143283682687312
-0.272102947876337 -0.0860324642064222
-0.260297069991942 -0.0196086347845271
-0.248452145001057 0.0538566119032174
-0.236569949758284 0.13201355004953
-0.224652266709132 0.212377537695234
-0.212700883622626 0.292417726078495
-0.200717593323127 0.369647713449804
-0.188704193421389 0.441714907143338
-0.176662486044902 0.506485384510993
-0.164594277567554 0.562121184006087
-0.152501378338656 0.607147207999327
-0.140385602411376 0.640505270701599
-0.128248767270607 0.661593266130661
-0.116092693560333 0.670287947444543
-0.103919204810509 0.666950382507581
-0.0917301271635194 0.652413761468271
-0.0795272891002329 0.62795385918033
-0.0673125211657164 0.595243076543462
-0.0550876556946339 0.556289578378271
-0.0428545265363791 0.513363590188477
-0.0306149687799789 0.468913392560285
-0.0183708184788136 0.425473942699668
-0.00612391237518933 0.385571343268824
0.00612391237518945 0.351626558189673
0.0183708184788137 0.325861836164137
0.030614968779979 0.310213242121036
0.0428545265363792 0.306252515657571
0.055087655694634 0.315121179034914
0.0673125211657166 0.337479414714963
0.079527289100233 0.373471736870176
0.0917301271635195 0.422710909198261
0.103919204810509 0.484280931981499
0.116092693560333 0.556759256072584
0.128248767270607 0.638257703241417
0.140385602411376 0.726480904628201
0.152501378338656 0.818800435329402
0.164594277567554 0.912342245859815
0.176662486044902 1.00408449112085
0.188704193421389 1.09096245283443
0.200717593323127 1.16997695732965
0.212700883622626 1.23830251858484
0.224652266709132 1.29339139391995
0.236569949758284 1.33306982969964
0.248452145001057 1.35562299530344
0.260297069991943 1.35986544936868
0.272102947876337 1.34519444246997
0.283868007657082 1.31162392046454
0.295590484460136 1.25979773460254
0.307268619799319 1.1909812670546
0.318900661840106 1.10703142029686
0.330484865662417 1.01034567081481
0.342019493522372 0.903791626127232
0.35350281511297 0.790619223630513
0.364933107823654 0.674358345687861
0.376308656998717 0.558705175079786
0.387627756194516 0.447401058396309
0.398888707435459 0.344107965566684
0.410089821468717 0.252284818842038
0.421229418017624 0.175069005970414
0.432305826033741 0.115167286607125
0.443317383947527 0.074760049704895
0.45426243991759 0.0554224891950423
0.465139352078479 0.0580657469562935
0.475946488786983 0.0829004415858022
0.48668222886689 0.129424278534937
0.497344961852182 0.196434644813385
0.507933088228616 0.282066255392232
0.518445019673675 0.383853066141659
0.528879179294822 0.49881282801144
0.539234001866059 0.623551857551755
0.549507934062719 0.75438686713838
0.559699434694481 0.887480059858866
0.569806974936569 1.01898317160204
0.579829038559083 1.14518575557203
0.589764122154454 1.2626627670792
0.599610735362968 1.36841642912086
0.609367401096334 1.46000744686213
0.619032655759261 1.53567089118271
0.628605049469015 1.59441248205599
0.638083146272911 1.63608156046689
0.647465524363725 1.66141772666277
0.656750776292973 1.67206892207422
0.665937509182049 1.67057961767384
0.675024344931163 1.66034871519042
0.684009920426076 1.64555773956192
0.692892887742577 1.63107087011748
0.701671914348685 1.62230929278337
0.710345683304543 1.62510322542257
0.718912893459971 1.64552574432072
0.727372259649652 1.68971319562521
0.735722512885918 1.76367748863225
0.743962400549112 1.87311591997557
0.752090686575492 2.0232243557768
0.760106151642655 2.21851959492593
0.768007593352446 2.4626765488998
0.775793826411326 2.75838550581666
0.783463682808184 3.10723420849575
0.791016011989546 3.50961878342064
0.798449681032171 3.96468673006857
0.805763574812999 4.4703142429209
0.812956596176432 5.02311912018446
0.820027666098917 5.61850944522366
0.826975723850813 6.25076714215783
0.833799727155505 6.91316444002618
0.840498652345763 7.5981102640655
0.847071494517296 8.2973226402948
0.853517267679503 9.00202238063404
0.859835004903376 9.70314263667095
0.866023758466555 10.3915483931258
0.872082599995488 11.0582596342367
0.878010620604706 11.6946717692955
0.883806931033158 12.2927669530253
0.889470661777611 12.8453101818164
0.895000963223085 13.3460244812516
0.900397005770304 13.7897401110352
0.905657979960145 14.1725134819714
0.910783096595065 14.4917123824906
0.91577158685749 14.7460651215719
0.920622702425147 14.9356722794308
0.925335715583316 15.0619808832654
0.929909919334006 15.1277219574811
0.934344627502003 15.1368135006762
0.938639174837815 15.0942319806399
0.942792917117462 15.0058563810191
0.946805231239128 14.8782896494765
0.950675515316628 14.7186630613922
0.954403188769716 14.5344295045226
0.957987692411178 14.3331519930754
0.961428488530732 14.1222938249068
0.964725060975707 13.909016699795
0.96787691522849 13.699992823195
0.970883578480743 13.5012365380278
0.97374459970437 13.317960372421
0.976459549719234 13.1544595848982
0.979028021257622 13.0140283562085
0.981449629025464 12.8989097486573
0.983724009760315 12.8102804624255
0.985850822286126 12.7482702989011
0.987829747564861 12.7120151293544
0.989660488745065 12.6997410989673
0.991342771207583 12.708876805458
0.992876342608822 12.7361893100229
0.99426097292241 12.7779390942089
0.995496454481096 12.830048493396
0.996582602023381 12.8882777344331
0.997519252756721 12.9484024946783
0.998306266473006 13.0063868899304
0.998943525843409 13.0585459946498
0.999430937466261 13.1016924215594
0.999768437409263 13.1332623601329
0.999956050018992 13.151421637103
