-0.999956050018992 -0.287761013991876
-0.999768437409263 -0.287257806952465
-0.999430937466261 -0.286351391854545
-0.998943525843409 -0.285039677522304
-0.998306266473006 -0.283319924548504
-0.997519252756721 -0.28118860511374
-0.996582602023381 -0.278641411678762
-0.995496454481096 -0.275673284537115
-0.99426097292241 -0.272278449209493
-0.992876342608822 -0.268450463537745
-0.991342771207583 -0.264182276021835
-0.989660488745065 -0.259466297790043
-0.987829747564861 -0.254294491378791
-0.985850822286126 -0.248658480356909
-0.983724009760315 -0.242549684771425
-0.981449629025464 -0.235959488382968
-0.979028021257622 -0.228879444623529
-0.976459549719234 -0.221301529025925
-0.97374459970437 -0.213218446363362
-0.970883578480743 -0.204624000653419
-0.96787691522849 -0.195513535208369
-0.964725060975707 -0.18588444767869
-0.961428488530732 -0.17573678113509
-0.957987692411178 -0.165073886294124
-0.954403188769716 -0.153903141769961
-0.950675515316628 -0.142236708751393
-0.946805231239128 -0.130092284210011
-0.942792917117462 -0.117493803684856
-0.938639174837815 -0.104472032600992
-0.934344627502003 -0.091064976376273
-0.929909919334006 -0.0773180370995679
-0.925335715583316 -0.063283851107518
-0.920622702425146 -0.0490217593210883
-0.91577158685749 -0.0345968910450188
-0.910783096595065 -0.020078880034954
-0.905657979960145 -0.00554027434520793
-0.900397005770304 0.00894525798324555
-0.895000963223085 0.0233047945457936
-0.889470661777611 0.0374679482188024
-0.883806931033158 0.0513684391878559
-0.878010620604707 0.0649453331563572
-0.872082599995488 0.0781438703013988
-0.866023758466554 0.0909158581750361
-0.859835004903376 0.103219649678008
-0.853517267679503 0.115019766901657
-0.847071494517296 0.126286258071547
-0.840498652345763 0.136993886315006
-0.833799727155505 0.147121246773363
-0.826975723850813 0.1566498959922
-0.820027666098917 0.165563558731126
-0.812956596176432 0.17384745636424
-0.805763574812999 0.181487781081175
-0.798449681032171 0.1884713232097
-0.791016011989546 0.194785246138302
-0.783463682808184 0.200416994632333
-0.775793826411326 0.205354317356087
-0.768007593352446 0.209585382393568
-0.760106151642655 0.213098964687085
-0.752090686575492 0.215884685833434
-0.743962400549111 0.217933288974999
-0.735722512885918 0.219236934136343
-0.727372259649652 0.219789501970682
-0.718912893459971 0.219586896302087
-0.710345683304543 0.218627337977567
-0.701671914348685 0.21691164434241
-0.692892887742577 0.214443490127702
-0.684009920426076 0.211229646720031
-0.675024344931163 0.207280197710231
-0.665937509182049 0.202608729333697
-0.656750776292973 0.197232494959955
-0.647465524363725 0.191172553199094
-0.638083146272911 0.184453879496179
-0.628605049469015 0.17710545130321
-0.619032655759261 0.169160307066011
-0.609367401096334 0.160655579347579
-0.599610735362968 0.151632502430116
-0.589764122154454 0.142136394688006
-0.579829038559083 0.132216615889358
-0.569806974936569 0.121926499342452
-0.559699434694481 0.1113232584265
-0.549507934062719 0.100467866496854
-0.539234001866059 0.0894249083907401
-0.528879179294822 0.0782624007346462
-0.518445019673675 0.0670515769250807
-0.507933088228616 0.0558666309881891
-0.497344961852182 0.0447844125156791
-0.48668222886689 0.0338840625697639
-0.475946488786983 0.0232465779763974
-0.465139352078479 0.0129542890373836
-0.45426243991759 0.00309023381631404
-0.443317383947527 -0.00626258855772357
-0.432305826033741 -0.0150221017661668
-0.421229418017624 -0.0231081849856677
-0.410089821468716 -0.0304438569623054
-0.398888707435459 -0.036956599375311
-0.387627756194516 -0.0425797864611579
-0.376308656998716 -0.0472541612086808
-0.364933107823654 -0.0509292683700544
-0.35350281511297 -0.0535647257260966
-0.342019493522371 -0.0551311945295782
-0.330484865662417 -0.0556109063372776
-0.318900661840106 -0.05499762445876
-0.307268619799319 -0.053295968307634
-0.295590484460136 -0.0505201055892168
-0.283868007657082 -0.0466919094961828
-0.272102947876337 -0.0418387673988212
-0.260297069991942 -0.0359912923322536
-0.248452145001057 -0.0291812110416163
-0.236569949758284 -0.0214396748095771
-0.224652266709132 -0.0127961675641511
-0.212700883622626 -0.00327808736159232
-0.200717593323127 0.00708902452475689
-0.188704193421389 0.0182807166387246
-0.176662486044902 0.0302724846825413
-0.164594277567554 0.0430384327374949
-0.152501378338656 0.0565499053316721
-0.140385602411376 0.0707742248004383
-0.128248767270607 0.0856736270593039
-0.116092693560333 0.101204448008704
-0.103919204810509 0.117316578293079
-0.0917301271635194 0.133953178733964
-0.0795272891002329 0.151050632610302
-0.0673125211657164 0.168538702703663
-0.0550876556946339 0.186340858657937
-0.0428545265363791 0.20437474169893
-0.0306149687799789 0.222552737413591
-0.0183708184788136 0.240782631836159
-0.00612391237518933 0.258968330692781
0.00612391237518945 0.277010625831764
0.0183708184788137 0.294807996384979
0.030614968779979 0.312257435006871
0.0428545265363792 0.329255291660385
0.055087655694634 0.34569812895286
0.0673125211657166 0.361483584076357
0.079527289100233 0.376511233081322
0.0917301271635195 0.390683453604077
0.103919204810509 0.403906282356456
0.116092693560333 0.416090263733046
0.128248767270607 0.427151285846799
0.140385602411376 0.43701140020305
0.152501378338656 0.445599621091002
0.164594277567554 0.452852700627181
0.176662486044902 0.458715875237311
0.188704193421389 0.463143579215565
0.200717593323127 0.466100120852456
0.212700883622626 0.46756031646986
0.224652266709132 0.467510077534902
0.236569949758284 0.465946945831438
0.248452145001057 0.462880571433094
0.260297069991943 0.458333127927145
0.272102947876337 0.452339658964052
0.283868007657082 0.44494834973385
0.295590484460136 0.436220716381567
0.307268619799319 0.426231705662714
0.318900661840106 0.415069696317756
0.330484865662417 0.402836392753976
0.342019493522372 0.389646600759096
0.35350281511297 0.375627874307705
0.364933107823654 0.360920022350526
0.376308656998717 0.34567446525076
0.387627756194516 0.330053432912321
0.398888707435459 0.314229001534776
0.410089821468717 0.298381974467913
0.421229418017624 0.282700626105197
0.432305826033741 0.267379347322271
0.443317383947527 0.252617257210607
0.45426243991759 0.238616877970683
0.465139352078479 0.225583004554713
0.475946488786983 0.213721931144751
0.48668222886689 0.203241211737667
0.497344961852182 0.194350117389008
0.507933088228616 0.187260893106729
0.518445019673675 0.182190803928606
0.528879179294822 0.179364797542099
0.539234001866059 0.179018426440963
0.549507934062719 0.181400514357299
0.559699434694481 0.186774978464984
0.569806974936569 0.195421277601835
0.579829038559083 0.207633157223221
0.589764122154454 0.223715662807952
0.599610735362968 0.243980712536153
0.609367401096334 0.268741765073914
0.619032655759261 0.298308225051833
0.628605049469015 0.332980184554644
0.638083146272911 0.373043940313561
0.647465524363725 0.418768516730163
0.656750776292973 0.470403226276823
0.665937509182049 0.52817615195709
0.675024344931163 0.592293355432531
0.684009920426076 0.662938592195303
0.692892887742577 0.740273334067108
0.701671914348685 0.82443693994925
0.710345683304543 0.915546862550839
0.718912893459971 1.0136988218477
0.727372259649652 1.11896691048459
0.735722512885918 1.23140362109063
0.743962400549112 1.35103980148145
0.752090686575492 1.47788455280354
0.760106151642655 1.61192508979633
0.768007593352446 1.75312658321262
0.775793826411326 1.90143200336411
0.783463682808184 2.05676198167827
0.791016011989546 2.21901470467529
0.798449681032171 2.38806585226813
0.805763574812999 2.56376858995405
0.812956596176432 2.74595362239637
0.820027666098917 2.93442931411245
0.826975723850813 3.12898188147944
0.833799727155505 3.32937565901002
0.840498652345763 3.53535344180296
0.847071494517296 3.74663690519762
0.853517267679503 3.9629271019275
0.859835004903376 4.18390503644438
0.866023758466555 4.40923231554917
0.872082599995488 4.63855187399849
0.878010620604706 4.87148877334284
0.883806931033158 5.10765107188046
0.889470661777611 5.34663076327349
0.895000963223085 5.58800478106182
0.900397005770304 5.83133606602172
0.905657979960145 6.07617469304678
0.910783096595065 6.32205905397728
0.91577158685749 6.56851709256726
0.920622702425147 6.81506758755831
0.925335715583316 7.06122147962308
0.929909919334006 7.30648323775113
0.934344627502003 7.55035226047452
0.938639174837815 7.79232430717245
0.942792917117462 8.03189295455133
0.946805231239128 8.26855107327274
0.950675515316628 8.50179231959481
0.954403188769716 8.73111263680477
0.957987692411178 8.95601176115181
0.961428488530732 9.175994726941
0.964725060975707 9.39057336542021
0.96787691522849 9.59926779208508
0.970883578480743 9.80160787703973
0.97374459970437 9.99713469308659
0.976459549719234 10.1854019362738
0.979028021257622 10.3659773137068
0.981449629025464 10.5384438935299
0.983724009760315 10.7024014121022
0.985850822286126 10.857467533535
0.987829747564861 11.0032790569192
0.989660488745065 11.139493066756
0.991342771207583 11.2657880223081
0.992876342608822 11.381864781825
0.99426097292241 11.4874475578619
0.995496454481096 11.5822848002447
0.996582602023381 11.6661500037055
0.997519252756721 11.7388424380751
0.998306266473006 11.8001878010919
0.998943525843409 11.8500388013892
0.999430937466261 11.8882757147261
0.999768437409263 11.9148072063773
0.999956050018992 11.9295752602756
