-0.999956050018992 -0.28906436694947
-0.999768437409263 -0.288429182172423
-0.999430937466261 -0.287286880135312
-0.998943525843409 -0.285637978160711
-0.998306266473006 -0.283483581306156
-0.997519252756721 -0.280825207194731
-0.996582602023381 -0.277664798144671
-0.995496454481096 -0.274004755088146
-0.99426097292241 -0.269847980177392
-0.992876342608822 -0.265197925628011
-0.991342771207583 -0.260058647791254
-0.989660488745065 -0.254434865690938
-0.987829747564861 -0.248332023280988
-0.985850822286126 -0.241756354649979
-0.983724009760315 -0.2347149513595
-0.981449629025464 -0.227215831064827
-0.979028021257622 -0.219268006533217
-0.976459549719234 -0.210881554148316
-0.97374459970437 -0.202067680969831
-0.970883578480743 -0.192838789405788
-0.96787691522849 -0.183208538550901
-0.964725060975707 -0.173191901248807
-0.961428488530732 -0.162805215948271
-0.957987692411178 -0.152066232443975
-0.954403188769716 -0.140994150621032
-0.950675515316628 -0.129609651358876
-0.946805231239128 -0.117934918794326
-0.942792917117462 -0.105993653195384
-0.938639174837815 -0.0938110737561452
-0.934344627502003 -0.0814139106889148
-0.929909919334006 -0.0688303860616951
-0.925335715583316 -0.0560901829072873
-0.920622702425146 -0.0432244022136459
-0.91577158685749 -0.0302655074935224
-0.910783096595065 -0.0172472567240254
-0.905657979960145 -0.0042046215430161
-0.900397005770304 0.00882630631151001
-0.895000963223085 0.021808421231301
-0.889470661777611 0.0347037224461267
-0.883806931033158 0.0474734449155808
-0.878010620604707 0.0600782020054271
-0.872082599995488 0.0724781394460665
-0.866023758466554 0.0846330999686518
-0.859835004903376 0.0965027979144969
-0.853517267679503 0.108047003016466
-0.847071494517296 0.11922573245772
-0.840498652345763 0.129999450224285
-0.833799727155505 0.140329272684033
-0.826975723850813 0.150177179246601
-0.820027666098917 0.159506226887064
-0.812956596176432 0.168280767251506
-0.805763574812999 0.176466665005492
-0.798449681032171 0.184031516037453
-0.791016011989546 0.190944864088541
-0.783463682808184 0.197178414349048
-0.775793826411326 0.202706242539408
-0.768007593352446 0.207504997981383
-0.760106151642655 0.211554099162531
-0.752090686575492 0.214835920304699
-0.743962400549111 0.217335967465111
-0.735722512885918 0.219043042726782
-0.727372259649652 0.219949395073424
-0.718912893459971 0.220050856592625
-0.710345683304543 0.219346962709799
-0.701671914348685 0.217841055223922
-0.692892887742577 0.215540366994221
-0.684009920426076 0.212456087214282
-0.675024344931163 0.208603406306238
-0.665937509182049 0.204001539572201
-0.656750776292973 0.198673728852416
-0.647465524363725 0.192647221559209
-0.638083146272911 0.185953226581953
-0.628605049469015 0.178626846690335
-0.619032655759261 0.170706987200465
-0.609367401096334 0.162236240809984
-0.599610735362968 0.153260748653548
-0.589764122154454 0.143830037777983
-0.579829038559083 0.133996835386202
-0.569806974936569 0.123816860349713
-0.559699434694481 0.113348592640283
-0.549507934062719 0.102653021481239
-0.539234001866059 0.091793373166863
-0.528879179294822 0.0808348196436405
-0.518445019673675 0.0698441690886517
-0.507933088228616 0.0588895398573328
-0.497344961852182 0.0480400193042116
-0.48668222886689 0.0373653091052025
-0.475946488786983 0.0269353588277477
-0.465139352078479 0.0168199896046541
-0.45426243991759 0.00708850986822921
-0.443317383947527 -0.00219067480766496
-0.432305826033741 -0.01095045562922
-0.421229418017624 -0.0191254160697964
-0.410089821468716 -0.0266522266661593
-0.398888707435459 -0.0334700368212997
-0.387627756194516 -0.0395208612777494
-0.376308656998716 -0.0447499589046098
-0.364933107823654 -0.0491062014341498
-0.35350281511297 -0.0525424297899328
-0.342019493522371 -0.0550157956682459
-0.330484865662417 -0.0564880860681795
-0.318900661840106 -0.0569260285131035
-0.307268619799319 -0.0563015747674013
-0.295590484460136 -0.0545921609270521
-0.283868007657082 -0.0517809418507599
-0.272102947876337 -0.0478569979995103
-0.260297069991942 -0.0428155128663313
-0.248452145001057 -0.036657919304178
-0.236569949758284 -0.0293920131977347
-0.224652266709132 -0.0210320330739169
-0.212700883622626 -0.0115987044053141
-0.200717593323127 -0.00111924752998963
-0.188704193421389 0.0103726517108628
-0.176662486044902 0.0228369093297256
-0.164594277567554 0.0362271490630382
-0.152501378338656 0.0504908470744542
-0.140385602411376 0.0655695156058631
-0.128248767270607 0.0813989254821346
-0.116092693560333 0.0979093671636245
-0.103919204810509 0.115025949826627
-0.0917301271635194 0.132668937737263
-0.0795272891002329 0.150754122969937
-0.0673125211657164 0.169193233308609
-0.0550876556946339 0.187894373958868
-0.0428545265363791 0.206762501492396
-0.0306149687799789 0.22569992824387
-0.0183708184788136 0.244606855185004
-0.00612391237518933 0.26338193111219
0.00612391237518945 0.281922835804354
0.0183708184788137 0.300126884637034
0.030614968779979 0.317891651978546
0.0428545265363792 0.335115610545222
0.055087655694634 0.351698783756131
0.0673125211657166 0.367543408004191
0.079527289100233 0.382554601651046
0.0917301271635195 0.396641037458193
0.103919204810509 0.409715615087278
0.116092693560333 0.42169613023885
0.128248767270607 0.432505936951706
0.140385602411376 0.442074599554629
0.152501378338656 0.450338530749284
0.164594277567554 0.457241612307506
0.176662486044902 0.462735794888305
0.188704193421389 0.466781673519917
0.200717593323127 0.469349035349854
0.212700883622626 0.470417376341394
0.224652266709132 0.469976383687834
0.236569949758284 0.468026380826013
0.248452145001057 0.464578732057699
0.260297069991943 0.459656203930929
0.272102947876337 0.453293280692827
0.283868007657082 0.445536431300138
0.295590484460136 0.436444325663041
0.307268619799319 0.426087998000931
0.318900661840106 0.414550955404974
0.330484865662417 0.401929229930392
0.342019493522372 0.388331372780629
0.35350281511297 0.373878389394787
0.364933107823654 0.358703614507828
0.376308656998717 0.342952526518892
0.387627756194516 0.326782500775473
0.398888707435459 0.310362501658895
0.410089821468717 0.293872713638181
0.421229418017624 0.277504111743836
0.432305826033741 0.261457972198808
0.443317383947527 0.245945324229643
0.45426243991759 0.231186344365379
0.465139352078479 0.217409694813378
0.475946488786983 0.204851807779093
0.48668222886689 0.193756117869089
0.497344961852182 0.184372244982203
0.507933088228616 0.176955130351424
0.518445019673675 0.171764128647322
0.528879179294822 0.169062059291748
0.539234001866059 0.16911422035656
0.549507934062719 0.172187368635441
0.559699434694481 0.178548669676156
0.569806974936569 0.188464621744969
0.579829038559083 0.202199957863312
0.589764122154454 0.220016530208424
0.599610735362968 0.242172181303564
0.609367401096334 0.268919606538938
0.619032655759261 0.300505212660977
0.628605049469015 0.337167976944367
0.638083146272911 0.379138311818012
0.647465524363725 0.4266369397522
0.656750776292973 0.479873783229653
0.665937509182049 0.539046874617388
0.675024344931163 0.604341290729438
0.684009920426076 0.675928116822472
0.692892887742577 0.753963444697119
0.701671914348685 0.838587409487743
0.710345683304543 0.929923269612611
0.718912893459971 1.02807653422532
0.727372259649652 1.13313414235744
0.735722512885918 1.24516369777198
0.743962400549112 1.36421276335856
0.752090686575492 1.49030821869413
0.760106151642655 1.62345568416914
0.768007593352446 1.76363901483888
0.775793826411326 1.91081986690409
0.783463682808184 2.06493733945508
0.791016011989546 2.22590769383076
0.798449681032171 2.3936241526489
0.805763574812999 2.5679567802582
0.812956596176432 2.74875244604756
0.820027666098917 2.93583487172433
0.826975723850813 3.12900476334316
0.833799727155505 3.32804002853124
0.840498652345763 3.53269607901596
0.847071494517296 3.74270621821866
0.853517267679503 3.95778211333453
0.859835004903376 4.17761435097582
0.866023758466555 4.40187307511365
0.872082599995488 4.63020870571626
0.878010620604706 4.86225273614734
0.883806931033158 5.09761860706155
0.889470661777611 5.33590265421411
0.895000963223085 5.57668512729081
0.900397005770304 5.81953127656432
0.905657979960145 6.06399250389356
0.910783096595065 6.30960757430718
0.91577158685749 6.55590388414995
0.920622702425147 6.80239878152419
0.925335715583316 7.04860093452784
0.929909919334006 7.29401174257767
0.934344627502003 7.53812678591096
0.938639174837815 7.78043730818357
0.942792917117462 8.02043172692582
0.946805231239128 8.2575971664829
0.950675515316628 8.49142100795212
0.954403188769716 8.72139245053691
0.957987692411178 8.94700407866772
0.961428488530732 9.16775342919209
0.964725060975707 9.38314455291141
0.96787691522849 9.59268956474041
0.970883578480743 9.79591017678603
0.97374459970437 9.99233920868708
0.976459549719234 10.1815220696227
0.979028021257622 10.3630182064877
0.981449629025464 10.5364025128449
0.983724009760315 10.7012666933985
0.985850822286126 10.8572205788886
0.987829747564861 11.0038933864863
0.989660488745065 11.1409349209647
0.991342771207583 11.2680167121471
0.992876342608822 11.3848330843822
0.99426097292241 11.4911021540781
0.995496454481096 11.586566751681
0.996582602023381 11.670995264968
0.997519252756721 11.74418240141
0.998306266473006 11.8059498695608
0.998943525843409 11.8561469869976
0.999430937466261 11.8946512581043
0.999768437409263 11.9213692166203
0.999956050018992 11.936241400623
