-0.999956050018992 -0.300361598452233
-0.999768437409263 -0.299729468786414
-0.999430937466261 -0.298592244786622
-0.998943525843409 -0.296949733932711
-0.998306266473006 -0.294802027152468
-0.997519252756721 -0.292149338535968
-0.996582602023381 -0.288992035458242
-0.995496454481096 -0.285330694227573
-0.99426097292241 -0.281166167978296
-0.992876342608822 -0.276499664087006
-0.991342771207583 -0.271332829791654
-0.989660488745065 -0.265667844906609
-0.987829747564861 -0.259507520523056
-0.985850822286126 -0.252855402536556
-0.983724009760315 -0.245715878791911
-0.981449629025464 -0.238094288591032
-0.979028021257622 -0.229997033275431
-0.976459549719234 -0.221431686572179
-0.97374459970437 -0.212407103379782
-0.970883578480743 -0.202933525667018
-0.96787691522849 -0.193022684160581
-0.964725060975707 -0.182687894502985
-0.961428488530732 -0.171944146566699
-0.957987692411178 -0.160808185609206
-0.954403188769716 -0.149298583943418
-0.950675515316628 -0.137435801776134
-0.946805231239128 -0.125242235835716
-0.942792917117462 -0.112742254374859
-0.938639174837815 -0.0999622171079672
-0.934344627502003 -0.0869304786445314
-0.929909919334006 -0.0736773740349024
-0.925335715583316 -0.0602351851795974
-0.920622702425146 -0.0466380870900266
-0.91577158685749 -0.032922073337449
-0.910783096595065 -0.0191248604784413
-0.905657979960145 -0.0052857717658943
-0.900397005770304 0.00855439901086756
-0.895000963223085 0.0223535422330329
-0.889470661777611 0.0360684040225465
-0.883806931033158 0.0496547727986883
-0.878010620604707 0.0630676789313142
-0.872082599995488 0.0762616057454918
-0.866023758466554 0.0891907103793863
-0.859835004903376 0.101809053276519
-0.853517267679503 0.114070835336449
-0.847071494517296 0.125930641903477
-0.840498652345763 0.137343692816247
-0.833799727155505 0.148266097673648
-0.826975723850813 0.158655115316123
-0.820027666098917 0.168469416309394
-0.812956596176432 0.177669346984605
-0.805763574812999 0.186217193365179
-0.798449681032171 0.194077443117955
-0.791016011989546 0.201217043517105
-0.783463682808184 0.207605653308715
-0.775793826411326 0.213215886310862
-0.768007593352446 0.218023544574206
-0.760106151642655 0.222007838955801
-0.752090686575492 0.225151595017858
-0.743962400549111 0.22744144224836
-0.735722512885918 0.228867984707012
-0.727372259649652 0.229425951324753
-0.718912893459971 0.229114324225068
-0.710345683304543 0.227936443588813
-0.701671914348685 0.225900087749491
-0.692892887742577 0.223017527381689
-0.684009920426076 0.219305552830467
-0.675024344931163 0.214785473822728
-0.665937509182049 0.209483091001811
-0.656750776292973 0.203428638932331
-0.647465524363725 0.196656700432385
-0.638083146272911 0.189206092303019
-0.628605049469015 0.181119722738792
-0.619032655759261 0.172444420916786
-0.609367401096334 0.16323073947266
-0.599610735362968 0.153532730779891
-0.589764122154454 0.143407698150177
-0.579829038559083 0.132915923267777
-0.569806974936569 0.122120371356347
-0.559699434694481 0.111086375752225
-0.549507934062719 0.0998813037213586
-0.539234001866059 0.0885742055064854
-0.528879179294822 0.0772354487250756
-0.518445019673675 0.0659363403548855
-0.507933088228616 0.0547487386405962
-0.497344961852182 0.0437446573292779
-0.48668222886689 0.0329958646913318
-0.475946488786983 0.0225734798035456
-0.465139352078479 0.0125475685581604
-0.45426243991759 0.00298674181259953
-0.443317383947527 -0.00604224199423297
-0.432305826033741 -0.0144748675621045
-0.421229418017624 -0.0222492447549614
-0.410089821468716 -0.0293064800934758
-0.398888707435459 -0.0355910360767979
-0.387627756194516 -0.0410510768733233
-0.376308656998716 -0.0456387990336328
-0.364933107823654 -0.0493107458798826
-0.35350281511297 -0.052028104070826
-0.342019493522371 -0.0537569805069555
-0.330484865662417 -0.0544686572434576
-0.318900661840106 -0.0541398214949431
-0.307268619799319 -0.0527527672813891
-0.295590484460136 -0.0502955649562879
-0.283868007657082 -0.0467621949470577
-0.272102947876337 -0.0421526426282598
-0.260297069991942 -0.0364729523224527
-0.248452145001057 -0.0297352398242167
-0.236569949758284 -0.0219576643069781
-0.224652266709132 -0.0131643617100668
-0.212700883622626 -0.00338534249091757
-0.200717593323127 0.00734364312757536
-0.188704193421389 0.0189812695277931
-0.176662486044902 0.0314808273686552
-0.164594277567554 0.0447904409307209
-0.152501378338656 0.0588533101393353
-0.140385602411376 0.073607976722303
-0.128248767270607 0.0889886141866338
-0.116092693560333 0.104925341316707
-0.103919204810509 0.121344558753295
-0.0917301271635194 0.138169307970712
-0.0795272891002329 0.15531965168446
-0.0673125211657164 0.172713074437133
-0.0550876556946339 0.190264901853559
-0.0428545265363791 0.207888736841336
-0.0306149687799789 0.22549691084423
-0.0183708184788136 0.243000948131756
-0.00612391237518933 0.260312041023609
0.00612391237518945 0.277341533896855
0.0183708184788137 0.294001413800996
0.030614968779979 0.310204805506511
0.0428545265363792 0.325866468832143
0.055087655694634 0.340903296131952
0.0673125211657166 0.355234807872621
0.079527289100233 0.368783644292666
0.0917301271635195 0.381476051206634
0.103919204810509 0.393242358097434
0.116092693560333 0.404017446727583
0.128248767270607 0.413741208593729
0.140385602411376 0.422358989647225
0.152501378338656 0.429822020805098
0.164594277567554 0.436087832879147
0.176662486044902 0.441120654654437
0.188704193421389 0.44489179295057
0.200717593323127 0.447379993598246
0.212700883622626 0.448571782358163
0.224652266709132 0.448461784897777
0.236569949758284 0.447053025022529
0.248452145001057 0.44435720043055
0.260297069991943 0.440394935322689
0.272102947876337 0.435196009252048
0.283868007657082 0.428799561638752
0.295590484460136 0.421254271405983
0.307268619799319 0.412618511212682
0.318900661840106 0.402960475766923
0.330484865662417 0.392358283702472
0.342019493522372 0.380900052490055
0.35350281511297 0.368683945834937
0.364933107823654 0.355818192983707
0.376308656998717 0.342421079324987
0.387627756194516 0.328620907619106
0.398888707435459 0.314555929126583
0.410089821468717 0.300374243817891
0.421229418017624 0.286233668727968
0.432305826033741 0.27230157335675
0.443317383947527 0.258754680799612
0.45426243991759 0.245778833012356
0.465139352078479 0.233568718279509
0.475946488786983 0.222327558591926
0.48668222886689 0.212266754314472
0.497344961852182 0.203605483343343
0.507933088228616 0.196570252055109
0.518445019673675 0.191394395875407
0.528879179294822 0.188317528323201
0.539234001866059 0.187584938858937
0.549507934062719 0.189446941534406
0.559699434694481 0.19415817789024
0.569806974936569 0.201976878303347
0.579829038559083 0.213164085726365
0.589764122154454 0.227982844485222
0.599610735362968 0.246697354889842
0.609367401096334 0.269572092495884
0.619032655759261 0.296870889553507
0.628605049469015 0.328855975860203
0.638083146272911 0.365786976907718
0.647465524363725 0.407919868592171
0.656750776292973 0.455505889430555
0.665937509182049 0.508790412827896
0.675024344931163 0.568011783240902
0.684009920426076 0.633400121013317
0.692892887742577 0.705176101255015
0.701671914348685 0.783549712494175
0.710345683304543 0.868719001049385
0.718912893459971 0.96086880722488
0.727372259649652 1.0601694995779
0.735722512885918 1.1667757136661
0.743962400549112 1.28082510186084
0.752090686575492 1.40243710100292
0.760106151642655 1.5317117248704
0.768007593352446 1.66872838861068
0.775793826411326 1.81354477245065
0.783463682808184 1.96619573212805
0.791016011989546 2.12669226357797
0.798449681032171 2.29502052945328
0.805763574812999 2.47114095505275
0.812956596176432 2.65498740117217
0.820027666098917 2.84646642127884
0.826975723850813 3.04545661023812
0.833799727155505 3.25180805158906
0.840498652345763 3.46534187007677
0.847071494517296 3.68584989579935
0.853517267679503 3.91309444591965
0.859835004903376 4.14680822942698
0.866023758466555 4.38669437991172
0.872082599995488 4.63242662074087
0.878010620604706 4.88364956639443
0.883806931033158 5.13997916304629
0.889470661777611 5.40100327075111
0.895000963223085 5.6662823888345
0.900397005770304 5.93535052528217
0.905657979960145 6.20771621008863
0.910783096595065 6.4828636516635
0.91577158685749 6.76025403450792
0.920622702425147 7.03932695547163
0.925335715583316 7.31950199498879
0.929909919334006 7.60018041877418
0.934344627502003 7.88074700454734
0.938639174837815 8.16057198744903
0.942792917117462 8.43901311692638
0.946805231239128 8.71541781700086
0.950675515316628 8.98912544100155
0.954403188769716 9.25946961105347
0.957987692411178 9.52578063186394
0.961428488530732 9.78738796765638
0.964725060975707 10.0436227704669
0.96787691522849 10.2938204474518
0.970883578480743 10.5373232543583
0.97374459970437 10.7734829018952
0.976459549719234 11.0016631614051
0.979028021257622 11.2212424559963
0.981449629025464 11.4316164231368
0.983724009760315 11.632200434656
0.985850822286126 11.8224320601399
0.987829747564861 12.0017734598428
0.989660488745065 12.1697136934851
0.991342771207583 12.3257709316471
0.992876342608822 12.4694945569282
0.99426097292241 12.6004671426135
0.995496454481096 12.7183062973154
0.996582602023381 12.8226663650307
0.997519252756721 12.9132399715831
0.998306266473006 12.9897594116459
0.998943525843409 13.051997880501
0.999430937466261 13.0997705997107
0.999768437409263 13.1329361990468
0.999956050018992 13.1514031548182
