-0.999956050018992 -0.286585962572719
-0.999768437409263 -0.286039299261776
-0.999430937466261 -0.28505560031378
-0.998943525843409 -0.283634302671892
-0.998306266473006 -0.281774914321748
-0.997519252756721 -0.279476878130544
-0.996582602023381 -0.27673960110905
-0.995496454481096 -0.273562506548348
-0.99426097292241 -0.26994509757266
-0.992876342608822 -0.265887029781304
-0.991342771207583 -0.261388191862696
-0.989660488745065 -0.256448793244275
-0.987829747564861 -0.251069457833028
-0.985850822286126 -0.245251322851332
-0.983724009760315 -0.238996141716884
-0.981449629025464 -0.232306389863212
-0.979028021257622 -0.225185372352167
-0.976459549719234 -0.217637332093193
-0.97374459970437 -0.209667557456966
-0.970883578480743 -0.201282488053372
-0.96787691522849 -0.192489817436352
-0.964725060975707 -0.183298591500662
-0.961428488530732 -0.173719301348558
-0.957987692411178 -0.163763969427432
-0.954403188769716 -0.153446227772675
-0.950675515316628 -0.142781387233237
-0.946805231239128 -0.13178649661025
-0.942792917117462 -0.120480390701431
-0.938639174837815 -0.108883726315333
-0.934344627502003 -0.0970190053994274
-0.929909919334006 -0.0849105845140193
-0.925335715583316 -0.0725846699794605
-0.920622702425146 -0.060069298126415
-0.91577158685749 -0.0473943001874161
-0.910783096595065 -0.0345912514818062
-0.905657979960145 -0.021693404664653
-0.900397005770304 -0.00873560693251016
-0.895000963223085 0.00424579879586619
-0.889470661777611 0.0172130885784442
-0.883806931033158 0.0301272877546735
-0.878010620604707 0.0429483164535707
-0.872082599995488 0.0556351497747093
-0.866023758466554 0.0681459919853684
-0.859835004903376 0.0804384639533796
-0.853517267679503 0.0924698029149807
-0.847071494517296 0.104197073561168
-0.840498652345763 0.115577389315531
-0.833799727155505 0.126568142572161
-0.826975723850813 0.137127242564844
-0.820027666098917 0.147213359449111
-0.812956596176432 0.15678617309753
-0.805763574812999 0.165806625036708
-0.798449681032171 0.174237171892241
-0.791016011989546 0.182042038656093
-0.783463682808184 0.189187470049945
-0.775793826411326 0.195641978228456
-0.768007593352446 0.201376585048443
-0.760106151642655 0.206365057124003
-0.752090686575492 0.210584131893813
-0.743962400549111 0.214013732945345
-0.735722512885918 0.216637172871572
-0.727372259649652 0.218441341978936
-0.718912893459971 0.219416881220704
-0.710345683304543 0.219558337797253
-0.701671914348685 0.218864301943917
-0.692892887742577 0.217337523517532
-0.684009920426076 0.214985007094251
-0.675024344931163 0.211818084403039
-0.665937509182049 0.207852463040934
-0.656750776292973 0.203108250547061
-0.647465524363725 0.197609953051678
-0.638083146272911 0.191386447863526
-0.628605049469015 0.184470929512604
-0.619032655759261 0.176900828925207
-0.609367401096334 0.168717705572824
-0.599610735362968 0.159967112605221
-0.589764122154454 0.150698435149755
-0.579829038559083 0.140964702132599
-0.569806974936569 0.130822372152064
-0.559699434694481 0.120331094108447
-0.549507934062719 0.109553443467744
-0.539234001866059 0.098554635207042
-0.528879179294822 0.0874022146562999
-0.518445019673675 0.0761657276135216
-0.507933088228616 0.0649163712668636
-0.497344961852182 0.0537266276070412
-0.48668222886689 0.0426698811553928
-0.475946488786983 0.0318200229662397
-0.465139352078479 0.0212510429857171
-0.45426243991759 0.0110366129622458
-0.443317383947527 0.00124966220535262
-0.432305826033741 -0.00803805142106651
-0.421229418017624 -0.0167563728084774
-0.410089821468716 -0.0248371806909145
-0.398888707435459 -0.0322148159352607
-0.387627756194516 -0.0388265044259029
-0.376308656998716 -0.0446127719156942
-0.364933107823654 -0.0495178482110727
-0.35350281511297 -0.053490058070584
-0.342019493522371 -0.0564821962230776
-0.330484865662417 -0.058451883954533
-0.318900661840106 -0.0593619047707562
-0.307268619799319 -0.0591805167169702
-0.295590484460136 -0.0578817390242963
-0.283868007657082 -0.0554456108570375
-0.272102947876337 -0.0518584200530576
-0.260297069991942 -0.0471128998819104
-0.248452145001057 -0.0412083919911476
-0.236569949758284 -0.0341509738696887
-0.224652266709132 -0.025953549327589
-0.212700883622626 -0.0166359006731029
-0.200717593323127 -0.00622470145974593
-0.188704193421389 0.00524651112287509
-0.176662486044902 0.0177374049313767
-0.164594277567554 0.0312009631245159
-0.152501378338656 0.0455836362706789
-0.140385602411376 0.0608255363575659
-0.128248767270607 0.0768606725237467
-0.116092693560333 0.0936172280983873
-0.103919204810509 0.111017878300975
-0.0917301271635194 0.128980147718561
-0.0795272891002329 0.147416806445141
-0.0673125211657164 0.166236303537724
-0.0550876556946339 0.185343236217497
-0.0428545265363791 0.204638853023776
-0.0306149687799789 0.224021588914197
-0.0183708184788136 0.243387630098219
-0.00612391237518933 0.26263150619358
0.00612391237518945 0.28164670710813
0.0183708184788137 0.300326321873417
0.030614968779979 0.318563696492765
0.0428545265363792 0.336253107716184
0.055087655694634 0.35329044951833
0.0673125211657166 0.369573928934697
0.079527289100233 0.385004767806088
0.0917301271635195 0.399487906892848
0.103919204810509 0.412932708749008
0.116092693560333 0.425253655692892
0.128248767270607 0.436371039175348
0.140385602411376 0.446211636829857
0.152501378338656 0.45470937349076
0.164594277567554 0.461805962486672
0.176662486044902 0.467451523556059
0.188704193421389 0.471605173790797
0.200717593323127 0.474235588091236
0.212700883622626 0.475321525712538
0.224652266709132 0.474852319596627
0.236569949758284 0.472828325316418
0.248452145001057 0.469261326608683
0.260297069991943 0.464174894638259
0.272102947876337 0.457604698318639
0.283868007657082 0.449598763211529
0.295590484460136 0.440217676739829
0.307268619799319 0.429534737673744
0.318900661840106 0.417636048087338
0.330484865662417 0.404620546231784
0.342019493522372 0.390599979030582
0.35350281511297 0.375698813170032
0.364933107823654 0.360054084033924
0.376308656998717 0.343815182013517
0.387627756194516 0.32714357601104
0.398888707435459 0.310212474245859
0.410089821468717 0.293206422765675
0.421229418017624 0.276320842359327
0.432305826033741 0.259761504861484
0.443317383947527 0.243743950131392
0.45426243991759 0.228492845276431
0.465139352078479 0.214241287975217
0.475946488786983 0.201230056032851
0.48668222886689 0.189706805571554
0.497344961852182 0.179925220521726
0.507933088228616 0.172144116330443
0.518445019673675 0.166626501045107
0.528879179294822 0.163638597158351
0.539234001866059 0.163448827815166
0.549507934062719 0.166326771183577
0.559699434694481 0.172542086974964
0.569806974936569 0.182363419268436
0.579829038559083 0.196057279944733
0.589764122154454 0.213886917167984
0.599610735362968 0.236111173467878
0.609367401096334 0.262983338069554
0.619032655759261 0.294749998193487
0.628605049469015 0.331649894102208
0.638083146272911 0.373912782704806
0.647465524363725 0.42175831454319
0.656750776292973 0.475394928976397
0.665937509182049 0.535018772350253
0.675024344931163 0.600812643889942
0.684009920426076 0.672944973982337
0.692892887742577 0.751568839423716
0.701671914348685 0.836821020096984
0.710345683304543 0.928821101411234
0.718912893459971 1.02767062668581
0.727372259649652 1.1334523034918
0.735722512885918 1.24622926777639
0.743962400549112 1.36604440939106
0.752090686575492 1.49291976242355
0.760106151642655 1.62685596349682
0.768007593352446 1.76783178094742
0.775793826411326 1.91580371753097
0.783463682808184 2.07070568902556
0.791016011989546 2.23244878081582
0.798449681032171 2.40092108424189
0.805763574812999 2.57598761419108
0.812956596176432 2.75749030909496
0.820027666098917 2.94524811417433
0.826975723850813 3.13905714844887
0.833799727155505 3.3386909556991
0.840498652345763 3.54390083923747
0.847071494517296 3.75441628001305
0.853517267679503 3.9699454372434
0.859835004903376 4.19017573043778
0.866023758466555 4.41477450134984
0.872082599995488 4.64338975407703
0.878010620604706 4.87565097120865
0.883806931033158 5.11117000361678
0.889470661777611 5.34954203118512
0.895000963223085 5.59034659148161
0.900397005770304 5.83314867310243
0.905657979960145 6.07749987014868
0.910783096595065 6.32293959404484
0.91577158685749 6.56899633866899
0.920622702425147 6.81518899454216
0.925335715583316 7.06102820761696
0.929909919334006 7.30601777801563
0.934344627502003 7.549656093896
0.938639174837815 7.79143759546976
0.942792917117462 8.03085426406346
0.946805231239128 8.26739713099754
0.950675515316628 8.50055780096465
0.954403188769716 8.72982998451404
0.957987692411178 8.95471103419581
0.961428488530732 9.17470347888692
0.964725060975707 9.38931655080967
0.96787691522849 9.59806769976405
0.970883578480743 9.80048408912687
0.97374459970437 9.99610406822331
0.976459549719234 10.1844786157503
0.979028021257622 10.3651727490259
0.981449629025464 10.5377668939526
0.983724009760315 10.7018582107194
0.985850822286126 10.8570618704196
0.987829747564861 11.003012277938
0.989660488745065 11.1393642366531
0.991342771207583 11.2657940507181
0.992876342608822 11.3820005609194
0.99426097292241 11.4877061103909
0.995496454481096 11.5826574367934
0.996582602023381 11.6666264880439
0.997519252756721 11.7394111595423
0.998306266473006 11.8008359530164
0.998943525843409 11.850752564616
0.999430937466261 11.8890404454314
0.999768437409263 11.9156076277969
0.999956050018992 11.9303956632243
