-0.999956050018992 0.287761065107241
-0.999768437409263 0.28725922521398
-0.999430937466261 0.28635994947767
-0.998943525843409 0.285069134768933
-0.998306266473006 0.283395509007452
-0.997519252756721 0.281350413443482
-0.996582602023381 0.278947709906738
-0.995496454481096 0.276203682791694
-0.99426097292241 0.273136926380525
-0.992876342608822 0.269768216708125
-0.991342771207583 0.266120368477277
-0.989660488745065 0.26221807787819
-0.987829747564861 0.258087752325473
-0.985850822286126 0.25375732823385
-0.983724009760315 0.249256078042143
-0.981449629025464 0.244614407771265
-0.979028021257622 0.239863646468493
-0.976459549719234 0.235035828947505
-0.97374459970437 0.230163473281643
-0.970883578480743 0.225279354546421
-0.96787691522849 0.220416276336153
-0.964725060975707 0.215606841598719
-0.961428488530732 0.210883224341592
-0.957987692411178 0.20627694376139
-0.954403188769716 0.201818642338304
-0.950675515316628 0.197537869415812
-0.946805231239128 0.193462871755314
-0.942792917117462 0.189620392514708
-0.938639174837815 0.186035480049904
-0.934344627502003 0.182731307878907
-0.929909919334006 0.179729007079944
-0.925335715583316 0.177047512318311
-0.920622702425146 0.174703422611913
-0.91577158685749 0.172710877853075
-0.910783096595065 0.171081452004867
-0.905657979960145 0.169824063784419
-0.900397005770304 0.168944905534115
-0.895000963223085 0.168447390864925
-0.889470661777611 0.16833212153501
-0.883806931033158 0.168596873902008
-0.878010620604707 0.169236605159778
-0.872082599995488 0.170243479440566
-0.866023758466554 0.171606913732507
-0.859835004903376 0.17331364343078
-0.853517267679503 0.175347807209455
-0.847071494517296 0.177691050770962
-0.840498652345763 0.180322648901968
-0.833799727155505 0.183219645139053
-0.826975723850813 0.186357008225822
-0.820027666098917 0.189707804425674
-0.812956596176432 0.19324338464217
-0.805763574812999 0.196933585192572
-0.798449681032171 0.200746940980297
-0.791016011989546 0.204650909719498
-0.783463682808184 0.208612105780286
-0.775793826411326 0.212596542146988
-0.768007593352446 0.216569878914582
-0.760106151642655 0.220497676690872
-0.752090686575492 0.224345653224199
-0.743962400549111 0.228079941539141
-0.735722512885918 0.231667347835865
-0.727372259649652 0.235075607393016
-0.718912893459971 0.238273636709234
-0.710345683304543 0.241231780124903
-0.701671914348685 0.243922049183519
-0.692892887742577 0.246318353021068
-0.684009920426076 0.248396718112143
-0.675024344931163 0.250135495752777
-0.665937509182049 0.251515555722205
-0.656750776292973 0.252520464638511
-0.647465524363725 0.253136647606098
-0.638083146272911 0.253353531845775
-0.628605049469015 0.253163671100402
-0.619032655759261 0.252562849720076
-0.609367401096334 0.251550165450067
-0.599610735362968 0.250128090071579
-0.589764122154454 0.248302507179147
-0.579829038559083 0.246082726518412
-0.569806974936569 0.243481474453268
-0.559699434694481 0.240514860281268
-0.549507934062719 0.237202318269631
-0.539234001866059 0.233566525440583
-0.528879179294822 0.229633295292916
-0.518445019673675 0.22543144780582
-0.507933088228616 0.220992656230192
-0.497344961852182 0.216351271330749
-0.48668222886689 0.211544123898547
-0.475946488786983 0.206610306506796
-0.465139352078479 0.201590935632334
-0.45426243991759 0.196528895409767
-0.443317383947527 0.191468564424196
-0.432305826033741 0.186455527080717
-0.421229418017624 0.181536271213608
-0.410089821468716 0.176757873714549
-0.398888707435459 0.172167676066379
-0.387627756194516 0.167812951766232
-0.376308656998716 0.163740567708558
-0.364933107823654 0.159996641673872
-0.35350281511297 0.156626198132618
-0.342019493522371 0.153672824624567
-0.330484865662417 0.151178331012346
-0.318900661840106 0.149182413932608
-0.307268619799319 0.147722328779579
-0.295590484460136 0.146832571553138
-0.283868007657082 0.146544572886884
-0.272102947876337 0.146886406540854
-0.260297069991942 0.147882514598517
-0.248452145001057 0.149553451548607
-0.236569949758284 0.151915649359226
-0.224652266709132 0.154981205564862
-0.212700883622626 0.158757696286648
-0.200717593323127 0.163248015992915
-0.188704193421389 0.168450245681108
-0.176662486044902 0.174357551024203
-0.164594277567554 0.180958111875318
-0.152501378338656 0.188235084364049
-0.140385602411376 0.196166596647914
-0.128248767270607 0.204725779202922
-0.116092693560333 0.21388083034969
-0.103919204810509 0.223595117516529
-0.0917301271635194 0.233827314539632
-0.0795272891002329 0.244531575093805
-0.0673125211657164 0.255657742136375
-0.0550876556946339 0.267151593032887
-0.0428545265363791 0.278955119817315
-0.0306149687799789 0.291006843822807
-0.0183708184788136 0.303242163702685
-0.00612391237518933 0.315593735646836
0.00612391237518945 0.327991884386784
0.0183708184788137 0.34036504337507
0.030614968779979 0.352640222322065
0.0428545265363792 0.36474350007743
0.055087655694634 0.376600540655078
0.0673125211657166 0.388137130020956
0.079527289100233 0.399279731093404
0.0917301271635195 0.409956054247144
0.103919204810509 0.4200956404654
0.116092693560333 0.429630454150993
0.128248767270607 0.438495482487548
0.140385602411376 0.446629338137004
0.152501378338656 0.453974861970216
0.164594277567554 0.460479722454325
0.176662486044902 0.466097008264281
0.188704193421389 0.470785810647202
0.200717593323127 0.474511792047277
0.212700883622626 0.477247737496418
0.224652266709132 0.478974085291799
0.236569949758284 0.479679433516166
0.248452145001057 0.479361019010394
0.260297069991943 0.478025165480182
0.272102947876337 0.475687697509906
0.283868007657082 0.472374317366332
0.295590484460136 0.468120941602744
0.307268619799319 0.462973994619697
0.318900661840106 0.456990656501599
0.330484865662417 0.450239062627899
0.342019493522372 0.442798452753357
0.35350281511297 0.434759267462639
0.364933107823654 0.426223190129652
0.376308656998717 0.417303132750507
0.387627756194516 0.408123164269823
0.398888707435459 0.39881838028205
0.410089821468717 0.389534713261514
0.421229418017624 0.380428682755567
0.432305826033741 0.371667085263447
0.443317383947527 0.36342662381761
0.45426243991759 0.355893477583188
0.465139352078479 0.349262812093262
0.475946488786983 0.343738231041375
0.48668222886689 0.339531170856665
0.497344961852182 0.336860239589564
0.507933088228616 0.335950501935753
0.518445019673675 0.337032712521307
0.528879179294822 0.340342499861363
0.539234001866059 0.346119503686432
0.549507934062719 0.354606468603411
0.559699434694481 0.366048297320767
0.569806974936569 0.380691066917903
0.579829038559083 0.398781011876058
0.589764122154454 0.420563477810755
0.599610735362968 0.44628185005267
0.609367401096334 0.476176461413507
0.619032655759261 0.51048348364508
0.628605049469015 0.549433807252024
0.638083146272911 0.593251914450655
0.647465524363725 0.642154750177438
0.656750776292973 0.69635059613963
0.665937509182049 0.756037952967136
0.675024344931163 0.821404435568084
0.684009920426076 0.892625686810378
0.692892887742577 0.969864314647418
0.701671914348685 1.05326885777783
0.710345683304543 1.14297278487656
0.718912893459971 1.23909353235774
0.727372259649652 1.3417315855289
0.735722512885918 1.45096960787091
0.743962400549112 1.56687162302996
0.752090686575492 1.68948225393595
0.760106151642655 1.81882602326806
0.768007593352446 1.95490671927217
0.775793826411326 2.0977068306985
0.783463682808184 2.24718705437069
0.791016011989546 2.40328587862252
0.798449681032171 2.56591924554446
0.805763574812999 2.73498029467262
0.812956596176432 2.91033919042719
0.820027666098917 3.09184303526845
0.826975723850813 3.27931587018683
0.833799727155505 3.47255876378137
0.840498652345763 3.67134999080932
0.847071494517296 3.87544530071064
0.853517267679503 4.0845782762265
0.859835004903376 4.29846078184188
0.866023758466555 4.51678350139148
0.872082599995488 4.7392165637766
0.878010620604706 4.96541025535051
0.883806931033158 5.19499581714308
0.889470661777611 5.42758632471368
0.895000963223085 5.66277764804625
0.900397005770304 5.90014948853443
0.905657979960145 6.13926648974849
0.910783096595065 6.37967941833249
0.91577158685749 6.6209264110498
0.920622702425147 6.86253428368093
0.925335715583316 7.10401989717986
0.929909919334006 7.34489157621622
0.934344627502003 7.584650574971
0.938639174837815 7.82279258481604
0.942792917117462 8.05880927829081
0.946805231239128 8.29218988359852
0.950675515316628 8.52242278367511
0.954403188769716 8.74899713374253
0.957987692411178 8.97140449114069
0.961428488530732 9.1891404511435
0.964725060975707 9.40170628240139
0.96787691522849 9.60861055561834
0.970883578480743 9.80937075906463
0.97374459970437 10.0035148945478
0.976459549719234 10.1905830475139
0.979028021257622 10.3701289250291
0.981449629025464 10.541721355496
0.983724009760315 10.7049457440937
0.985850822286126 10.8594054780898
0.987829747564861 11.0047232763592
0.989660488745065 11.1405424776622
0.991342771207583 11.2665282624727
0.992876342608822 11.3823688034254
0.99426097292241 11.4877763397645
0.995496454481096 11.5824881715587
0.996582602023381 11.6662675699757
0.997519252756721 11.7389046008318
0.998306266473006 11.8002168608642
0.998943525843409 11.8500501337486
0.999430937466261 11.8882790084507
0.999768437409263 11.9148077524284
0.999956050018992 11.9295752799593
