-0.999956050018992 0.300361651805857
-0.999768437409263 0.299730948623551
-0.999430937466261 0.29860116822814
-0.998943525843409 0.296980422016647
-0.998306266473006 0.294880674821723
-0.997519252756721 0.29231745415532
-0.996582602023381 0.28930971167093
-0.995496454481096 0.285879673438416
-0.99426097292241 0.282052667578896
-0.992876342608822 0.277856928679356
-0.991342771207583 0.273323380097495
-0.989660488745065 0.268485395748093
-0.987829747564861 0.26337854320087
-0.985850822286126 0.258040310087451
-0.983724009760315 0.252509815949947
-0.981449629025464 0.246827511775618
-0.979028021257622 0.241034869553807
-0.976459549719234 0.235174064263421
-0.97374459970437 0.229287650751704
-0.970883578480743 0.223418237998034
-0.96787691522849 0.21760816326983
-0.964725060975707 0.211899168671678
-0.961428488530732 0.206332082563726
-0.957987692411178 0.200946508281621
-0.954403188769716 0.195780522528443
-0.950675515316628 0.190870385729771
-0.946805231239128 0.186250266547087
-0.942792917117462 0.181951982633015
-0.938639174837815 0.178004759585358
-0.934344627502003 0.17443500991665
-0.929909919334006 0.171266133703033
-0.925335715583316 0.168518342411902
-0.920622702425146 0.166208507233135
-0.91577158685749 0.164350033055146
-0.910783096595065 0.162952759035683
-0.905657979960145 0.162022886519607
-0.900397005770304 0.161562934853197
-0.895000963223085 0.161571725438058
-0.889470661777611 0.162044394159014
-0.883806931033158 0.162972432110658
-0.878010620604707 0.164343754337916
-0.872082599995488 0.166142796098554
-0.866023758466554 0.168350635951199
-0.859835004903376 0.170945144772676
-0.853517267679503 0.173901159614582
-0.847071494517296 0.177190681122352
-0.840498652345763 0.18078309306195
-0.833799727155505 0.184645402331082
-0.826975723850813 0.188742497674609
-0.820027666098917 0.193037425179008
-0.812956596176432 0.1974916784893
-0.805763574812999 0.202065501575009
-0.798449681032171 0.206718201770453
-0.791016011989546 0.211408470729888
-0.783463682808184 0.216094710870573
-0.775793826411326 0.220735364827483
-0.768007593352446 0.225289245412628
-0.760106151642655 0.229715863560373
-0.752090686575492 0.233975751747969
-0.743962400549111 0.23803078040792
-0.735722512885918 0.241844464895859
-0.727372259649652 0.245382260644008
-0.718912893459971 0.248611844215799
-0.710345683304543 0.251503378081248
-0.701671914348685 0.25402975705449
-0.692892887742577 0.256166834473621
-0.684009920426076 0.25789362635757
-0.675024344931163 0.25919249194392
-0.665937509182049 0.260049289193992
-0.656750776292973 0.260453504045578
-0.647465524363725 0.260398352397831
-0.638083146272911 0.259880854025087
-0.628605049469015 0.258901877835132
-0.619032655759261 0.257466158110462
-0.609367401096334 0.255582281596641
-0.599610735362968 0.253262645527776
-0.589764122154454 0.250523386903412
-0.579829038559083 0.247384283551908
-0.569806974936569 0.24386862773047
-0.559699434694481 0.240003073219772
-0.549507934062719 0.235817457069632
-0.539234001866059 0.231344597339864
-0.528879179294822 0.226620068355693
-0.518445019673675 0.2216819551586
-0.507933088228616 0.216570588979955
-0.497344961852182 0.211328265695208
-0.48668222886689 0.205998949329984
-0.475946488786983 0.200627962785356
-0.465139352078479 0.195261668027541
-0.45426243991759 0.189947138046818
-0.443317383947527 0.184731822931684
-0.432305826033741 0.179663212427062
-0.421229418017624 0.17478849735017
-0.410089821468716 0.170154232224729
-0.398888707435459 0.165806001464261
-0.387627756194516 0.161788091388835
-0.376308656998716 0.158143170297794
-0.364933107823654 0.154911978744502
-0.35350281511297 0.152133032069116
-0.342019493522371 0.149842337142896
-0.330484865662417 0.148073125163753
-0.318900661840106 0.146855602218827
-0.307268619799319 0.146216719197083
-0.295590484460136 0.146179962494495
-0.283868007657082 0.146765166807539
-0.272102947876337 0.147988351158748
-0.260297069991942 0.149861579142091
-0.248452145001057 0.1523928442173
-0.236569949758284 0.155585980721892
-0.224652266709132 0.159440601108869
-0.212700883622626 0.163952059757893
-0.200717593323127 0.169111443549111
-0.188704193421389 0.174905589232915
-0.176662486044902 0.18131712747649
-0.164594277567554 0.188324553320107
-0.152501378338656 0.195902322633539
-0.140385602411376 0.20402097402646
-0.128248767270607 0.21264727553715
-0.116092693560333 0.221744395301794
-0.103919204810509 0.231272095292903
-0.0917301271635194 0.241186947110492
-0.0795272891002329 0.251442568714087
-0.0673125211657164 0.261989880897958
-0.0550876556946339 0.272777382236557
-0.0428545265363791 0.283751441162304
-0.0306149687799789 0.294856603783858
-0.0183708184788136 0.306035916010001
-0.00612391237518933 0.317231258512272
0.00612391237518945 0.328383693038536
0.0183708184788137 0.339433818579443
0.030614968779979 0.350322135890157
0.0428545265363792 0.360989418880186
0.055087655694634 0.371377091404212
0.0673125211657166 0.381427608015805
0.079527289100233 0.391084837282977
0.0917301271635195 0.400294446308798
0.103919204810509 0.409004285150667
0.116092693560333 0.417164769887189
0.128248767270607 0.424729263140642
0.140385602411376 0.431654450924407
0.152501378338656 0.437900714747026
0.164594277567554 0.443432497966303
0.176662486044902 0.44821866544655
0.188704193421389 0.452232855628201
0.200717593323127 0.455453824170112
0.212700883622626 0.457865778369514
0.224652266709132 0.459458701601367
0.236569949758284 0.460228667046725
0.248452145001057 0.460178139997355
0.260297069991943 0.459316268030544
0.272102947876337 0.45765915834291
0.283868007657082 0.455230141514734
0.295590484460136 0.452060020946496
0.307268619799319 0.448187307166996
0.318900661840106 0.443658436158027
0.330484865662417 0.438527970774429
0.342019493522372 0.432858784261655
0.35350281511297 0.426722224786567
0.364933107823654 0.420198259802815
0.376308656998717 0.413375598971329
0.387627756194516 0.406351794251324
0.398888707435459 0.399233315669928
0.410089821468717 0.392135601171607
0.421229418017624 0.385183078844523
0.432305826033741 0.378509159722689
0.443317383947527 0.372256199273063
0.45426243991759 0.36657542559857
0.465139352078479 0.361626832324305
0.475946488786983 0.357579034087879
0.48668222886689 0.354609082528804
0.497344961852182 0.352902240668606
0.507933088228616 0.352651713595712
0.518445019673675 0.354058333419194
0.528879179294822 0.357330196535295
0.539234001866059 0.362682251362077
0.549507934062719 0.370335834841747
0.559699434694481 0.380518156188405
0.569806974936569 0.393461726571615
0.579829038559083 0.409403733673455
0.589764122154454 0.428585360338416
0.599610735362968 0.451251046850782
0.609367401096334 0.477647696721868
0.619032655759261 0.508023826248022
0.628605049469015 0.542628658507455
0.638083146272911 0.581711162897377
0.647465524363725 0.625519041769338
0.656750776292973 0.674297666197166
0.665937509182049 0.72828896340431
0.675024344931163 0.787730258882097
0.684009920426076 0.852853076742777
0.692892887742577 0.923881902366935
0.701671914348685 1.00103291191888
0.710345683304543 1.08451267381134
0.718912893459971 1.1745168276969
0.727372259649652 1.27122874704313
0.735722512885918 1.37481819180619
0.743962400549112 1.48543995814897
0.752090686575492 1.60323253254869
0.760106151642655 1.72831675800214
0.768007593352446 1.86079452035758
0.775793826411326 2.00074746307864
0.783463682808184 2.14823573897051
0.791016011989546 2.30329680757145
0.798449681032171 2.46594428702656
0.805763574812999 2.63616686931518
0.812956596176432 2.81392730769378
0.820027666098917 2.99916148514158
0.826975723850813 3.19177757245344
0.833799727155505 3.39165528441392
0.840498652345763 3.59864524220506
0.847071494517296 3.81256844985008
0.853517267679503 4.03321589207431
0.859835004903376 4.26034826047562
0.866023758466555 4.4936958143391
0.872082599995488 4.73295838180853
0.878010620604706 4.9778055064413
0.883806931033158 5.22787674342783
0.889470661777611 5.48278210895468
0.895000963223085 5.74210268533683
0.900397005770304 6.00539138364346
0.905657979960145 6.27217386459896
0.910783096595065 6.54194961756238
0.91577158685749 6.81419319638029
0.920622702425147 7.08835560987751
0.925335715583316 7.36386586370375
0.929909919334006 7.64013264920041
0.934344627502003 7.91654617389791
0.938639174837815 8.19248012720847
0.942792917117462 8.46729377385026
0.946805231239128 8.74033416653541
0.950675515316628 9.01093846848476
0.954403188769716 9.27843637540446
0.957987692411178 9.54215262568328
0.961428488530732 9.80140958675212
0.964725060975707 10.0555299047965
0.96787691522849 10.303839204338
0.970883578480743 10.5456688236065
0.97374459970437 10.7803585711207
0.976459549719234 11.007259488484
0.979028021257622 11.2257366040945
0.981449629025464 11.4351716622609
0.983724009760315 11.6349658121221
0.985850822286126 11.8245422407842
0.987829747564861 12.003348735218
0.989660488745065 12.1708601577091
0.991342771207583 12.3265808200174
0.992876342608822 12.4700467418928
0.99426097292241 12.6008277802173
0.995496454481096 12.7185296158322
0.996582602023381 12.8227955861583
0.997519252756721 12.9133083533336
0.998306266473006 12.9897914009207
0.998943525843409 13.0520103623108
0.999430937466261 13.099774229088
0.999768437409263 13.1329368009244
0.999956050018992 13.1514031765179
