-0.999956050018992 -1.23961597555733e-06
-0.999768437409263 -6.53157464340403e-06
-0.999430937466261 -1.60526719464884e-05
-0.998943525843409 -2.98058098787613e-05
-0.998306266473006 -4.77923925419072e-05
-0.997519252756721 -7.00139928991984e-05
-0.996582602023381 -9.64725195823804e-05
-0.995496454481096 -0.000127170259349284
-0.99426097292241 -0.000162109900676454
-0.992876342608822 -0.000201294554623945
-0.991342771207583 -0.00024472777650616
-0.989660488745065 -0.00029241358931767
-0.987829747564861 -0.000344356509183876
-0.985850822286126 -0.000400561572890301
-0.983724009760315 -0.000461034367464285
-0.981449629025464 -0.000525781061745255
-0.979028021257622 -0.000594808439861364
-0.976459549719234 -0.000668123936516081
-0.97374459970437 -0.000745735673978146
-0.970883578480743 -0.000827652500659199
-0.96787691522849 -0.000913884031154419
-0.964725060975707 -0.00100444068761288
-0.961428488530732 -0.00109933374229573
-0.957987692411178 -0.00119857536117151
-0.954403188769716 -0.00130217864838884
-0.950675515316628 -0.00141015769145769
-0.946805231239128 -0.00152252760696055
-0.942792917117462 -0.00163930458660563
-0.938639174837815 -0.00176050594342328
-0.934344627502003 -0.00188615015789712
-0.929909919334006 -0.00201625692380967
-0.925335715583316 -0.00215084719357148
-0.920622702425146 -0.00228994322279034
-0.91577158685749 -0.00243356861382539
-0.910783096595065 -0.0025817483580571
-0.905657979960145 -0.00273450887659144
-0.900397005770304 -0.00289187805910129
-0.895000963223085 -0.00305388530049405
-0.889470661777611 -0.00322056153507761
-0.883806931033158 -0.0033919392678808
-0.878010620604707 -0.00356805260276656
-0.872082599995488 -0.00374893726695715
-0.866023758466554 -0.00393463063157095
-0.859835004903376 -0.00412517172774973
-0.853517267679503 -0.0043206012579322
-0.847071494517296 -0.00452096160180652
-0.840498652345763 -0.00472629681644867
-0.833799727155505 -0.00493665263012754
-0.826975723850813 -0.00515207642922777
-0.820027666098917 -0.00537261723771264
-0.812956596176432 -0.00559832568851597
-0.805763574812999 -0.00582925398621887
-0.798449681032171 -0.00606545586033076
-0.791016011989546 -0.0063069865084571
-0.783463682808184 -0.006553902528596
-0.775793826411326 -0.00680626183976513
-0.768007593352446 -0.00706412359011781
-0.760106151642655 -0.00732754805166215
-0.752090686575492 -0.00759659650065331
-0.743962400549111 -0.00787133108268185
-0.735722512885918 -0.00815181466143661
-0.727372259649652 -0.00843811065007423
-0.718912893459971 -0.00873028282408414
-0.710345683304543 -0.00902839511449599
-0.701671914348685 -0.00933251138023793
-0.692892887742577 -0.00964269515842059
-0.684009920426076 -0.00995900939129423
-0.675024344931163 -0.0102815161286064
-0.665937509182049 -0.0106102762040777
-0.656750776292973 -0.0109453488847149
-0.647465524363725 -0.0112867914916983
-0.638083146272911 -0.0116346589916112
-0.628605049469015 -0.0119890035568356
-0.619032655759261 -0.0123498740940138
-0.609367401096334 -0.0127173157395789
-0.599610735362968 -0.0130913693214916
-0.589764122154454 -0.0134720707864917
-0.579829038559083 -0.0138594505923761
-0.569806974936569 -0.0142535330650703
-0.559699434694481 -0.014654335720557
-0.549507934062719 -0.0150618685520774
-0.539234001866059 -0.01547613328343
-0.528879179294822 -0.0158971225896633
-0.518445019673675 -0.0163248192869956
-0.507933088228616 -0.0167591954944085
-0.497344961852182 -0.0172002117700436
-0.48668222886689 -0.0176478162263013
-0.475946488786983 -0.0181019436283905
-0.465139352078479 -0.0185625144820179
-0.45426243991759 -0.0190294341169315
-0.443317383947527 -0.0195025917741582
-0.432305826033741 -0.0199818597059832
-0.421229418017624 -0.0204670922990306
-0.410089821468716 -0.0209581252322009
-0.398888707435459 -0.0214547746827068
-0.387627756194516 -0.0219568365950268
-0.376308656998716 -0.0224640860292451
-0.364933107823654 -0.0229762766069758
-0.35350281511297 -0.0234931400748582
-0.342019493522371 -0.024014386007458
-0.330484865662417 -0.0245397016732939
-0.318900661840106 -0.0250687520896202
-0.307268619799319 -0.0256011802935249
-0.295590484460136 -0.0261366078588125
-0.283868007657082 -0.0266746356900323
-0.272102947876337 -0.0272148451268438
-0.260297069991942 -0.0277567993936739
-0.248452145001057 -0.0283000454312772
-0.236569949758284 -0.0288441161483366
-0.224652266709132 -0.0293885331326109
-0.212700883622626 -0.0299328098623124
-0.200717593323127 -0.0304764554593504
-0.188704193421389 -0.0310189790267766
-0.176662486044902 -0.0315598946131739
-0.164594277567554 -0.0320987268468138
-0.152501378338656 -0.0326350172821325
-0.140385602411376 -0.0331683315004032
-0.128248767270607 -0.0336982670053831
-0.116092693560333 -0.0342244619531537
-0.103919204810509 -0.0347466047533082
-0.0917301271635194 -0.0352644445760575
-0.0795272891002329 -0.035777802796672
-0.0673125211657164 -0.0362865854049349
-0.0550876556946339 -0.0367907964029205
-0.0428545265363791 -0.0372905522093959
-0.0306149687799789 -0.0377860970834503
-0.0183708184788136 -0.0382778195735642
-0.00612391237518933 -0.0387662699911988
0.00612391237518945 -0.0392521789001105
0.0183708184788137 -0.0397364766039343
0.030614968779979 -0.0402203136051169
0.0428545265363792 -0.0407050819979993
0.055087655694634 -0.0411924377477125
0.0673125211657166 -0.0416843237945494
0.079527289100233 -0.0421829939105816
0.0917301271635195 -0.042691037221488
0.103919204810509 -0.0432114032918236
0.116092693560333 -0.0437474276562747
0.128248767270607 -0.0443028576627996
0.140385602411376 -0.0448818784759337
0.152501378338656 -0.0454891390699397
0.164594277567554 -0.0461297780219117
0.176662486044902 -0.0468094488944054
0.188704193421389 -0.0475343449756978
0.200717593323127 -0.0483112231234125
0.212700883622626 -0.0491474264340494
0.224652266709132 -0.0500509054370082
0.236569949758284 -0.0510302374871124
0.248452145001057 -0.0520946440045627
0.260297069991943 -0.0532540051858624
0.272102947876337 -0.0545188717837865
0.283868007657082 -0.0559004735291768
0.295590484460136 -0.0574107237425695
0.307268619799319 -0.0590622196597724
0.318900661840106 -0.0608682379729466
0.330484865662417 -0.0628427250680281
0.342019493522372 -0.0650002814210015
0.35350281511297 -0.0673561396002659
0.364933107823654 -0.0699261353108105
0.376308656998717 -0.0727266709089186
0.387627756194516 -0.0757746708144785
0.398888707435459 -0.0790875282525844
0.410089821468717 -0.0826830427679054
0.421229418017624 -0.0865793479752473
0.432305826033741 -0.0907948290388434
0.443317383947527 -0.0953480294121694
0.45426243991759 -0.100257546420495
0.465139352078479 -0.105541915330892
0.475946488786983 -0.111219481629933
0.48668222886689 -0.117308261318609
0.497344961852182 -0.123825789137788
0.507933088228616 -0.130788954756331
0.518445019673675 -0.138213827088146
0.528879179294822 -0.146115467054125
0.539234001866059 -0.154507729269912
0.549507934062719 -0.163403053320472
0.559699434694481 -0.172812245476584
0.569806974936569 -0.18274425191579
0.579829038559083 -0.193205924729303
0.589764122154454 -0.204201782225279
0.599610735362968 -0.215733765275234
0.609367401096334 -0.22780099169165
0.619032655759261 -0.240399510867805
0.628605049469015 -0.253522061152014
0.638083146272911 -0.267157832663884
0.647465524363725 -0.281292238485497
0.656750776292973 -0.295906697371029
0.665937509182049 -0.310978431309194
0.675024344931163 -0.326480281438973
0.684009920426076 -0.342380545954975
0.692892887742577 -0.358642843739124
0.701671914348685 -0.375226007514834
0.710345683304543 -0.392084010333199
0.718912893459971 -0.409165929163033
0.727372259649652 -0.426415949263258
0.735722512885918 -0.443773412863039
0.743962400549112 -0.461172915458833
0.752090686575492 -0.478544452755251
0.760106151642655 -0.495813620926727
0.768007593352446 -0.512901872458371
0.775793826411326 -0.529726829337501
0.783463682808184 -0.546202654813502
0.791016011989546 -0.562240484325701
0.798449681032171 -0.577748915520869
0.805763574812999 -0.592634556549296
0.812956596176432 -0.606802631047877
0.820027666098917 -0.620157637398648
0.826975723850813 -0.632604059001245
0.833799727155505 -0.644047121428596
0.840498652345763 -0.654393591459005
0.847071494517296 -0.663552612107444
0.853517267679503 -0.671436566928475
0.859835004903376 -0.677961966047218
0.866023758466555 -0.683050345608258
0.872082599995488 -0.686629171630592
0.878010620604706 -0.688632738634767
0.883806931033158 -0.68900305288117
0.889470661777611 -0.687690689640123
0.895000963223085 -0.6846556136181
0.900397005770304 -0.679867951502365
0.905657979960145 -0.673308705568496
0.910783096595065 -0.664970397430712
0.91577158685749 -0.654857631309759
0.920622702425147 -0.642987566651699
0.925335715583316 -0.629390290554697
0.929909919334006 -0.614109081248929
0.934344627502003 -0.597200554822808
0.938639174837815 -0.578734688490364
0.942792917117462 -0.558794714939675
0.946805231239128 -0.53747688367854
0.950675515316628 -0.514890086785333
0.954403188769716 -0.49115534806246
0.957987692411178 -0.466405176256611
0.961428488530732 -0.440782784731327
0.964725060975707 -0.414441181729413
0.96787691522849 -0.38754213711921
0.970883578480743 -0.360255033253347
0.97374459970437 -0.332755609253737
0.976459549719234 -0.305224609645196
0.979028021257622 -0.277846349764821
0.981449629025464 -0.250807211749511
0.983724009760315 -0.224294086124745
0.985850822286126 -0.198492775061531
0.987829747564861 -0.173586374214554
0.989660488745065 -0.149753650685447
0.991342771207583 -0.127167435056005
0.992876342608822 -0.105993045595186
0.99426097292241 -0.086386762651734
0.995496454481096 -0.0684943708926804
0.996582602023381 -0.0524497864216977
0.997519252756721 -0.0383737848654058
0.998306266473006 -0.0263728450749728
0.998943525843409 -0.0165381203602651
0.999430937466261 -0.00894454062803002
0.999768437409263 -0.00364999708212802
0.999956050018992 -0.000693848001139755
