-0.999956050018992 0.000139142226083458
-0.999768437409263 0.000732040884444639
-0.999430937466261 0.00179426543430652
-0.998943525843409 0.00331846083498436
-0.998306266473006 0.00529374754268207
-0.997519252756721 0.00770597105297601
-0.996582602023381 0.0105378016365468
-0.995496454481096 0.013768838325707
-0.99426097292241 0.0173757284735455
-0.992876342608822 0.0213323040782793
-0.991342771207583 0.0256097345585633
-0.989660488745065 0.0301766952873008
-0.987829747564861 0.0349995510312031
-0.985850822286126 0.0400425533394409
-0.983724009760315 0.0452680508406269
-0.981449629025464 0.0506367113333415
-0.979028021257622 0.0561077544886999
-0.976459549719234 0.0616391939232093
-0.97374459970437 0.0671880873463304
-0.970883578480743 0.0727107934398067
-0.96787691522849 0.0781632340851538
-0.964725060975707 0.0835011605219129
-0.961428488530732 0.0886804219924937
-0.957987692411178 0.0936572354099306
-0.954403188769716 0.098388454572636
-0.950675515316628 0.102831837445495
-0.946805231239128 0.106946310029374
-0.942792917117462 0.110692225351413
-0.938639174837815 0.114031616126254
-0.934344627502003 0.116928439663716
-0.929909919334006 0.119348813631143
-0.925335715583316 0.121261241318703
-0.920622702425146 0.122636825103183
-0.91577158685749 0.123449466860003
-0.910783096595065 0.123676054134232
-0.905657979960145 0.123296630948866
-0.900397005770304 0.122294552202443
-0.895000963223085 0.120656620687747
-0.889470661777611 0.118373205848659
-0.883806931033158 0.115438343482663
-0.878010620604707 0.111849815691798
-0.872082599995488 0.107609210484467
-0.866023758466554 0.102721960533995
-0.859835004903376 0.0971973607067651
-0.853517267679503 0.0910485640825219
-0.847071494517296 0.0842925563016009
-0.840498652345763 0.0769501081878014
-0.833799727155505 0.0690457067108297
-0.826975723850813 0.0606074644681241
-0.820027666098917 0.0516670079818444
-0.812956596176432 0.0422593452222745
-0.805763574812999 0.0324227128832488
-0.798449681032171 0.0221984040478835
-0.791016011989546 0.0116305769932529
-0.783463682808184 0.000766045990142052
-0.775793826411326 -0.0103459449419866
-0.768007593352446 -0.0216539642647005
-0.760106151642655 -0.033104649979497
-0.752090686575492 -0.0446429802701795
-0.743962400549111 -0.0562125563984204
-0.735722512885918 -0.0677558964437971
-0.727372259649652 -0.0792147384078065
-0.718912893459971 -0.0905303511366063
-0.710345683304543 -0.101643851460013
-0.701671914348685 -0.112496525894841
-0.692892887742577 -0.123030155219484
-0.684009920426076 -0.133187340193864
-0.675024344931163 -0.14291182667493
-0.665937509182049 -0.152148828362808
-0.656750776292973 -0.160845345406812
-0.647465524363725 -0.168950477103899
-0.638083146272911 -0.176415726934764
-0.628605049469015 -0.183195298204865
-0.619032655759261 -0.189246378588982
-0.609367401096334 -0.1945294119186
-0.599610735362968 -0.19900835560114
-0.589764122154454 -0.20265092211889
-0.579829038559083 -0.20542880312297
-0.569806974936569 -0.207317874713746
-0.559699434694481 -0.208298382583318
-0.549507934062719 -0.208355105787776
-0.539234001866059 -0.207477498016412
-0.528879179294822 -0.205659805331583
-0.518445019673675 -0.20290115946587
-0.507933088228616 -0.199205645882185
-0.497344961852182 -0.194582345926851
-0.48668222886689 -0.189045352534903
-0.475946488786983 -0.182613759080288
-0.465139352078479 -0.175311621100607
-0.45426243991759 -0.167167890765943
-0.443317383947527 -0.158216324103327
-0.432305826033741 -0.148495361131953
-0.421229418017624 -0.138047979208505
-0.410089821468716 -0.12692152002628
-0.398888707435459 -0.11516749085531
-0.387627756194516 -0.102841340752811
-0.376308656998716 -0.0900022126131406
-0.364933107823654 -0.0767126720633792
-0.35350281511297 -0.0630384143438674
-0.342019493522371 -0.0490479504418956
-0.330484865662417 -0.0348122738704687
-0.318900661840106 -0.0204045096020418
-0.307268619799319 -0.00589954677864915
-0.295590484460136 0.008626343075672
-0.283868007657082 0.0230959005174689
-0.272102947876337 0.0374312834101777
-0.260297069991942 0.0515544809230415
-0.248452145001057 0.0653877342409585
-0.236569949758284 0.0788539618626989
-0.224652266709132 0.0918771873141514
-0.212700883622626 0.104382967062958
-0.200717593323127 0.116298816391347
-0.188704193421389 0.127554630965498
-0.176662486044902 0.138083101832497
-0.164594277567554 0.147820121580124
-0.152501378338656 0.156705179410394
-0.140385602411376 0.164681742905
-0.128248767270607 0.171697624299639
-0.116092693560333 0.177705329134512
-0.103919204810509 0.18266238521003
-0.0917301271635194 0.18653164984967
-0.0795272891002329 0.189281593555948
-0.0673125211657164 0.190886558240122
-0.0550876556946339 0.191326988311388
-0.0428545265363791 0.190589633026456
-0.0306149687799789 0.188667718625144
-0.0183708184788136 0.185561088911497
-0.00612391237518933 0.181276313082391
0.00612391237518945 0.175826759756074
0.0183708184788137 0.169232636310978
0.030614968779979 0.161520992809774
0.0428545265363792 0.152725689954316
0.055087655694634 0.142887330693119
0.0673125211657166 0.13205315528352
0.079527289100233 0.120276899794966
0.0917301271635195 0.107618618226993
0.103919204810509 0.0941444686046907
0.116092693560333 0.0799264636047842
0.128248767270607 0.0650421864560782
0.140385602411376 0.049574473047951
0.152501378338656 0.0336110613689088
0.164594277567554 0.0172442095830113
0.176662486044902 0.000570284234263637
0.188704193421389 -0.0163106797530999
0.200717593323127 -0.0332954454380654
0.212700883622626 -0.0502780645835778
0.224652266709132 -0.0671503905693074
0.236569949758284 -0.0838026111806025
0.248452145001057 -0.1001237988163
0.260297069991943 -0.11600247552657
0.272102947876337 -0.131327190171343
0.283868007657082 -0.145987104880867
0.295590484460136 -0.159872587903457
0.307268619799319 -0.172875809842143
0.318900661840106 -0.184891340212518
0.330484865662417 -0.195816741199192
0.342019493522372 -0.205553155448545
0.35350281511297 -0.214005884711347
0.364933107823654 -0.22108495614094
0.376308656998717 -0.22670567306123
0.387627756194516 -0.230789147044247
0.398888707435459 -0.233262808179573
0.410089821468717 -0.234060890477847
0.421229418017624 -0.233124889427734
0.432305826033741 -0.230403988820378
0.443317383947527 -0.225855454067146
0.45426243991759 -0.219444989365435
0.465139352078479 -0.211147056212959
0.475946488786983 -0.20094515093301
0.48668222886689 -0.188832039051207
0.497344961852182 -0.174809944557454
0.507933088228616 -0.158890692294815
0.518445019673675 -0.141095801938688
0.528879179294822 -0.12145653226436
0.539234001866059 -0.100013874647611
0.549507934062719 -0.0768184950005108
0.559699434694481 -0.0519306236116864
0.569806974936569 -0.0254198926358333
0.579829038559083 0.00263487874013311
0.589764122154454 0.032145951138781
0.599610735362968 0.0630169832339267
0.609367401096334 0.0951434004899252
0.619032655759261 0.128412813200329
0.628605049469015 0.162705482332974
0.638083146272911 0.19789483139634
0.647465524363725 0.233848002254132
0.656750776292973 0.270426452533322
0.665937509182049 0.307486591997055
0.675024344931163 0.344880454989793
0.684009920426076 0.382456405809549
0.692892887742577 0.420059873622892
0.701671914348685 0.457534113314268
0.710345683304543 0.494720988453806
0.718912893459971 0.531461772378816
0.727372259649652 0.567597963215095
0.735722512885918 0.602972108516539
0.743962400549112 0.63742863507671
0.752090686575492 0.670814679365142
0.760106151642655 0.702980913965566
0.768007593352446 0.733782365343724
0.775793826411326 0.763079218250026
0.783463682808184 0.790737602067548
0.791016011989546 0.816630354449445
0.798449681032171 0.84063775765196
0.805763574812999 0.862648243060225
0.812956596176432 0.882559059523699
0.820027666098917 0.900276901266495
0.826975723850813 0.915718491314268
0.833799727155505 0.928811116583514
0.840498652345763 0.939493111009935
0.847071494517296 0.947714283349308
0.853517267679503 0.953436286565566
0.859835004903376 0.956632926025358
0.866023758466555 0.957290404044637
0.872082599995488 0.955407498678978
0.878010620604706 0.950995675013521
0.883806931033158 0.944079127588617
0.889470661777611 0.934694752991125
0.895000963223085 0.922892052046584
0.900397005770304 0.908732961461631
0.905657979960145 0.892291615186551
0.910783096595065 0.873654036191974
0.91577158685749 0.852917759778772
0.920622702425147 0.830191389963426
0.925335715583316 0.805594090899595
0.929909919334006 0.77925501570764
0.934344627502003 0.751312675484388
0.938639174837815 0.721914251653063
0.942792917117462 0.691214855184817
0.946805231239128 0.659376736576505
0.950675515316628 0.626568450801296
0.954403188769716 0.592963981757254
0.957987692411178 0.5587418310216
0.961428488530732 0.524084075972977
0.964725060975707 0.489175402568642
0.96787691522849 0.454202118256292
0.970883578480743 0.419351150659591
0.97374459970437 0.384809037801111
0.976459549719234 0.350760915715124
0.979028021257622 0.317389509354417
0.981449629025464 0.284874132709945
0.983724009760315 0.253389704038429
0.985850822286126 0.22310578203167
0.987829747564861 0.194185628661818
0.989660488745065 0.166785304299574
0.991342771207583 0.141052800527724
0.992876342608822 0.117127215860153
0.99426097292241 0.0951379793259796
0.995496454481096 0.075204126584641
0.996582602023381 0.0574336328855634
0.997519252756721 0.0419228067227213
0.998306266473006 0.0287557472617102
0.998943525843409 0.018003866660766
0.999430937466261 0.00972547033682834
0.999768437409263 0.00396533347129193
0.999956050018992 0.000753439328464
