-0.999956050018992 0.000107925699714478
-0.999768437409263 0.000567982643823375
-0.999430937466261 0.00139292364079399
-0.998943525843409 0.00257825358298226
-0.998306266473006 0.00411725997220545
-0.997519252756721 0.00600118267376333
-0.996582602023381 0.00821925939513487
-0.995496454481096 0.0107587657746141
-0.99426097292241 0.0136050581543551
-0.992876342608822 0.0167416191755364
-0.991342771207583 0.0201501051267903
-0.989660488745065 0.0238103937086096
-0.987829747564861 0.0277006308660817
-0.985850822286126 0.0317972754981195
-0.983724009760315 0.036075141186061
-0.981449629025464 0.040507434638575
-0.979028021257622 0.0450657913737497
-0.976459549719234 0.0497203103048854
-0.97374459970437 0.0544395904071802
-0.970883578480743 0.0591907745391468
-0.96787691522849 0.0639396077540115
-0.964725060975707 0.0686505199739355
-0.961428488530732 0.0732867455277027
-0.957987692411178 0.0778104944583552
-0.954403188769716 0.082183192231776
-0.950675515316628 0.0863658049161732
-0.946805231239128 0.0903192653471137
-0.942792917117462 0.0940050115272878
-0.938639174837815 0.0973856409752119
-0.934344627502003 0.100425673752792
-0.929909919334006 0.103092402914706
-0.925335715583316 0.10535679540574
-0.920622702425146 0.10719439113908
-0.91577158685749 0.108586135963563
-0.910783096595065 0.109519078521272
-0.905657979960145 0.109986864128669
-0.900397005770304 0.109989971959714
-0.895000963223085 0.109535664174655
-0.889470661777611 0.108637644304044
-0.883806931033158 0.10731545258576
-0.878010620604707 0.105593652848971
-0.872082599995488 0.103500884373662
-0.866023758466554 0.10106886012252
-0.859835004903376 0.0983313893884884
-0.853517267679503 0.0953234900178772
-0.847071494517296 0.0920806363000413
-0.840498652345763 0.0886381672709961
-0.833799727155505 0.0850308600978579
-0.826975723850813 0.0812926569210489
-0.820027666098917 0.0774565223090889
-0.812956596176432 0.0735544024602717
-0.805763574812999 0.0696172557756999
-0.798449681032171 0.0656751262967306
-0.791016011989546 0.0617572355099131
-0.783463682808184 0.057892073066174
-0.775793826411326 0.0541074721815237
-0.768007593352446 0.0504306603091229
-0.760106151642655 0.046888279776387
-0.752090686575492 0.0435063763425979
-0.743962400549111 0.0403103560636461
-0.735722512885918 0.0373249125415979
-0.727372259649652 0.0345739277147242
-0.718912893459971 0.0320803499427474
-0.710345683304543 0.0298660533865423
-0.701671914348685 0.027951682676961
-0.692892887742577 0.0263564866980793
-0.684009920426076 0.0250981450398395
-0.675024344931163 0.024192590349953
-0.665937509182049 0.0236538294669385
-0.656750776292973 0.0234937658663472
-0.647465524363725 0.0237220256139148
-0.638083146272911 0.0243457887008037
-0.628605049469015 0.0253696273426405
-0.619032655759261 0.0267953525600533
-0.609367401096334 0.0286218701287764
-0.599610735362968 0.0308450467989464
-0.589764122154454 0.0334575875461932
-0.579829038559083 0.0364489245463432
-0.569806974936569 0.0398051185820054
-0.559699434694481 0.0435087737213732
-0.549507934062719 0.0475389663944132
-0.539234001866059 0.0518711904758194
-0.528879179294822 0.0564773207236218
-0.518445019673675 0.0613255979801803
-0.507933088228616 0.0663806409834736
-0.497344961852182 0.0716034915175009
-0.48668222886689 0.076951701981438
-0.475946488786983 0.0823794772538051
-0.465139352078479 0.0878378858516058
-0.45426243991759 0.0932751585684023
-0.443317383947527 0.0986370955416991
-0.432305826033741 0.10386760429792
-0.421229418017624 0.10890939069117
-0.410089821468716 0.113704820441907
-0.398888707435459 0.11819695969844
-0.387627756194516 0.122330787357187
-0.376308656998716 0.12605454914226
-0.364933107823654 0.129321194406729
-0.35350281511297 0.132089804152078
-0.342019493522371 0.134326888346871
-0.330484865662417 0.136007410116746
-0.318900661840106 0.137115392684557
-0.307268619799319 0.13764398948521
-0.295590484460136 0.137594951343891
-0.283868007657082 0.136977502128972
-0.272102947876337 0.135806722701854
-0.260297069991942 0.134101623190198
-0.248452145001057 0.131883135960667
-0.236569949758284 0.129172272500646
-0.224652266709132 0.125988653972983
-0.212700883622626 0.122349556608628
-0.200717593323127 0.118269526958215
-0.188704193421389 0.113760538280501
-0.176662486044902 0.108832594157479
-0.164594277567554 0.103494647398179
-0.152501378338656 0.0977556919582031
-0.140385602411376 0.0916258974699763
-0.128248767270607 0.0851176816956587
-0.116092693560333 0.0782466474476798
-0.103919204810509 0.0710323407910611
-0.0917301271635194 0.0634988126853635
-0.0795272891002329 0.0556749849979867
-0.0673125211657164 0.0475948340634416
-0.0550876556946339 0.0392974116813412
-0.0428545265363791 0.0308267260236194
-0.0306149687799789 0.0222315047300227
-0.0183708184788136 0.0135648606617128
-0.00612391237518933 0.00488387821692701
0.00612391237518945 -0.00375086462855175
0.0183708184788137 -0.012275825958623
0.030614968779979 -0.0206250708426019
0.0428545265363792 -0.028730874945481
0.055087655694634 -0.0365243535853569
0.0673125211657166 -0.043936109991768
0.079527289100233 -0.0508968971941923
0.0917301271635195 -0.0573382883935297
0.103919204810509 -0.0631933509004824
0.116092693560333 -0.0683973188153023
0.128248767270607 -0.0728882596160386
0.140385602411376 -0.0766077297506607
0.152501378338656 -0.0795014142169497
0.164594277567554 -0.081519744979463
0.176662486044902 -0.0826184929243642
0.188704193421389 -0.0827593278926145
0.200717593323127 -0.0819103411553289
0.212700883622626 -0.0800465244904872
0.224652266709132 -0.0771501997691478
0.236569949758284 -0.073211392635895
0.248452145001057 -0.0682281434389867
0.260297069991943 -0.062206747989554
0.272102947876337 -0.0551619199587896
0.283868007657082 -0.0471168657058016
0.295590484460136 -0.0381032610162635
0.307268619799319 -0.0281611175830556
0.318900661840106 -0.0173385250610169
0.330484865662417 -0.00569125221665838
0.342019493522372 0.00671781180076845
0.35350281511297 0.0198193974412184
0.364933107823654 0.0335387991668792
0.376308656998717 0.0477970478507296
0.387627756194516 0.0625123323924828
0.398888707435459 0.0776016849433637
0.410089821468717 0.0929829303612279
0.421229418017624 0.108576876918582
0.432305826033741 0.124309688869538
0.443317383947527 0.140115330047135
0.45426243991759 0.155937901330714
0.465139352078479 0.171733618270429
0.475946488786983 0.187472100232327
0.48668222886689 0.203136590194906
0.497344961852182 0.21872272471898
0.507933088228616 0.234235560331993
0.518445019673675 0.249684761442046
0.528879179294822 0.265078166586495
0.539234001866059 0.280414332786942
0.549507934062719 0.295675022467838
0.559699434694481 0.310818823034842
0.569806974936569 0.325777066017896
0.579829038559083 0.340452895396637
0.589764122154454 0.354723778891209
0.599610735362968 0.368447110296831
0.609367401096334 0.381468001805355
0.619032655759261 0.393628060693596
0.628605049469015 0.404773938572537
0.638083146272911 0.414764685360831
0.647465524363725 0.423477320936749
0.656750776292973 0.430810431313132
0.665937509182049 0.4366859122626
0.675024344931163 0.441049180573351
0.684009920426076 0.443868254055966
0.692892887742577 0.445132094185342
0.701671914348685 0.444848545552068
0.710345683304543 0.443042125332512
0.718912893459971 0.439751835366159
0.727372259649652 0.43502910097347
0.735722512885918 0.428935888684111
0.743962400549112 0.421543019232917
0.752090686575492 0.412928669880179
0.760106151642655 0.403177047983826
0.768007593352446 0.392377212646717
0.775793826411326 0.380622020614851
0.783463682808184 0.368007174507558
0.791016011989546 0.354630354609134
0.798449681032171 0.34059041900461
0.805763574812999 0.32598666030426
0.812956596176432 0.310918110310331
0.820027666098917 0.295482886622358
0.826975723850813 0.279777577332493
0.833799727155505 0.263896661656416
0.840498652345763 0.247931965630547
0.847071494517296 0.2319721529416
0.853517267679503 0.216102251600201
0.859835004903376 0.200403217579897
0.866023758466555 0.184951536764764
0.872082599995488 0.169818866622587
0.878010620604706 0.155071718980479
0.883806931033158 0.140771185152366
0.889470661777611 0.126972704475989
0.895000963223085 0.113725877078164
0.900397005770304 0.10107432141588
0.905657979960145 0.0890555768483593
0.910783096595065 0.077701051190993
0.91577158685749 0.0670360128934167
0.920622702425147 0.0570796271763216
0.925335715583316 0.0478450351604227
0.929909919334006 0.0393394747291846
0.934344627502003 0.0315644415885134
0.938639174837815 0.0245158887228707
0.942792917117462 0.0181844622013215
0.946805231239128 0.0125557710597162
0.950675515316628 0.00761068877775638
0.954403188769716 0.00332568368342443
0.957987692411178 -0.000326824547358256
0.961428488530732 -0.00337808527058365
0.964725060975707 -0.00586261722818993
0.96787691522849 -0.00781779206836995
0.970883578480743 -0.00928340429877307
0.97374459970437 -0.0103012309914802
0.976459549719234 -0.0109145845882075
0.979028021257622 -0.0111678621618622
0.981449629025464 -0.0111060944767744
0.983724009760315 -0.0107744981545533
0.985850822286126 -0.0102180341972463
0.987829747564861 -0.00948097604374098
0.989660488745065 -0.0086064902409038
0.991342771207583 -0.00763623269803212
0.992876342608822 -0.00660996336279547
0.99426097292241 -0.00556518200972164
0.995496454481096 -0.00453678766899404
0.996582602023381 -0.00355676404413502
0.997519252756721 -0.00265389306885076
0.998306266473006 -0.00185349852421703
0.998943525843409 -0.00117722131975577
0.999430937466261 -0.000642827306772509
0.999768437409263 -0.00026404462323478
0.999956050018992 -5.03756248145257e-05
