-0.999956050018992 2.04105567069275e-07
-0.999768437409263 1.04843283391256e-06
-0.999430937466261 2.45776842555898e-06
-0.998943525843409 4.24625374702151e-06
-0.998306266473006 6.14881558217307e-06
-0.997519252756721 7.82557661377868e-06
-0.996582602023381 8.86718362408867e-06
-0.995496454481096 8.80119993583602e-06
-0.99426097292241 7.09948091432789e-06
-0.992876342608822 3.18642118164888e-06
-0.991342771207583 -3.55205348168911e-06
-0.989660488745065 -1.37588886400357e-05
-0.987829747564861 -2.80958468341498e-05
-0.985850822286126 -4.7233152350295e-05
-0.983724009760315 -7.18389960192162e-05
-0.981449629025464 -0.000102569063354574
-0.979028021257622 -0.000140056249254308
-0.976459549719234 -0.000184900719899414
-0.97374459970437 -0.000237660477424182
-0.970883578480743 -0.000298842575475763
-0.96787691522849 -0.00036889512403188
-0.964725060975707 -0.000448200209951574
-0.961428488530732 -0.000537067845864493
-0.957987692411178 -0.000635731044369471
-0.954403188769716 -0.000744342097342775
-0.950675515316628 -0.000862970121708642
-0.946805231239128 -0.000991599913574529
-0.942792917117462 -0.00113013213247593
-0.938639174837815 -0.00127838481691386
-0.934344627502003 -0.00143609621171352
-0.929909919334006 -0.00160292886730317
-0.925335715583316 -0.00177847495111549
-0.920622702425146 -0.00196226269226094
-0.91577158685749 -0.0021537638627059
-0.910783096595065 -0.00235240218168529
-0.905657979960145 -0.00255756251525401
-0.900397005770304 -0.00276860072996337
-0.895000963223085 -0.00298485404884914
-0.889470661777611 -0.00320565174941093
-0.883806931033158 -0.00343032603719475
-0.878010620604707 -0.00365822292506249
-0.872082599995488 -0.00388871294732032
-0.866023758466554 -0.0041212015396044
-0.859835004903376 -0.00435513891978317
-0.853517267679503 -0.00459002931207543
-0.847071494517296 -0.00482543936601564
-0.840498652345763 -0.00506100563369018
-0.833799727155505 -0.00529644098266184
-0.826975723850813 -0.00553153983798226
-0.820027666098917 -0.00576618216444625
-0.812956596176432 -0.0060003361194914
-0.805763574812999 -0.00623405932761578
-0.798449681032171 -0.00646749874856172
-0.791016011989546 -0.00670088913347338
-0.783463682808184 -0.00693455008544228
-0.775793826411326 -0.00716888176296429
-0.768007593352446 -0.0074043592865026
-0.760106151642655 -0.00764152592923387
-0.752090686575492 -0.00788098519282624
-0.743962400549111 -0.00812339188742814
-0.735722512885918 -0.00836944235164235
-0.727372259649652 -0.00861986396283802
-0.718912893459971 -0.00887540410046794
-0.710345683304543 -0.00913681873488761
-0.701671914348685 -0.00940486082133954
-0.692892887742577 -0.00968026868312151
-0.684009920426076 -0.00996375456940777
-0.675024344931163 -0.0102559935716702
-0.665937509182049 -0.0105576130781498
-0.656750776292973 -0.0108691829383858
-0.647465524363725 -0.0111912064994991
-0.638083146272911 -0.0115241126628847
-0.628605049469015 -0.0118682490943501
-0.619032655759261 -0.012223876702775
-0.609367401096334 -0.0125911654822978
-0.599610735362968 -0.0129701917911677
-0.589764122154454 -0.0133609371170424
-0.579829038559083 -0.0137632883540317
-0.569806974936569 -0.0141770395915577
-0.559699434694481 -0.014601895389513
-0.549507934062719 -0.0150374754886822
-0.539234001866059 -0.0154833208803375
-0.528879179294822 -0.0159389011347741
-0.518445019673675 -0.016403622865711
-0.507933088228616 -0.0168768391863594
-0.497344961852182 -0.0173578599939403
-0.48668222886689 -0.0178459629028679
-0.475946488786983 -0.0183404046330524
-0.465139352078479 -0.0188404326490969
-0.45426243991759 -0.0193452968388289
-0.443317383947527 -0.0198542610158329
-0.432305826033741 -0.020366614030581
-0.421229418017624 -0.0208816802785201
-0.410089821468716 -0.0213988294010938
-0.398888707435459 -0.0219174849871646
-0.387627756194516 -0.0224371320975776
-0.376308656998716 -0.0229573234545356
-0.364933107823654 -0.0234776841598671
-0.35350281511297 -0.0239979148318811
-0.342019493522371 -0.0245177930790419
-0.330484865662417 -0.025037173259771
-0.318900661840106 -0.0255559845109025
-0.307268619799319 -0.0260742270622058
-0.295590484460136 -0.0265919668904562
-0.283868007657082 -0.0271093288032356
-0.272102947876337 -0.0276264880794273
-0.260297069991942 -0.0281436608296335
-0.248452145001057 -0.0286610932749069
-0.236569949758284 -0.0291790501756295
-0.224652266709132 -0.0296978026735064
-0.212700883622626 -0.0302176158378649
-0.200717593323127 -0.0307387362322083
-0.188704193421389 -0.0312613798377084
-0.176662486044902 -0.0317857206865492
-0.164594277567554 -0.0323118805692833
-0.152501378338656 -0.0328399201862388
-0.140385602411376 -0.0333698321131708
-0.128248767270607 -0.0339015359455148
-0.116092693560333 -0.0344348759735701
-0.103919204810509 -0.0349696217225938
-0.0917301271635194 -0.0355054716670892
-0.0795272891002329 -0.036042060397565
-0.0673125211657164 -0.036578969480873
-0.0550876556946339 -0.037115742212117
-0.0428545265363791 -0.0376519024073981
-0.0306149687799789 -0.0381869773327153
-0.0183708184788136 -0.0387205248056803
-0.00612391237518933 -0.0392521644439065
0.00612391237518945 -0.039781612967656
0.0183708184788137 -0.0403087233952993
0.030614968779979 -0.0408335278991706
0.0428545265363792 -0.041356284017329
0.055087655694634 -0.0418775238444828
0.0673125211657166 -0.0423981057538349
0.079527289100233 -0.042919268131845
0.0917301271635195 -0.0434426845408677
0.103919204810509 -0.0439705196613152
0.116092693560333 -0.0445054853064031
0.128248767270607 -0.045050895749636
0.140385602411376 -0.045610721558932
0.152501378338656 -0.0461896410925503
0.164594277567554 -0.0467930887816374
0.176662486044902 -0.047427299302999
0.188704193421389 -0.048099346734343
0.200717593323127 -0.0488171777833125
0.212700883622626 -0.049589638191649
0.224652266709132 -0.0504264914371611
0.236569949758284 -0.0513384288891189
0.248452145001057 -0.0523370706173583
0.260297069991943 -0.0534349561117942
0.272102947876337 -0.054645524237067
0.283868007657082 -0.0559830818264106
0.295590484460136 -0.0574627604091272
0.307268619799319 -0.0591004606667332
0.318900661840106 -0.0609127843231951
0.330484865662417 -0.0629169532938965
0.342019493522372 -0.0651307160450916
0.35350281511297 -0.0675722412495306
0.364933107823654 -0.0702599989634904
0.376308656998717 -0.0732126296943007
0.387627756194516 -0.0764488018742285
0.398888707435459 -0.0799870584047887
0.410089821468717 -0.0838456530836382
0.421229418017624 -0.0880423778725925
0.432305826033741 -0.0925943821083313
0.443317383947527 -0.097517984895393
0.45426243991759 -0.102828482052426
0.465139352078479 -0.108539949105749
0.475946488786983 -0.11466504193745
0.48668222886689 -0.121214796796982
0.497344961852182 -0.128198431474052
0.507933088228616 -0.135623149505043
0.518445019673675 -0.143493949344188
0.528879179294822 -0.151813440472825
0.539234001866059 -0.160581668444462
0.549507934062719 -0.169795950869207
0.559699434694481 -0.179450726327485
0.569806974936569 -0.189537418169672
0.579829038559083 -0.200044315104663
0.589764122154454 -0.210956470406601
0.599610735362968 -0.22225562147493
0.609367401096334 -0.233920131368948
0.619032655759261 -0.24592495380465
0.628605049469015 -0.258241622949462
0.638083146272911 -0.270838269180533
0.647465524363725 -0.283679661785544
0.656750776292973 -0.296727279382946
0.665937509182049 -0.309939408622562
0.675024344931163 -0.323271271499315
0.684009920426076 -0.336675181374289
0.692892887742577 -0.350100727550397
0.701671914348685 -0.363494987996726
0.710345683304543 -0.376802769558405
0.718912893459971 -0.389966874729904
0.727372259649652 -0.402928393811477
0.735722512885918 -0.415627021013325
0.743962400549112 -0.428001392822664
0.752090686575492 -0.439989446707454
0.760106151642655 -0.451528797999771
0.768007593352446 -0.462557132583921
0.775793826411326 -0.4730126128118
0.783463682808184 -0.482834293882926
0.791016011989546 -0.491962547761114
0.798449681032171 -0.500339491555894
0.805763574812999 -0.507909417176259
0.812956596176432 -0.51461921896888
0.820027666098917 -0.520418815983802
0.826975723850813 -0.525261565469153
0.833799727155505 -0.529104664183432
0.840498652345763 -0.531909534130174
0.847071494517296 -0.533642189365735
0.853517267679503 -0.534273580606633
0.859835004903376 -0.533779914468294
0.866023758466555 -0.532142944301794
0.872082599995488 -0.529350229758516
0.878010620604706 -0.525395362403623
0.883806931033158 -0.520278154916733
0.889470661777611 -0.51400479166057
0.895000963223085 -0.506587938663959
0.900397005770304 -0.498046811352385
0.905657979960145 -0.488407198665191
0.910783096595065 -0.477701442520917
0.91577158685749 -0.465968371928775
0.920622702425147 -0.453253191391922
0.925335715583316 -0.43960732360424
0.929909919334006 -0.425088206803723
0.934344627502003 -0.409759047509116
0.938639174837815 -0.393688529729146
0.942792917117462 -0.376950482092224
0.946805231239128 -0.359623504695773
0.950675515316628 -0.341790557815103
0.954403188769716 -0.323538514939075
0.957987692411178 -0.30495768291056
0.961428488530732 -0.286141292240991
0.964725060975707 -0.267184960937583
0.96787691522849 -0.248186135426334
0.970883578480743 -0.229243512371379
0.97374459970437 -0.210456445379696
0.976459549719234 -0.191924340737414
0.979028021257622 -0.173746046448645
0.981449629025464 -0.156019238938435
0.983724009760315 -0.138839811836983
0.985850822286126 -0.122301271282128
0.987829747564861 -0.106494142160598
0.989660488745065 -0.0915053896555739
0.991342771207583 -0.077417860378755
0.992876342608822 -0.0643097472392338
0.99426097292241 -0.0522540820388996
0.995496454481096 -0.0413182595824735
0.996582602023381 -0.0315635968418541
0.997519252756721 -0.0230449303908346
0.998306266473006 -0.0158102548194665
0.998943525843409 -0.00990040366733337
0.999430937466261 -0.00534876987091712
0.999768437409263 -0.00218103248610847
0.999956050018992 -0.000414431279083503
