-0.999956050018992 -2.45985988360946e-07
-0.999768437409263 -1.29617853530023e-06
-0.999430937466261 -3.18590388216289e-06
-0.998943525843409 -5.91605400825383e-06
-0.998306266473006 -9.48709068060133e-06
-0.997519252756721 -1.38990901503908e-05
-0.996582602023381 -1.91514206762591e-05
-0.995496454481096 -2.52423398050226e-05
-0.99426097292241 -3.21685486629555e-05
-0.992876342608822 -3.99247245930865e-05
-0.991342771207583 -4.85030521778808e-05
-0.989660488745065 -5.78927727276147e-05
-0.987829747564861 -6.8079772058877e-05
-0.985850822286126 -7.90462255464207e-05
-0.983724009760315 -9.07703179589118e-05
-0.981449629025464 -0.000103226053506735
-0.979028021257622 -0.000116383168892845
-0.976459549719234 -0.000130207159041597
-0.97374459970437 -0.000144659421678926
-0.970883578480743 -0.000159697523157625
-0.96787691522849 -0.00017527558398022
-0.964725060975707 -0.000191344778493382
-0.961428488530732 -0.000207853939337697
-0.957987692411178 -0.000224750253559791
-0.954403188769716 -0.000241980033950732
-0.950675515316628 -0.000259489546275075
-0.946805231239128 -0.000277225870698079
-0.942792917117462 -0.000295137773986834
-0.938639174837815 -0.000313176568018056
-0.934344627502003 -0.00033129692981579
-0.929909919334006 -0.000349457658786524
-0.925335715583316 -0.000367622348016897
-0.920622702425146 -0.000385759948424351
-0.91577158685749 -0.000403845207157499
-0.910783096595065 -0.000421858964860574
-0.905657979960145 -0.000439788300158247
-0.900397005770304 -0.000457626513876474
-0.895000963223085 -0.000475372949974227
-0.889470661777611 -0.000493032654789698
-0.883806931033158 -0.000510615880868072
-0.878010620604707 -0.000528137446197195
-0.872082599995488 -0.000545615963997539
-0.866023758466554 -0.000563072962164022
-0.859835004903376 -0.000580531914918308
-0.853517267679503 -0.000598017212098233
-0.847071494517296 -0.000615553093693541
-0.840498652345763 -0.000633162578669553
-0.833799727155505 -0.000650866417751084
-0.826975723850813 -0.000668682099648626
-0.820027666098917 -0.000686622939194391
-0.812956596176432 -0.000704697274044113
-0.805763574812999 -0.000722907794037442
-0.798449681032171 -0.000741251024066088
-0.791016011989546 -0.000759716977462346
-0.783463682808184 -0.000778288992597278
-0.775793826411326 -0.00079694376068765
-0.768007593352446 -0.000815651547881235
-0.760106151642655 -0.000834376609658125
-0.752090686575492 -0.000853077790587026
-0.743962400549111 -0.000871709297646696
-0.735722512885918 -0.000890221630790112
-0.727372259649652 -0.000908562650315724
-0.718912893459971 -0.00092667875701794
-0.710345683304543 -0.00094451615811247
-0.701671914348685 -0.000962022189639362
-0.692892887742577 -0.00097914666449184
-0.684009920426076 -0.000995843214431974
-0.675024344931163 -0.00101207059444327
-0.665937509182049 -0.00102779391852398
-0.656750776292973 -0.00104298579750949
-0.647465524363725 -0.00105762735167517
-0.638083146272911 -0.00107170907364504
-0.628605049469015 -0.00108523152043003
-0.619032655759261 -0.00109820581715168
-0.609367401096334 -0.00111065395906439
-0.599610735362968 -0.00112260890276843
-0.589764122154454 -0.00113411444189288
-0.579829038559083 -0.00114522486691856
-0.569806974936569 -0.00115600441309906
-0.559699434694481 -0.00116652650453336
-0.549507934062719 -0.00117687280625843
-0.539234001866059 -0.00118713209969631
-0.528879179294822 -0.00119739899985037
-0.518445019673675 -0.00120777253525917
-0.507933088228616 -0.00121835461385694
-0.497344961852182 -0.00122924839955004
-0.48668222886689 -0.0012405566255011
-0.475946488786983 -0.00125237987083633
-0.465139352078479 -0.00126481482778431
-0.45426243991759 -0.00127795258615522
-0.443317383947527 -0.00129187696161719
-0.432305826033741 -0.00130666289347044
-0.421229418017624 -0.00132237493660038
-0.410089821468716 -0.00133906587104978
-0.398888707435459 -0.00135677545122056
-0.387627756194516 -0.00137552931512085
-0.376308656998716 -0.00139533807232519
-0.364933107823654 -0.00141619658741516
-0.35350281511297 -0.0014380834735999
-0.342019493522371 -0.00146096080895429
-0.330484865662417 -0.00148477408521956
-0.318900661840106 -0.00150945239633632
-0.307268619799319 -0.00153490887077127
-0.295590484460136 -0.00156104134819727
-0.283868007657082 -0.00158773329713451
-0.272102947876337 -0.00161485496571413
-0.260297069991942 -0.00164226475274169
-0.248452145001057 -0.00166981078070354
-0.236569949758284 -0.0016973326462756
-0.224652266709132 -0.00172466331729682
-0.212700883622626 -0.00175163113812614
-0.200717593323127 -0.00177806189791749
-0.188704193421389 -0.00180378090876959
-0.176662486044902 -0.00182861503312599
-0.164594277567554 -0.0018523945924532
-0.152501378338656 -0.00187495508238961
-0.140385602411376 -0.00189613861356178
-0.128248767270607 -0.00191579499247351
-0.116092693560333 -0.0019337823536925
-0.103919204810509 -0.001949967253428
-0.0917301271635194 -0.00196422413597665
-0.0795272891002329 -0.00197643408889819
-0.0673125211657164 -0.00198648281066203
-0.0550876556946339 -0.00199425772636983
-0.0428545265363791 -0.00199964420347567
-0.0306149687799789 -0.00200252084061895
-0.0183708184788136 -0.00200275382910541
-0.00612391237518933 -0.00200019041845537
0.00612391237518945 -0.00199465155486315
0.0183708184788137 -0.00198592380422494
0.030614968779979 -0.00197375071914288
0.0428545265363792 -0.00195782386114996
0.055087655694634 -0.00193777374396501
0.0673125211657166 -0.00191316101890225
0.079527289100233 -0.00188346827689832
0.0917301271635195 -0.00184809288941155
0.103919204810509 -0.00180634134820407
0.116092693560333 -0.00175742558633872
0.128248767270607 -0.00170046176341013
0.140385602411376 -0.00163447197036155
0.152501378338656 -0.00155838924645013
0.164594277567554 -0.00147106619693995
0.176662486044902 -0.00137128735053563
0.188704193421389 -0.00125778519896715
0.200717593323127 -0.00112925962036584
0.212700883622626 -0.000984400111711888
0.224652266709132 -0.000821909959066964
0.236569949758284 -0.000640531180206613
0.248452145001057 -0.000439068812087503
0.260297069991943 -0.000216412919711634
0.272102947876337 2.84433906546069e-05
0.283868007657082 0.000296391629535379
0.295590484460136 0.000588202729004679
0.307268619799319 0.000904530101683136
0.318900661840106 0.00124592153666446
0.330484865662417 0.00161283986614201
0.342019493522372 0.00200569161747177
0.35350281511297 0.00242486214635066
0.364933107823654 0.00287075510530181
0.376308656998717 0.00334383361181123
0.387627756194516 0.0038446602014048
0.398888707435459 0.00437393261741639
0.410089821468717 0.00493251270590703
0.421229418017624 0.0055214461254293
0.432305826033741 0.00614197119559062
0.443317383947527 0.00679551592709697
0.45426243991759 0.00748368302434653
0.465139352078479 0.00820822335931918
0.475946488786983 0.00897099902521369
0.48668222886689 0.00977393755122659
0.497344961852182 0.0106189791774811
0.507933088228616 0.0115080192515327
0.518445019673675 0.0124428478301381
0.528879179294822 0.0134250884770273
0.539234001866059 0.0144561380690534
0.549507934062719 0.0155371091895347
0.559699434694481 0.0166687764262442
0.569806974936569 0.0178515276249081
0.579829038559083 0.0190853208941302
0.589764122154454 0.0203696479256297
0.599610735362968 0.0217035039908559
0.609367401096334 0.0230853648037189
0.619032655759261 0.0245131702987273
0.628605049469015 0.0259843152616864
0.638083146272911 0.0274956466626617
0.647465524363725 0.0290434674740894
0.656750776292973 0.0306235467067206
0.665937509182049 0.0322311353588444
0.675024344931163 0.0338609879467766
0.684009920426076 0.0355073892643365
0.692892887742577 0.0371641860038819
0.701671914348685 0.0388248228599118
0.710345683304543 0.0404823827271346
0.718912893459971 0.0421296305974817
0.727372259649652 0.043759060754344
0.735722512885918 0.0453629468570213
0.743962400549112 0.0469333945039131
0.752090686575492 0.0484623958593001
0.760106151642655 0.0499418859257342
0.768007593352446 0.0513638000421735
0.775793826411326 0.0527201321871737
0.783463682808184 0.0540029936668199
0.791016011989546 0.0552046717687761
0.798449681032171 0.0563176879669669
0.805763574812999 0.0573348552661029
0.812956596176432 0.0582493342816189
0.820027666098917 0.0590546876587027
0.826975723850813 0.0597449324440256
0.833799727155505 0.0603145900356151
0.840498652345763 0.0607587333500716
0.847071494517296 0.0610730308620689
0.853517267679503 0.0612537871888094
0.859835004903376 0.0612979799118204
0.866023758466555 0.0612032923501835
0.872082599995488 0.0609681420229252
0.878010620604706 0.0605917045638284
0.883806931033158 0.060073932879272
0.889470661777611 0.0594155713687718
0.895000963223085 0.0586181650585556
0.900397005770304 0.057684063530654
0.905657979960145 0.0566164195634076
0.910783096595065 0.0554191824338639
0.91577158685749 0.0540970858680143
0.920622702425147 0.0526556306610044
0.925335715583316 0.0511010620261012
0.929909919334006 0.0494403417680591
0.934344627502003 0.0476811154133261
0.938639174837815 0.0458316744660149
0.942792917117462 0.0439009139944084
0.946805231239128 0.0418982857877264
0.950675515316628 0.0398337473566369
0.954403188769716 0.0377177070832525
0.957987692411178 0.0355609658568646
0.961428488530732 0.0333746555600965
0.964725060975707 0.0311701747963027
0.96787691522849 0.0289591222726002
0.970883578480743 0.0267532282736833
0.97374459970437 0.0245642846793192
0.976459549719234 0.0224040739929738
0.979028021257622 0.0202842978601752
0.981449629025464 0.0182165055628934
0.983724009760315 0.0162120229802391
0.985850822286126 0.0142818825061316
0.987829747564861 0.0124367544111543
0.989660488745065 0.0106868801286226
0.991342771207583 0.00904200793389135
0.992876342608822 0.00751133147116546
0.99426097292241 0.00610343156342426
0.995496454481096 0.00482622171833038
0.996582602023381 0.00368689771516865
0.997519252756721 0.00269189162163752
0.998306266473006 0.00184683053205614
0.998943525843409 0.00115650018412831
0.999430937466261 0.000624813083135989
0.999768437409263 0.000254777233419473
0.999956050018992 4.84119138708068e-05
