-0.999956050018992 0.000132475058912509
-0.999768437409263 0.000697004858947567
-0.999430937466261 0.00170856963298602
-0.998943525843409 0.00316044678480526
-0.998306266473006 0.00504267663157642
-0.997519252756721 0.00734229360144208
-0.996582602023381 0.0100434129605009
-0.995496454481096 0.0131273198355853
-0.99426097292241 0.0165725714257999
-0.992876342608822 0.0203551136712361
-0.991342771207583 0.0244484122304884
-0.989660488745065 0.0288235972748343
-0.987829747564861 0.0334496214690071
-0.985850822286126 0.0382934304224255
-0.983724009760315 0.0433201448256095
-0.981449629025464 0.0484932534249215
-0.979028021257622 0.053774815931975
-0.976459549719234 0.0591256749112061
-0.97374459970437 0.0645056756400614
-0.970883578480743 0.0698738928910695
-0.96787691522849 0.0751888635438871
-0.964725060975707 0.0804088238984597
-0.961428488530732 0.0854919505278579
-0.957987692411178 0.0903966034814055
-0.954403188769716 0.0950815706255454
-0.950675515316628 0.0995063118917074
-0.946805231239128 0.103631202187422
-0.942792917117462 0.107417771719212
-0.938639174837815 0.110828942473552
-0.934344627502003 0.113829259605534
-0.929909919334006 0.116385116493938
-0.925335715583316 0.118464972236244
-0.920622702425146 0.120039560377872
-0.91577158685749 0.121082087696548
-0.910783096595065 0.121568421895296
-0.905657979960145 0.121477267096056
-0.900397005770304 0.120790326070391
-0.895000963223085 0.119492448193985
-0.889470661777611 0.117571762167728
-0.883806931033158 0.115019792609844
-0.878010620604707 0.111831559690756
-0.872082599995488 0.108005661054859
-0.866023758466554 0.103544335351036
-0.859835004903376 0.0984535067762049
-0.853517267679503 0.092742810123284
-0.847071494517296 0.0864255959162756
-0.840498652345763 0.0795189153104461
-0.833799727155505 0.0720434845343965
-0.826975723850813 0.0640236287527674
-0.820027666098917 0.0554872053329947
-0.812956596176432 0.0464655066064324
-0.805763574812999 0.0369931423228099
-0.798449681032171 0.0271079021068811
-0.791016011989546 0.0168505983366775
-0.783463682808184 0.00626488997348774
-0.775793826411326 -0.00460291201608388
-0.768007593352446 -0.0157040568964302
-0.760106151642655 -0.0269875832005484
-0.752090686575492 -0.0384005636066068
-0.743962400549111 -0.0498883645887843
-0.735722512885918 -0.0613949196788577
-0.727372259649652 -0.072863015080355
-0.718912893459971 -0.0842345862871492
-0.710345683304543 -0.0954510242738797
-0.701671914348685 -0.106453489746997
-0.692892887742577 -0.117183233873257
-0.684009920426076 -0.127581923837594
-0.675024344931163 -0.137591971525085
-0.665937509182049 -0.147156863572592
-0.656750776292973 -0.156221490995271
-0.647465524363725 -0.16473247656165
-0.638083146272911 -0.172638498069061
-0.628605049469015 -0.179890605659015
-0.619032655759261 -0.186442531309993
-0.609367401096334 -0.192250988653412
-0.599610735362968 -0.197275961277237
-0.589764122154454 -0.201480977711172
-0.579829038559083 -0.20483337132751
-0.569806974936569 -0.207304523442619
-0.559699434694481 -0.208870087965659
-0.549507934062719 -0.209510196013316
-0.539234001866059 -0.209209638991903
-0.528879179294822 -0.207958028740962
-0.518445019673675 -0.205749933435051
-0.507933088228616 -0.202584988052477
-0.497344961852182 -0.198467978340784
-0.48668222886689 -0.193408897338378
-0.475946488786983 -0.187422973649193
-0.465139352078479 -0.180530670812086
-0.45426243991759 -0.172757657258076
-0.443317383947527 -0.164134746505826
-0.432305826033741 -0.154697807408099
-0.421229418017624 -0.144487644428485
-0.410089821468716 -0.133549848097577
-0.398888707435459 -0.121934615970072
-0.387627756194516 -0.109696544577978
-0.376308656998716 -0.0968943930492474
-0.364933107823654 -0.0835908192347938
-0.35350281511297 -0.0698520893587392
-0.342019493522371 -0.0557477623761107
-0.330484865662417 -0.0413503503877737
-0.318900661840106 -0.0267349566232404
-0.307268619799319 -0.0119788926570281
-0.295590484460136 0.00283872332753995
-0.283868007657082 0.0176373852728401
-0.272102947876337 0.0323356328939286
-0.260297069991942 0.0468514980303792
-0.248452145001057 0.0611029613842155
-0.236569949758284 0.0750084172255517
-0.224652266709132 0.0884871435602509
-0.212700883622626 0.101459775179664
-0.200717593323127 0.113848776952003
-0.188704193421389 0.125578914668731
-0.176662486044902 0.136577720728041
-0.164594277567554 0.146775951921523
-0.152501378338656 0.156108036589782
-0.140385602411376 0.16451250842844
-0.128248767270607 0.171932424257685
-0.116092693560333 0.178315763116559
-0.103919204810509 0.183615804107318
-0.0917301271635194 0.187791480495534
-0.0795272891002329 0.19080770766772
-0.0673125211657164 0.192635682660064
-0.0550876556946339 0.193253153098689
-0.0428545265363791 0.19264465353349
-0.0306149687799789 0.190801707303144
-0.0183708184788136 0.187722992237868
-0.00612391237518933 0.183414468687989
0.00612391237518945 0.177889468559565
0.0183708184788137 0.171168744242131
0.030614968779979 0.163280476527192
0.0428545265363792 0.154260240838082
0.055087655694634 0.144150931321196
0.0673125211657166 0.133002642584048
0.079527289100233 0.120872509105803
0.0917301271635195 0.107824502589549
0.103919204810509 0.0939291877712055
0.116092693560333 0.0792634374461623
0.128248767270607 0.0639101077200183
0.140385602411376 0.0479576747327931
0.152501378338656 0.0314998343450589
0.164594277567554 0.0146350665082664
0.176662486044902 -0.00253383373143955
0.188704193421389 -0.0199002564278216
0.200717593323127 -0.0373543057502942
0.212700883622626 -0.0547833552453887
0.224652266709132 -0.0720726265826837
0.236569949758284 -0.0891057888517332
0.248452145001057 -0.105765575319114
0.260297069991943 -0.121934414413237
0.272102947876337 -0.137495071580074
0.283868007657082 -0.152331298546413
0.295590484460136 -0.166328486439499
0.307268619799319 -0.179374319143728
0.318900661840106 -0.191359423227078
0.330484865662417 -0.202178010742745
0.342019493522372 -0.211728511205341
0.35350281511297 -0.219914189056392
0.364933107823654 -0.226643742970877
0.376308656998717 -0.231831883415149
0.387627756194516 -0.235399884946821
0.398888707435459 -0.237276109848701
0.410089821468717 -0.237396499811388
0.421229418017624 -0.235705032522164
0.432305826033741 -0.232154140180679
0.443317383947527 -0.226705087143967
0.45426243991759 -0.219328304103644
0.465139352078479 -0.210003676415678
0.475946488786983 -0.198720784436941
0.48668222886689 -0.185479093971478
0.497344961852182 -0.170288095191834
0.507933088228616 -0.153167388675494
0.518445019673675 -0.134146717481883
0.528879179294822 -0.113265944490056
0.539234001866059 -0.0905749745193489
0.549507934062719 -0.0661336210632834
0.559699434694481 -0.0400114177791354
0.569806974936569 -0.0122873751899022
0.579829038559083 0.0169503166297221
0.589764122154454 0.0476046382983765
0.599610735362968 0.0795701429089083
0.609367401096334 0.112733407644886
0.619032655759261 0.146973533234474
0.628605049469015 0.182162688954074
0.638083146272911 0.218166700615406
0.647465524363725 0.254845678703195
0.656750776292973 0.292054683578185
0.665937509182049 0.329644424423183
0.675024344931163 0.367461988390057
0.684009920426076 0.405351596204192
0.692892887742577 0.443155380301481
0.701671914348685 0.480714181412482
0.710345683304543 0.517868359370145
0.718912893459971 0.554458613802481
0.727372259649652 0.590326810280493
0.735722512885918 0.625316807425377
0.743962400549112 0.659275280438093
0.752090686575492 0.692052536499076
0.760106151642655 0.723503317496708
0.768007593352446 0.753487585580045
0.775793826411326 0.781871287094349
0.783463682808184 0.808527090546871
0.791016011989546 0.833335094364897
0.798449681032171 0.856183500347603
0.805763574812999 0.876969248877295
0.812956596176432 0.895598612143256
0.820027666098917 0.911987741841654
0.826975723850813 0.926063168046935
0.833799727155505 0.937762246202273
0.840498652345763 0.947033549447986
0.847071494517296 0.953837203795546
0.853517267679503 0.958145163959583
0.859835004903376 0.959941427979289
0.866023758466555 0.959222189092083
0.872082599995488 0.95599592366452
0.878010620604706 0.950283414336188
0.883806931033158 0.942117707889771
0.889470661777611 0.93154400772257
0.895000963223085 0.918619501159309
0.900397005770304 0.903413122211188
0.905657979960145 0.886005250749392
0.910783096595065 0.866487349420843
0.91577158685749 0.844961539987547
0.920622702425147 0.821540121116466
0.925335715583316 0.796345029982338
0.929909919334006 0.769507250369373
0.934344627502003 0.741166170267176
0.938639174837815 0.711468892249908
0.942792917117462 0.680569500203742
0.946805231239128 0.648628286224429
0.950675515316628 0.615810941742681
0.954403188769716 0.582287717148757
0.957987692411178 0.548232554377726
0.961428488530732 0.513822197082084
0.964725060975707 0.479235283157957
0.96787691522849 0.444651424503866
0.970883578480743 0.410250278976387
0.97374459970437 0.376210619564387
0.976459549719234 0.342709405832507
0.979028021257622 0.309920862684729
0.981449629025464 0.278015571470556
0.983724009760315 0.247159578399076
0.985850822286126 0.217513525140682
0.987829747564861 0.189231806382549
0.989660488745065 0.162461758962562
0.991342771207583 0.137342887037789
0.992876342608822 0.114006127547504
0.99426097292241 0.0925731600063702
0.995496454481096 0.0731557644057376
0.996582602023381 0.0558552306950498
0.997519252756721 0.0407618229093094
0.998306266473006 0.0279543003096257
0.998943525843409 0.0174994960616573
0.999430937466261 0.00945194619961025
0.999768437409263 0.00385350848506131
0.999956050018992 0.000732159958810137
