/*
Particulate absorption and scattering spectra, normalized by SPM 
Scattering spectra estimated from LISST-VSF PSD power-function fit (see Boss et al. 2013) scaled by LISST-VSF scattering coefficient at 515 nm 
Total (a_p) and bleached (a_d) absorption spectra from UV/VIS spectrophotometer measurements with GF/F filter.

Lat, Lon =  59.8787 ,  5.65556 
Date Time UTC =  20-May-2022 11:32:00 
Depth = 1 m  
SPM =  20.13  g/m3 
POC = -999 mg/m3 
PSD power-law exponent (~1.5-147 µm) =  4.974 
Scattering spectra power-function exponent (400-700 nm) =  1.779 

Created by Elinor Tessin on  22-Apr-2024 00:36:44 
Data Version:  V1_22-Apr-2024 
Column 1: wavelength [nm]
Column 2: a_p [m^2/g]
Column 3: a_d [m^2/g]
Column 4: b_p [m^2/g]
*/
300	   0.01128	   0.009896	   0.922
301	   0.01101	   0.009747	   0.917
302	   0.01074	   0.009598	   0.911
303	   0.01048	   0.009436	   0.906
304	   0.01023	   0.009275	   0.901
305	   0.01003	   0.009083	   0.896
306	   0.009821	   0.008892	   0.89
307	   0.009685	   0.008758	   0.885
308	   0.009548	   0.008624	   0.88
309	   0.009451	   0.008492	   0.875
310	   0.009354	   0.008361	   0.87
311	   0.009282	   0.008214	   0.865
312	   0.00921	   0.008068	   0.86
313	   0.009175	   0.007968	   0.855
314	   0.009141	   0.007869	   0.85
315	   0.009074	   0.007737	   0.846
316	   0.009006	   0.007606	   0.841
317	   0.008957	   0.007514	   0.836
318	   0.008907	   0.007422	   0.831
319	   0.008897	   0.00736	   0.827
320	   0.008887	   0.007298	   0.822
321	   0.008855	   0.007146	   0.818
322	   0.008823	   0.006995	   0.813
323	   0.008803	   0.006885	   0.809
324	   0.008783	   0.006776	   0.804
325	   0.00877	   0.006706	   0.8
326	   0.008758	   0.006637	   0.795
327	   0.008711	   0.006518	   0.791
328	   0.008664	   0.006398	   0.787
329	   0.008639	   0.006307	   0.783
330	   0.008614	   0.006215	   0.778
331	   0.008577	   0.006138	   0.774
332	   0.008539	   0.006061	   0.77
333	   0.008487	   0.005986	   0.766
334	   0.008435	   0.005912	   0.762
335	   0.008423	   0.005797	   0.758
336	   0.00841	   0.005683	   0.754
337	   0.008393	   0.005579	   0.75
338	   0.008376	   0.005474	   0.746
339	   0.008308	   0.005385	   0.742
340	   0.008241	   0.005296	   0.738
341	   0.008179	   0.005199	   0.734
342	   0.008117	   0.005102	   0.73
343	   0.008038	   0.005014	   0.727
344	   0.007958	   0.004926	   0.723
345	   0.007866	   0.004824	   0.719
346	   0.007774	   0.004722	   0.716
347	   0.007702	   0.004644	   0.712
348	   0.00763	   0.004565	   0.708
349	   0.007524	   0.004482	   0.705
350	   0.007417	   0.004398	   0.701
351	   0.007322	   0.00432	   0.697
352	   0.007228	   0.004242	   0.694
353	   0.007171	   0.004169	   0.69
354	   0.007114	   0.004096	   0.687
355	   0.007072	   0.004009	   0.684
356	   0.007029	   0.003923	   0.68
357	   0.006982	   0.00385	   0.677
358	   0.006935	   0.003777	   0.673
359	   0.006893	   0.003727	   0.67
360	   0.00685	   0.003676	   0.667
361	   0.006818	   0.003621	   0.663
362	   0.006786	   0.003567	   0.66
363	   0.006761	   0.003502	   0.657
364	   0.006736	   0.003438	   0.654
365	   0.006706	   0.003372	   0.651
366	   0.006677	   0.003307	   0.647
367	   0.006657	   0.003249	   0.644
368	   0.006637	   0.003191	   0.641
369	   0.006627	   0.003124	   0.638
370	   0.006617	   0.003057	   0.635
371	   0.006605	   0.002991	   0.632
372	   0.006592	   0.002924	   0.629
373	   0.006592	   0.002889	   0.626
374	   0.006592	   0.002853	   0.623
375	   0.006592	   0.002808	   0.62
376	   0.006592	   0.002764	   0.617
377	   0.006592	   0.002718	   0.614
378	   0.006592	   0.002673	   0.611
379	   0.006595	   0.002633	   0.608
380	   0.006597	   0.002592	   0.606
381	   0.006592	   0.002541	   0.603
382	   0.006587	   0.002489	   0.6
383	   0.006567	   0.002441	   0.597
384	   0.006547	   0.002393	   0.594
385	   0.00652	   0.00235	   0.592
386	   0.006493	   0.002307	   0.589
387	   0.006478	   0.002269	   0.586
388	   0.006463	   0.002232	   0.584
389	   0.006448	   0.002194	   0.581
390	   0.006433	   0.002157	   0.578
391	   0.006416	   0.002115	   0.576
392	   0.006398	   0.002074	   0.573
393	   0.006386	   0.002037	   0.57
394	   0.006374	   0.002	   0.568
395	   0.006371	   0.001969	   0.565
396	   0.006369	   0.001938	   0.563
397	   0.006386	   0.001915	   0.56
398	   0.006403	   0.001892	   0.558
399	   0.006421	   0.001862	   0.555
400	   0.006438	   0.001833	   0.553
401	   0.006463	   0.001803	   0.55
402	   0.006488	   0.001772	   0.548
403	   0.006533	   0.001754	   0.546
404	   0.006577	   0.001736	   0.543
405	   0.006642	   0.001716	   0.541
406	   0.006706	   0.001695	   0.538
407	   0.006771	   0.001678	   0.536
408	   0.006836	   0.00166	   0.534
409	   0.006905	   0.001641	   0.531
410	   0.006975	   0.001623	   0.529
411	   0.007044	   0.001605	   0.527
412	   0.007114	   0.001586	   0.524
413	   0.007171	   0.001571	   0.522
414	   0.007228	   0.001555	   0.52
415	   0.007275	   0.001538	   0.518
416	   0.007322	   0.001521	   0.516
417	   0.007347	   0.001505	   0.513
418	   0.007372	   0.001489	   0.511
419	   0.007397	   0.001475	   0.509
420	   0.007422	   0.001461	   0.507
421	   0.007452	   0.001442	   0.505
422	   0.007481	   0.001423	   0.503
423	   0.007501	   0.001405	   0.5
424	   0.007521	   0.001388	   0.498
425	   0.007551	   0.001376	   0.496
426	   0.007581	   0.001364	   0.494
427	   0.007638	   0.00135	   0.492
428	   0.007695	   0.001336	   0.49
429	   0.007772	   0.001323	   0.488
430	   0.007849	   0.001309	   0.486
431	   0.007926	   0.001298	   0.484
432	   0.008003	   0.001287	   0.482
433	   0.008085	   0.001279	   0.48
434	   0.008167	   0.001271	   0.478
435	   0.008227	   0.001256	   0.476
436	   0.008286	   0.001242	   0.474
437	   0.008318	   0.001226	   0.472
438	   0.008351	   0.001209	   0.47
439	   0.008351	   0.001199	   0.468
440	   0.008351	   0.001188	   0.467
441	   0.008328	   0.001178	   0.465
442	   0.008306	   0.001167	   0.463
443	   0.008264	   0.001153	   0.461
444	   0.008222	   0.001139	   0.459
445	   0.008154	   0.001126	   0.457
446	   0.008087	   0.001114	   0.455
447	   0.00802	   0.001106	   0.454
448	   0.007953	   0.001098	   0.452
449	   0.007906	   0.001089	   0.45
450	   0.007859	   0.001079	   0.448
451	   0.007832	   0.001069	   0.447
452	   0.007804	   0.001059	   0.445
453	   0.007787	   0.001047	   0.443
454	   0.007769	   0.001034	   0.441
455	   0.007762	   0.001021	   0.44
456	   0.007755	   0.001007	   0.438
457	   0.007769	   0.001003	   0.436
458	   0.007784	   0.0009995	   0.434
459	   0.007797	   0.0009948	   0.433
460	   0.007809	   0.0009901	   0.431
461	   0.007809	   0.0009784	   0.429
462	   0.007809	   0.0009667	   0.428
463	   0.007792	   0.0009575	   0.426
464	   0.007774	   0.0009483	   0.425
465	   0.007745	   0.0009399	   0.423
466	   0.007715	   0.0009314	   0.421
467	   0.007668	   0.0009237	   0.42
468	   0.00762	   0.000916	   0.418
469	   0.007568	   0.0009098	   0.417
470	   0.007516	   0.0009036	   0.415
471	   0.007452	   0.0008932	   0.413
472	   0.007387	   0.0008828	   0.412
473	   0.00731	   0.0008731	   0.41
474	   0.007233	   0.0008634	   0.409
475	   0.007151	   0.0008505	   0.407
476	   0.007069	   0.0008376	   0.406
477	   0.006972	   0.0008241	   0.404
478	   0.006875	   0.0008107	   0.403
479	   0.006776	   0.0007988	   0.401
480	   0.006677	   0.0007869	   0.4
481	   0.00657	   0.0007765	   0.398
482	   0.006463	   0.000766	   0.397
483	   0.006346	   0.0007578	   0.395
484	   0.00623	   0.0007496	   0.394
485	   0.006123	   0.0007399	   0.392
486	   0.006016	   0.0007303	   0.391
487	   0.005909	   0.0007221	   0.39
488	   0.005802	   0.0007139	   0.388
489	   0.005688	   0.0007047	   0.387
490	   0.005574	   0.0006955	   0.385
491	   0.005457	   0.0006858	   0.384
492	   0.00534	   0.0006761	   0.383
493	   0.005229	   0.0006684	   0.381
494	   0.005117	   0.0006607	   0.38
495	   0.005006	   0.000653	   0.378
496	   0.004895	   0.0006453	   0.377
497	   0.004782	   0.0006374	   0.376
498	   0.00467	   0.0006294	   0.374
499	   0.004558	   0.0006217	   0.373
500	   0.004447	   0.000614	   0.372
501	   0.004338	   0.0006058	   0.37
502	   0.004228	   0.0005976	   0.369
503	   0.004126	   0.0005907	   0.368
504	   0.004024	   0.0005837	   0.366
505	   0.003933	   0.000576	   0.365
506	   0.003843	   0.0005683	   0.364
507	   0.003754	   0.0005601	   0.363
508	   0.003665	   0.0005519	   0.361
509	   0.003589	   0.000544	   0.36
510	   0.003512	   0.000536	   0.359
511	   0.003445	   0.0005301	   0.358
512	   0.003378	   0.0005241	   0.356
513	   0.003302	   0.0005174	   0.355
514	   0.003226	   0.0005107	   0.354
515	   0.003159	   0.000505	   0.353
516	   0.003092	   0.0004993	   0.351
517	   0.003038	   0.0004925	   0.35
518	   0.002983	   0.0004857	   0.349
519	   0.002929	   0.0004803	   0.348
520	   0.002876	   0.0004748	   0.347
521	   0.002824	   0.0004701	   0.345
522	   0.002771	   0.0004655	   0.344
523	   0.002718	   0.0004625	   0.343
524	   0.002664	   0.0004596	   0.342
525	   0.00261	   0.0004535	   0.341
526	   0.002556	   0.0004473	   0.34
527	   0.002506	   0.0004395	   0.338
528	   0.002456	   0.0004316	   0.337
529	   0.002407	   0.0004291	   0.336
530	   0.002359	   0.0004265	   0.335
531	   0.002317	   0.0004223	   0.334
532	   0.002274	   0.000418	   0.333
533	   0.002227	   0.0004126	   0.332
534	   0.00218	   0.0004073	   0.331
535	   0.00213	   0.0004038	   0.33
536	   0.002081	   0.0004002	   0.328
537	   0.002033	   0.0003895	   0.327
538	   0.001985	   0.0003788	   0.326
539	   0.001939	   0.0003692	   0.325
540	   0.001894	   0.0003595	   0.324
541	   0.00185	   0.0003585	   0.323
542	   0.001807	   0.0003576	   0.322
543	   0.001764	   0.0003576	   0.321
544	   0.001722	   0.0003575	   0.32
545	   0.001683	   0.0003499	   0.319
546	   0.001644	   0.0003422	   0.318
547	   0.001603	   0.0003365	   0.317
548	   0.001562	   0.0003308	   0.316
549	   0.00152	   0.0003274	   0.315
550	   0.001478	   0.0003241	   0.314
551	   0.001437	   0.0003192	   0.313
552	   0.001396	   0.0003142	   0.312
553	   0.00136	   0.0003106	   0.311
554	   0.001324	   0.0003069	   0.31
555	   0.001291	   0.0003015	   0.309
556	   0.001257	   0.000296	   0.308
557	   0.001225	   0.0002918	   0.307
558	   0.001194	   0.0002876	   0.306
559	   0.001163	   0.0002825	   0.305
560	   0.001133	   0.0002774	   0.304
561	   0.001108	   0.000273	   0.303
562	   0.001083	   0.0002685	   0.302
563	   0.001063	   0.000266	   0.301
564	   0.001043	   0.0002636	   0.3
565	   0.001026	   0.0002583	   0.299
566	   0.001009	   0.000253	   0.298
567	   0.0009983	   0.0002483	   0.297
568	   0.0009876	   0.0002437	   0.296
569	   0.0009771	   0.0002407	   0.295
570	   0.0009667	   0.0002377	   0.294
571	   0.000961	   0.0002327	   0.293
572	   0.0009553	   0.0002276	   0.293
573	   0.0009553	   0.0002249	   0.292
574	   0.0009553	   0.0002222	   0.291
575	   0.0009588	   0.000221	   0.29
576	   0.0009622	   0.0002198	   0.289
577	   0.0009702	   0.000216	   0.288
578	   0.0009781	   0.0002122	   0.287
579	   0.0009856	   0.0002083	   0.286
580	   0.000993	   0.0002043	   0.285
581	   0.001001	   0.0002007	   0.285
582	   0.001008	   0.0001972	   0.284
583	   0.001019	   0.0001954	   0.283
584	   0.001029	   0.0001936	   0.282
585	   0.00104	   0.0001907	   0.281
586	   0.001051	   0.0001878	   0.28
587	   0.00106	   0.0001863	   0.279
588	   0.00107	   0.0001848	   0.279
589	   0.001074	   0.0001806	   0.278
590	   0.001079	   0.0001763	   0.277
591	   0.001076	   0.0001723	   0.276
592	   0.001074	   0.0001683	   0.275
593	   0.001065	   0.000167	   0.274
594	   0.001057	   0.0001658	   0.274
595	   0.001044	   0.0001598	   0.273
596	   0.00103	   0.0001538	   0.272
597	   0.001015	   0.0001536	   0.271
598	   0.000999	   0.0001535	   0.27
599	   0.0009851	   0.0001556	   0.27
600	   0.0009712	   0.0001576	   0.269
601	   0.0009536	   0.0001535	   0.268
602	   0.0009359	   0.0001493	   0.267
603	   0.000922	   0.0001461	   0.266
604	   0.0009081	   0.000143	   0.266
605	   0.0008984	   0.0001395	   0.265
606	   0.0008887	   0.0001361	   0.264
607	   0.0008847	   0.0001368	   0.263
608	   0.0008808	   0.0001376	   0.262
609	   0.0008815	   0.0001357	   0.262
610	   0.0008823	   0.0001338	   0.261
611	   0.00088	   0.0001286	   0.26
612	   0.0008778	   0.0001233	   0.259
613	   0.000879	   0.0001217	   0.259
614	   0.0008803	   0.0001201	   0.258
615	   0.0008885	   0.0001215	   0.257
616	   0.0008967	   0.0001229	   0.256
617	   0.0009054	   0.0001237	   0.256
618	   0.0009141	   0.0001245	   0.255
619	   0.000922	   0.0001243	   0.254
620	   0.00093	   0.0001242	   0.254
621	   0.0009327	   0.0001209	   0.253
622	   0.0009354	   0.0001176	   0.252
623	   0.0009359	   0.0001136	   0.251
624	   0.0009364	   0.0001097	   0.251
625	   0.0009434	   0.0001093	   0.25
626	   0.0009503	   0.0001088	   0.249
627	   0.0009563	   0.0001087	   0.248
628	   0.0009622	   0.0001085	   0.248
629	   0.0009685	   0.0001073	   0.247
630	   0.0009747	   0.0001061	   0.246
631	   0.0009846	   0.0001065	   0.246
632	   0.0009945	   0.000107	   0.245
633	   0.001005	   0.0001089	   0.244
634	   0.001015	   0.0001108	   0.244
635	   0.001019	   0.0001071	   0.243
636	   0.001022	   0.0001033	   0.242
637	   0.001024	   9.834e-05	   0.242
638	   0.001026	   9.339e-05	   0.241
639	   0.001021	   9.155e-05	   0.24
640	   0.001015	   8.972e-05	   0.24
641	   0.001005	   9.086e-05	   0.239
642	   0.000994	   9.2e-05	   0.238
643	   0.0009866	   9.329e-05	   0.238
644	   0.0009791	   9.459e-05	   0.237
645	   0.0009647	   9.384e-05	   0.236
646	   0.0009503	   9.309e-05	   0.236
647	   0.0009362	   9.344e-05	   0.235
648	   0.000922	   9.379e-05	   0.234
649	   0.0009093	   9.026e-05	   0.234
650	   0.0008967	   8.674e-05	   0.233
651	   0.0008924	   8.244e-05	   0.232
652	   0.0008882	   7.814e-05	   0.232
653	   0.0008974	   7.968e-05	   0.231
654	   0.0009066	   8.122e-05	   0.231
655	   0.0009342	   8.554e-05	   0.23
656	   0.0009617	   8.987e-05	   0.229
657	   0.001011	   9.18e-05	   0.229
658	   0.00106	   9.374e-05	   0.228
659	   0.001134	   9.305e-05	   0.227
660	   0.001207	   9.235e-05	   0.227
661	   0.001311	   9.55e-05	   0.226
662	   0.001415	   9.866e-05	   0.226
663	   0.001539	   0.0001024	   0.225
664	   0.001663	   0.0001061	   0.224
665	   0.001796	   0.0001086	   0.224
666	   0.001929	   0.0001112	   0.223
667	   0.002068	   0.0001163	   0.223
668	   0.002207	   0.0001215	   0.222
669	   0.00234	   0.0001238	   0.221
670	   0.002472	   0.000126	   0.221
671	   0.002566	   0.0001243	   0.22
672	   0.002659	   0.0001226	   0.22
673	   0.002705	   0.000126	   0.219
674	   0.002751	   0.0001295	   0.219
675	   0.002751	   0.0001291	   0.218
676	   0.002752	   0.0001287	   0.217
677	   0.00271	   0.0001237	   0.217
678	   0.002668	   0.0001187	   0.216
679	   0.002592	   0.0001136	   0.216
680	   0.002517	   0.0001085	   0.215
681	   0.002407	   0.0001004	   0.215
682	   0.002298	   9.235e-05	   0.214
683	   0.00215	   8.554e-05	   0.213
684	   0.002001	   7.874e-05	   0.213
685	   0.001824	   7.285e-05	   0.212
686	   0.001646	   6.696e-05	   0.212
687	   0.001474	   6.401e-05	   0.211
688	   0.001302	   6.105e-05	   0.211
689	   0.001148	   5.686e-05	   0.21
690	   0.000995	   5.266e-05	   0.21
691	   0.0008554	   4.755e-05	   0.209
692	   0.0007158	   4.243e-05	   0.209
693	   0.0006135	   3.593e-05	   0.208
694	   0.0005112	   2.943e-05	   0.207
695	   0.0004403	   2.399e-05	   0.207
696	   0.0003693	   1.854e-05	   0.206
697	   0.0003217	   1.689e-05	   0.206
698	   0.0002741	   1.524e-05	   0.205
699	   0.0002502	   1.493e-05	   0.205
700	   0.0002264	   1.462e-05	   0.204
701	   0.0002003	   1.2e-05	   0.204
702	   0.0001742	   9.384e-06	   0.203
703	   0.0001492	   7.377e-06	   0.203
704	   0.0001242	   5.37e-06	   0.202
705	   0.0001117	   1.01e-05	   0.202
706	   9.925e-05	   1.482e-05	   0.201
707	   8.892e-05	   1.757e-05	   0.201
708	   7.859e-05	   2.032e-05	   0.2
709	   7.457e-05	   1.552e-05	   0.2
710	   7.054e-05	   1.071e-05	   0.199
711	   6.99e-05	   1.064e-05	   0.199
712	   6.925e-05	   1.057e-05	   0.198
713	   6.175e-05	   1.22e-05	   0.198
714	   5.425e-05	   1.382e-05	   0.197
715	   4.434e-05	   1.461e-05	   0.197
716	   3.443e-05	   1.54e-05	   0.196
717	   2.805e-05	   1.351e-05	   0.196
718	   2.167e-05	   1.161e-05	   0.195
719	   2.199e-05	   1.074e-05	   0.195
720	   2.232e-05	   9.856e-06	   0.194
721	   2.4e-05	   6.095e-06	   0.194
722	   2.568e-05	   2.335e-06	   0.193
723	   2.524e-05	   -5.847e-07	   0.193
724	   2.481e-05	   -3.504e-06	   0.192
725	   2.117e-05	   -2.342e-06	   0.192
726	   1.754e-05	   -1.179e-06	   0.191
727	   1.681e-05	   -5.127e-06	   0.191
728	   1.608e-05	   -9.076e-06	   0.191
729	   2.17e-05	   -2.932e-06	   0.19
730	   2.733e-05	   3.212e-06	   0.19
731	   2.531e-05	   6.216e-06	   0.189
732	   2.329e-05	   9.22e-06	   0.189
733	   1.537e-05	   7.548e-06	   0.188
734	   7.442e-06	   5.877e-06	   0.188
735	   7.894e-06	   8.455e-06	   0.187
736	   8.346e-06	   1.103e-05	   0.187
737	   8.097e-06	   3.394e-06	   0.186
738	   7.849e-06	   -4.245e-06	   0.186
739	   5.606e-06	   -6.198e-06	   0.185
740	   3.364e-06	   -8.152e-06	   0.185
741	   5.147e-06	   -1.662e-06	   0.185
742	   6.93e-06	   4.827e-06	   0.184
743	   8.726e-06	   8.511e-06	   0.184
744	   1.052e-05	   1.22e-05	   0.183
745	   7.73e-06	   1.008e-05	   0.183
746	   4.938e-06	   7.963e-06	   0.182
747	   1.161e-05	   8.646e-06	   0.182
748	   1.828e-05	   9.329e-06	   0.182
749	   2.4e-05	   1.167e-05	   0.181
750	   2.972e-05	   1.402e-05	   0.181
751	   2.575e-05	   1.563e-05	   0.18
752	   2.178e-05	   1.725e-05	   0.18
753	   1.851e-05	   1.895e-05	   0.179
754	   1.524e-05	   2.066e-05	   0.179
755	   1.533e-05	   1.475e-05	   0.179
756	   1.541e-05	   8.838e-06	   0.178
757	   1.139e-05	   8.557e-06	   0.178
758	   7.367e-06	   8.276e-06	   0.177
759	   9.29e-07	   1.191e-05	   0.177
760	   -5.509e-06	   1.555e-05	   0.176
761	   -4.755e-06	   1.312e-05	   0.176
762	   -4e-06	   1.07e-05	   0.176
763	   -3.882e-06	   1.152e-05	   0.175
764	   -3.764e-06	   1.234e-05	   0.175
765	   -4.666e-06	   1.325e-05	   0.174
766	   -5.569e-06	   1.416e-05	   0.174
767	   -7.054e-06	   9.043e-06	   0.174
768	   -8.539e-06	   3.923e-06	   0.173
769	   -7.29e-06	   4.013e-06	   0.173
770	   -6.041e-06	   4.104e-06	   0.172
771	   -3.153e-06	   6.553e-06	   0.172
772	   -2.655e-07	   9.001e-06	   0.172
773	   -4.84e-06	   5.123e-06	   0.171
774	   -9.414e-06	   1.244e-06	   0.171
775	   -1.414e-05	   1.834e-06	   0.17
776	   -1.887e-05	   2.424e-06	   0.17
777	   -1.79e-05	   1.823e-06	   0.17
778	   -1.693e-05	   1.223e-06	   0.169
779	   -1.964e-05	   -2.154e-07	   0.169
780	   -2.235e-05	   -1.654e-06	   0.169
781	   -1.759e-05	   7.899e-06	   0.168
782	   -1.284e-05	   1.745e-05	   0.168
783	   -1.06e-05	   1.054e-05	   0.167
784	   -8.366e-06	   3.62e-06	   0.167
785	   -7.576e-06	   -4.779e-07	   0.167
786	   -6.786e-06	   -4.576e-06	   0.166
787	   -3.759e-06	   4.336e-06	   0.166
788	   -7.312e-07	   1.325e-05	   0.165
789	   -6.163e-06	   8.214e-06	   0.165
790	   -1.159e-05	   3.18e-06	   0.165
791	   -1.119e-05	   -7.523e-06	   0.164
792	   -1.079e-05	   -1.823e-05	   0.164
793	   -1.229e-05	   -1.484e-05	   0.164
794	   -1.378e-05	   -1.146e-05	   0.163
795	   -1.418e-05	   -2.178e-06	   0.163
796	   -1.459e-05	   7.104e-06	   0.163
797	   -1.338e-05	   3.918e-06	   0.162
798	   -1.218e-05	   7.322e-07	   0.162
799	   -6.236e-06	   -1.267e-07	   0.161
800	   -2.962e-07	   -9.856e-07	   0.161
801	   9.627e-07	   -2.295e-06	   0.161
802	   2.222e-06	   -3.604e-06	   0.16
803	   -8.996e-06	   -1.611e-05	   0.16
804	   -2.021e-05	   -2.861e-05	   0.16
805	   -2.009e-05	   -2.442e-05	   0.159
806	   -1.997e-05	   -2.023e-05	   0.159
807	   -1.903e-05	   -5.991e-06	   0.159
808	   -1.809e-05	   8.251e-06	   0.158
809	   -1.456e-05	   1.216e-05	   0.158
810	   -1.103e-05	   1.607e-05	   0.158
811	   -1.51e-05	   8.637e-06	   0.157
812	   -1.916e-05	   1.204e-06	   0.157
813	   -2.862e-05	   -8.638e-06	   0.157
814	   -3.808e-05	   -1.848e-05	   0.156
815	   -3.472e-05	   -1.324e-05	   0.156
816	   -3.135e-05	   -7.998e-06	   0.156
817	   -2.172e-05	   -3.698e-06	   0.155
818	   -1.208e-05	   6.026e-07	   0.155
819	   -4.529e-06	   3.555e-06	   0.154
820	   3.024e-06	   6.508e-06	   0.154
821	   4.294e-06	   8.875e-06	   0.154
822	   5.564e-06	   1.124e-05	   0.153
823	   -6.046e-06	   6.948e-06	   0.153
824	   -1.766e-05	   2.653e-06	   0.153
825	   -1.401e-05	   1.184e-06	   0.153
826	   -1.037e-05	   -2.857e-07	   0.152
827	   2.106e-06	   2.666e-06	   0.152
828	   1.459e-05	   5.618e-06	   0.152
829	   8.789e-06	   3.644e-06	   0.151
830	   2.992e-06	   1.669e-06	   0.151
831	   4.323e-06	   1.032e-05	   0.151
832	   5.653e-06	   1.896e-05	   0.15
833	   5.805e-06	   1.841e-05	   0.15
834	   5.956e-06	   1.786e-05	   0.15
835	   -1.547e-06	   7.927e-06	   0.149
836	   -9.051e-06	   -2.005e-06	   0.149
837	   -1.549e-05	   4.011e-07	   0.149
838	   -2.193e-05	   2.808e-06	   0.148
839	   -2.149e-05	   -2.58e-06	   0.148
840	   -2.106e-05	   -7.968e-06	   0.148
841	   -1.505e-05	   -5.925e-06	   0.147
842	   -9.036e-06	   -3.883e-06	   0.147
843	   3.738e-06	   5.433e-06	   0.147
844	   1.651e-05	   1.475e-05	   0.146
845	   2.413e-05	   -2.484e-09	   0.146
846	   3.174e-05	   -1.475e-05	   0.146
847	   2.459e-05	   -1.366e-05	   0.146
848	   1.744e-05	   -1.256e-05	   0.145
849	   2.006e-05	   2.081e-06	   0.145
850	   2.269e-05	   1.672e-05	   0.145
851	   2.741e-05	   2.422e-05	   0.144
852	   3.213e-05	   3.172e-05	   0.144
853	   3.675e-05	   3.027e-05	   0.144
854	   4.138e-05	   2.883e-05	   0.143
855	   4.302e-05	   1.81e-05	   0.143
856	   4.466e-05	   7.372e-06	   0.143
857	   3.396e-05	   -2.499e-06	   0.143
858	   2.326e-05	   -1.237e-05	   0.142
859	   1.419e-05	   -9.128e-06	   0.142
860	   5.112e-06	   -5.887e-06	   0.142
861	   1.082e-06	   1.202e-06	   0.141
862	   -2.947e-06	   8.291e-06	   0.141
863	   -1.413e-05	   9.762e-06	   0.141
864	   -2.532e-05	   1.123e-05	   0.14
865	   -1.899e-05	   6.859e-06	   0.14
866	   -1.266e-05	   2.487e-06	   0.14
867	   -1.008e-06	   -5.304e-06	   0.14
868	   1.064e-05	   -1.309e-05	   0.139
869	   1.929e-05	   -3.855e-06	   0.139
870	   2.793e-05	   5.385e-06	   0.139
871	   3.265e-05	   -1.88e-06	   0.138
872	   3.737e-05	   -9.146e-06	   0.138
873	   2.582e-05	   -2.1e-05	   0.138
874	   1.426e-05	   -3.286e-05	   0.138
875	   2.654e-05	   -6.518e-06	   0.137
876	   3.882e-05	   1.983e-05	   0.137
877	   4.366e-05	   2.584e-05	   0.137
878	   4.85e-05	   3.186e-05	   0.137
879	   3.429e-05	   6.051e-06	   0.136
880	   2.008e-05	   -1.976e-05	   0.136
881	   4.581e-05	   -1.593e-05	   0.136
882	   7.154e-05	   -1.21e-05	   0.135
883	   5.106e-05	   5.44e-07	   0.135
884	   3.058e-05	   1.318e-05	   0.135
885	   3.005e-06	   1.968e-05	   0.135
886	   -2.457e-05	   2.617e-05	   0.134
887	   -2.828e-05	   1.969e-05	   0.134
888	   -3.2e-05	   1.321e-05	   0.134
889	   -4.73e-05	   -8.992e-06	   0.134
890	   -6.259e-05	   -3.119e-05	   0.133
891	   -5.294e-05	   -3.075e-05	   0.133
892	   -4.328e-05	   -3.031e-05	   0.133
893	   -7.231e-05	   -2.669e-05	   0.132
894	   -0.0001013	   -2.306e-05	   0.132
895	   -9.409e-05	   -1.835e-05	   0.132
896	   -8.684e-05	   -1.363e-05	   0.132
897	   -6.962e-05	   -1.088e-05	   0.131
898	   -5.241e-05	   -8.122e-06	   0.131
899	   -2.481e-05	   2.437e-06	   0.131
900	   2.784e-06	   1.3e-05	   0.131
