/*
Scattering Phase Functions [1/sr] at 532 nm from LISST-VSF (SN 1475), Percentiles and mean
Volume scattering function corrected and extrapolated to 180ยบ following Koestner et al. 2018 

Dilution-corrected (if applicable) IOPs [1/m], Percentiles and mean;
bbp = 2.672075	2.755036	2.852656	2.957232	3.055263	2.859383
bp = 87.368080	89.303699	91.337565	93.602115	95.346417	91.414119
cp = 91.193444	96.332466	103.856220	120.878729	148.569007	117.134518

Lat, Lon = NaN, NaN
Date Time UTC = NaN
Depth = NaN m
SPM = 110.40 g/m3
POC/SPM = 0.00 

Created by Daniel Koestner on 15-Jan-2024 15:28:32
Data Version: V4_10-Nov-2023

Column 1: Angle [deg]
Column 2: 10th Percentile Data
Column 3: 25th Percentile Data
Column 4: 50th Percentile Data
Column 5: 75th Percentile Data
Column 6: 90th Percentile Data
Column 7: Mean Data
*/
 0.08357	   17.91	   19.69	   22.84	   26.33	    29.1	   23.55
 0.09861	   17.91	   19.69	   22.84	   26.33	    29.1	   23.55
  0.1164	   17.91	   19.69	   22.84	   26.33	    29.1	   23.55
  0.1373	   17.91	   19.69	   22.84	   26.33	    29.1	   23.55
  0.1621	   17.91	   19.69	   22.84	   26.33	    29.1	   23.55
  0.1912	   17.91	   19.69	   22.84	   26.33	    29.1	   23.55
  0.2257	   17.92	   19.69	   22.84	   26.33	    29.1	   23.55
  0.2663	   17.94	    19.7	   22.84	   26.33	    29.1	   23.55
  0.3143	   17.87	   19.67	   22.84	   26.33	    29.1	   23.55
  0.3708	   17.27	   19.41	   22.72	   26.13	   28.84	   23.42
  0.4376	    16.6	      19	   21.77	   24.52	   26.83	   22.39
  0.5164	   16.37	   18.44	   20.41	   22.37	   24.12	   20.89
  0.6094	   16.61	   17.79	   18.65	   19.63	   20.64	   18.95
  0.7191	   16.79	   17.12	   17.48	   17.94	   18.51	   17.64
  0.8486	    16.3	    16.3	   16.39	   16.43	   16.66	   16.44
   1.001	   15.53	   15.45	   15.47	   15.35	   15.42	   15.45
   1.182	   15.07	   14.95	   14.87	   14.73	   14.66	   14.87
   1.394	   13.99	   13.87	    13.8	   13.77	   13.75	   13.82
   1.645	   13.37	   13.25	    13.1	   12.96	   12.85	   13.11
   1.941	   12.28	   12.18	   12.08	   12.06	   11.98	   12.12
    2.29	   11.36	    11.2	   11.08	   10.94	   10.82	   11.08
   2.701	   10.18	   10.07	   9.996	   9.971	    9.91	   10.02
   3.185	   9.409	   9.275	   9.158	   9.026	   8.949	   9.159
   3.756	   8.047	   7.959	     7.9	   7.871	   7.813	   7.909
   4.428	   6.433	   6.362	   6.303	   6.233	   6.161	   6.296
   5.218	   4.952	    4.91	   4.881	   4.863	   4.843	   4.886
   6.146	   4.211	   4.183	   4.166	   4.142	   4.128	   4.162
   7.232	   3.101	   3.062	   3.044	   3.037	   3.027	    3.05
   8.502	   2.386	   2.364	   2.358	   2.369	   2.368	   2.367
   9.981	   1.748	   1.732	    1.72	    1.72	   1.717	   1.729
   11.69	   1.287	   1.289	   1.284	    1.28	   1.277	   1.284
   13.67	  0.9527	  0.9634	  0.9627	  0.9569	  0.9548	  0.9587
      15	  0.7957	  0.8095	  0.8105	  0.8041	  0.8023	  0.8048
      16	  0.7037	  0.7127	  0.7153	  0.7109	  0.7086	  0.7102
      17	  0.6221	  0.6311	  0.6327	  0.6287	  0.6287	  0.6285
      18	  0.5525	  0.5599	  0.5615	  0.5586	  0.5577	   0.558
      19	  0.4948	  0.4998	  0.5003	  0.4994	  0.4976	  0.4984
      20	  0.4428	  0.4479	  0.4475	  0.4473	   0.445	  0.4462
      21	  0.3996	   0.402	  0.4016	  0.4021	  0.4003	   0.401
      22	  0.3602	  0.3622	   0.362	  0.3619	  0.3608	  0.3611
      23	  0.3241	   0.327	  0.3267	  0.3269	  0.3262	  0.3264
      24	  0.2953	  0.2974	  0.2977	  0.2972	  0.2975	  0.2968
      25	  0.2692	  0.2698	  0.2709	  0.2706	   0.271	  0.2702
      26	  0.2461	  0.2458	  0.2462	  0.2466	  0.2481	   0.246
      27	   0.224	  0.2242	  0.2248	  0.2252	  0.2263	  0.2245
      28	  0.2031	   0.204	  0.2053	  0.2057	  0.2067	  0.2048
      29	  0.1846	  0.1863	  0.1875	  0.1884	  0.1889	  0.1872
      30	  0.1689	  0.1707	  0.1716	  0.1726	  0.1728	  0.1713
      31	   0.154	  0.1555	  0.1581	  0.1578	  0.1585	   0.157
      32	  0.1413	  0.1428	  0.1448	  0.1448	  0.1456	  0.1438
      33	  0.1305	  0.1317	  0.1334	  0.1338	  0.1341	  0.1328
      34	  0.1202	  0.1216	   0.124	  0.1241	  0.1244	   0.123
      35	  0.1112	  0.1126	  0.1143	  0.1155	  0.1159	   0.114
      36	  0.1023	  0.1043	  0.1062	   0.107	  0.1074	  0.1056
      37	 0.09537	 0.09646	 0.09845	 0.09938	 0.09974	 0.09795
      38	 0.08842	 0.08979	 0.09121	  0.0923	 0.09275	 0.09092
      39	 0.08155	 0.08308	 0.08445	 0.08547	 0.08579	 0.08409
      40	 0.07567	 0.07704	 0.07838	 0.07936	 0.08011	 0.07811
      41	 0.07226	 0.07323	  0.0744	 0.07546	 0.07598	 0.07423
      42	 0.06872	 0.06929	 0.07032	 0.07124	 0.07187	 0.07024
      43	 0.06492	  0.0653	  0.0661	 0.06712	 0.06756	 0.06615
      44	 0.06111	 0.06118	 0.06181	 0.06265	 0.06322	 0.06196
      45	 0.05713	 0.05698	 0.05747	 0.05832	 0.05884	 0.05768
      46	 0.05277	  0.0527	 0.05296	 0.05388	 0.05427	 0.05332
      47	 0.04849	 0.04835	  0.0484	 0.04938	 0.04972	 0.04889
      48	 0.04557	 0.04543	 0.04555	 0.04642	 0.04681	 0.04594
      49	 0.04306	 0.04272	 0.04283	 0.04366	  0.0441	 0.04323
      50	 0.04051	 0.04024	 0.04014	 0.04083	 0.04143	 0.04061
      51	 0.03812	  0.0379	 0.03788	 0.03827	 0.03885	 0.03821
      52	 0.03598	 0.03568	 0.03563	   0.036	  0.0367	 0.03598
      53	 0.03376	 0.03349	 0.03344	 0.03384	 0.03426	 0.03375
      54	 0.03181	 0.03153	 0.03147	 0.03184	 0.03235	  0.0318
      55	 0.02995	 0.02968	 0.02964	 0.02987	 0.03036	 0.02989
      56	 0.02823	 0.02796	 0.02786	 0.02809	 0.02853	 0.02812
      57	 0.02661	 0.02636	 0.02627	 0.02645	 0.02686	 0.02649
      58	 0.02523	 0.02497	 0.02486	 0.02503	 0.02537	 0.02506
      59	 0.02388	  0.0236	 0.02353	 0.02363	  0.0239	  0.0237
      60	 0.02264	 0.02241	 0.02237	 0.02236	  0.0225	 0.02246
      61	 0.02167	 0.02139	 0.02134	 0.02122	 0.02136	 0.02139
      62	 0.02067	 0.02048	 0.02039	 0.02032	 0.02051	 0.02046
      63	  0.0197	 0.01956	  0.0194	 0.01943	 0.01944	  0.0195
      64	 0.01883	 0.01865	 0.01857	 0.01859	 0.01859	 0.01864
      65	 0.01789	 0.01781	 0.01773	 0.01766	 0.01772	 0.01777
      66	 0.01705	 0.01694	 0.01692	 0.01685	 0.01685	 0.01693
      67	 0.01635	 0.01623	 0.01621	 0.01617	 0.01612	 0.01621
      68	 0.01564	 0.01555	 0.01545	 0.01546	 0.01548	  0.0155
      69	 0.01488	  0.0148	 0.01478	 0.01474	  0.0147	 0.01479
      70	 0.01418	 0.01417	 0.01415	 0.01406	   0.014	 0.01412
      71	 0.01358	 0.01347	 0.01344	 0.01344	 0.01342	 0.01347
      72	 0.01305	 0.01295	 0.01295	 0.01287	 0.01286	 0.01293
      73	 0.01246	 0.01241	 0.01241	 0.01239	  0.0124	  0.0124
      74	 0.01199	 0.01187	 0.01185	 0.01192	  0.0119	 0.01189
      75	 0.01142	 0.01136	 0.01133	 0.01137	 0.01138	 0.01136
      76	  0.0111	   0.011	   0.011	 0.01096	   0.011	 0.01101
      77	 0.01062	 0.01055	 0.01052	 0.01055	 0.01053	 0.01056
      78	 0.01024	  0.0102	  0.0102	 0.01017	 0.01022	  0.0102
      79	0.009791	0.009818	0.009795	0.009796	0.009824	 0.00981
      80	0.009395	0.009386	0.009387	0.009354	0.009408	0.009392
      81	0.009192	0.009176	0.009194	0.009184	0.009182	0.009186
      82	0.008889	0.008882	 0.00883	0.008822	  0.0088	0.008837
      83	0.008466	0.008471	0.008488	0.008501	0.008497	0.008481
      84	0.008285	0.008321	0.008313	0.008293	0.008299	0.008298
      85	0.007943	0.007949	0.007946	0.007966	0.008045	0.007963
      86	0.007719	0.007716	0.007724	0.007747	 0.00784	0.007743
      87	0.007518	0.007528	0.007544	0.007533	0.007595	0.007547
      88	0.007257	0.007285	0.007304	0.007313	0.007381	0.007303
      89	0.007018	0.007061	0.007086	0.007085	0.007109	0.007081
      90	0.006855	0.006841	0.006845	0.006879	0.006922	0.006869
      91	0.006647	0.006677	0.006676	0.006724	0.006768	0.006701
      92	0.006416	 0.00643	0.006502	0.006504	 0.00655	0.006492
      93	0.006279	  0.0063	0.006336	0.006363	0.006416	0.006341
      94	0.006171	0.006137	0.006153	0.006203	0.006264	 0.00618
      95	0.006012	0.006014	0.006039	0.006035	0.006097	0.006045
      96	0.005939	0.005944	0.005981	0.005977	0.006034	0.005966
      97	0.005761	0.005767	0.005838	0.005838	0.005865	0.005819
      98	0.005569	0.005628	0.005684	0.005696	0.005751	0.005674
      99	0.005544	0.005546	0.005596	0.005624	0.005677	0.005598
     100	 0.00539	0.005425	 0.00548	0.005515	0.005569	0.005478
     101	0.005227	0.005291	0.005348	0.005413	0.005444	0.005345
     102	0.005223	0.005263	0.005293	0.005338	0.005381	  0.0053
     103	0.005117	0.005181	0.005221	0.005242	0.005295	0.005211
     104	0.005025	0.005067	0.005116	 0.00515	0.005215	0.005115
     105	 0.00496	0.004982	 0.00505	0.005091	0.005189	0.005054
     106	 0.00492	0.004944	0.004993	0.005047	0.005076	0.004996
     107	0.004841	0.004903	0.004935	0.005003	0.005079	0.004958
     108	0.004723	0.004794	0.004843	0.004885	0.004986	0.004856
     109	0.004743	0.004786	0.004829	0.004892	0.004965	0.004843
     110	 0.00469	 0.00473	0.004793	0.004837	 0.00493	0.004799
     111	0.004689	0.004703	0.004774	0.004816	0.004846	 0.00477
     112	0.004618	0.004659	0.004693	 0.00476	0.004826	0.004717
     113	0.004557	 0.00462	0.004696	0.004721	0.004809	0.004688
     114	0.004463	0.004545	 0.00465	0.004672	0.004792	0.004625
     115	0.004517	0.004554	0.004641	0.004675	0.004728	0.004628
     116	0.004506	0.004507	0.004566	 0.00465	0.004739	0.004595
     117	0.004424	0.004468	0.004534	0.004564	0.004654	0.004536
     118	0.004363	0.004425	0.004478	 0.00454	 0.00462	0.004488
     119	0.004439	0.004469	0.004494	0.004562	0.004595	0.004517
     120	0.004331	 0.00438	0.004434	0.004498	0.004593	0.004453
     121	0.004386	0.004451	0.004499	0.004569	0.004621	0.004508
     122	0.004336	0.004381	0.004449	0.004547	0.004631	0.004467
     123	0.004331	0.004442	 0.00448	0.004509	0.004602	0.004482
     124	0.004379	0.004391	0.004476	0.004575	0.004672	0.004498
     125	0.004355	0.004392	0.004463	0.004496	0.004551	0.004455
     126	0.004304	 0.00435	0.004399	0.004443	0.004509	0.004414
     127	0.004366	0.004425	0.004469	0.004529	0.004607	0.004481
     128	0.004368	0.004377	0.004441	0.004519	0.004626	0.004466
     129	0.004422	0.004424	0.004489	0.004546	0.004626	0.004505
     130	0.004378	0.004447	0.004476	0.004562	0.004628	0.004505
     131	0.004338	0.004408	0.004512	0.004577	0.004682	0.004505
     132	0.004415	0.004442	0.004534	0.004603	0.004718	0.004544
     133	0.004492	0.004508	0.004581	0.004697	0.004774	0.004612
     134	0.004509	0.004558	0.004602	0.004672	0.004773	0.004625
     135	0.004607	0.004639	0.004715	0.004798	0.004857	0.004724
     136	0.004657	0.004727	0.004769	0.004842	0.004906	0.004779
     137	0.004649	  0.0047	0.004781	0.004825	0.004875	0.004771
     138	0.004674	0.004716	 0.00478	0.004829	 0.00492	0.004781
     139	0.004665	0.004683	0.004757	 0.00482	0.004886	 0.00476
     140	0.004585	0.004628	0.004662	0.004759	0.004811	0.004695
     141	0.004603	0.004641	0.004711	0.004779	0.004847	 0.00472
     142	0.004524	0.004566	0.004638	0.004723	0.004793	0.004644
     143	0.004497	0.004564	0.004629	0.004702	0.004709	0.004627
     144	 0.00455	0.004592	0.004669	0.004737	0.004756	0.004666
     145	0.004526	0.004589	0.004676	0.004717	0.004814	0.004669
     146	0.004537	0.004601	0.004688	 0.00473	0.004828	0.004682
     147	0.004548	0.004612	  0.0047	0.004743	0.004842	0.004694
     148	0.004559	0.004624	0.004713	0.004756	0.004856	0.004706
     149	 0.00457	0.004635	0.004725	0.004769	 0.00487	0.004719
     150	 0.00458	0.004647	0.004737	0.004782	0.004884	0.004731
     151	0.004591	0.004658	0.004749	0.004795	0.004897	0.004743
     152	0.004602	0.004669	0.004761	0.004808	0.004911	0.004755
     153	0.004613	0.004681	0.004773	0.004821	0.004924	0.004767
     154	0.004623	0.004692	0.004785	0.004833	0.004938	0.004779
     155	0.004634	0.004703	0.004797	0.004846	0.004951	0.004791
     156	0.004644	0.004714	0.004808	0.004858	0.004963	0.004803
     157	0.004654	0.004724	 0.00482	 0.00487	0.004976	0.004814
     158	0.004664	0.004734	 0.00483	0.004881	0.004988	0.004825
     159	0.004673	0.004744	0.004841	0.004892	   0.005	0.004835
     160	0.004682	0.004754	0.004851	0.004903	0.005011	0.004846
     161	0.004691	0.004763	0.004861	0.004914	0.005022	0.004856
     162	  0.0047	0.004772	0.004871	0.004924	0.005032	0.004865
     163	0.004708	0.004781	 0.00488	0.004933	0.005043	0.004874
     164	0.004716	0.004789	0.004888	0.004943	0.005052	0.004883
     165	0.004723	0.004797	0.004897	0.004951	0.005061	0.004891
     166	 0.00473	0.004804	0.004905	 0.00496	 0.00507	0.004899
     167	0.004737	0.004811	0.004912	0.004967	0.005078	0.004907
     168	0.004743	0.004818	0.004919	0.004975	0.005086	0.004913
     169	0.004749	0.004824	0.004925	0.004981	0.005093	 0.00492
     170	0.004754	0.004829	0.004931	0.004988	0.005099	0.004926
     171	0.004759	0.004834	0.004936	0.004993	0.005105	0.004931
     172	0.004763	0.004839	0.004941	0.004998	0.005111	0.004936
     173	0.004767	0.004843	0.004945	0.005003	0.005115	 0.00494
     174	 0.00477	0.004846	0.004949	0.005007	0.005119	0.004944
     175	0.004773	0.004849	0.004952	 0.00501	0.005123	0.004947
     176	0.004776	0.004852	0.004955	0.005013	0.005126	 0.00495
     177	0.004777	0.004854	0.004957	0.005015	0.005128	0.004952
     178	0.004779	0.004855	0.004958	0.005016	0.005129	0.004953
     179	 0.00478	0.004856	0.004959	0.005017	 0.00513	0.004954
     180	 0.00478	0.004856	0.004959	0.005018	0.005131	0.004954
