/*
Particulate absorption and scattering spectra, normalized by SPM 
Scattering spectra from ac-s power-function fit 400-700 nm scaled by LISST-VSF scattering coefficient at 532 nm 
Total (a_p) and MeOH-extracted (a_d) absorption spectra from UV/VIS spectrophotometer measurements with GF/F filter inside 15-cm integrating sphere
Correction for filter-pad pathlength amplification from Stramski et al. 2015 

Lat, Lon = NaN, NaN
Date Time UTC = NaN
Depth = NaN m
SPM = 110.40 g/m3
POC = 134.98 mg/m3
PSD power-law exponent (~1.5-147 µm) = 4.89 
Scattering spectra power-function exponent (400-700 nm) = 1.274 

Created by Daniel Koestner on 15-Jan-2024 15:28:37
Data Version: V4_10-Nov-2023

Column 1: wavelength [nm]
Column 2: a_p [m^2/g]
Column 3: a_d [m^2/g]
Column 4: b_p [m^2/g]
*/
     290	 0.08108	    -999	   1.792
     291	  0.0805	    -999	   1.784
     292	 0.07981	    -999	   1.777
     293	 0.07927	    -999	   1.769
     294	 0.07873	    -999	   1.761
     295	 0.07818	    -999	   1.754
     296	 0.07754	    -999	   1.746
     297	 0.07689	    -999	   1.739
     298	  0.0762	    -999	   1.731
     299	 0.07549	    -999	   1.724
     300	 0.07485	    -999	   1.716
     301	 0.07412	    -999	   1.709
     302	 0.07342	    -999	   1.702
     303	 0.07269	    -999	   1.695
     304	 0.07201	    -999	   1.688
     305	  0.0713	    -999	   1.681
     306	 0.07053	    -999	   1.674
     307	 0.06999	    -999	   1.667
     308	  0.0692	    -999	    1.66
     309	 0.06835	    -999	   1.653
     310	 0.06768	    -999	   1.646
     311	 0.06701	    -999	   1.639
     312	 0.06639	    -999	   1.633
     313	 0.06578	    -999	   1.626
     314	 0.06499	    -999	    1.62
     315	 0.06437	    -999	   1.613
     316	 0.06389	    -999	   1.607
     317	 0.06328	    -999	     1.6
     318	  0.0626	    -999	   1.594
     319	 0.06183	    -999	   1.587
     320	 0.06116	    -999	   1.581
     321	 0.06045	    -999	   1.575
     322	  0.0598	    -999	   1.568
     323	 0.05918	    -999	   1.562
     324	  0.0584	    -999	   1.556
     325	 0.05786	    -999	    1.55
     326	 0.05739	    -999	   1.544
     327	 0.05679	    -999	   1.538
     328	 0.05627	    -999	   1.532
     329	 0.05569	    -999	   1.526
     330	 0.05511	    -999	    1.52
     331	 0.05461	    -999	   1.514
     332	  0.0541	    -999	   1.509
     333	 0.05348	    -999	   1.503
     334	 0.05296	    -999	   1.497
     335	 0.05243	    -999	   1.491
     336	 0.05201	    -999	   1.486
     337	 0.05142	    -999	    1.48
     338	 0.05093	    -999	   1.475
     339	 0.05043	    -999	   1.469
     340	 0.05002	    -999	   1.463
     341	 0.04959	    -999	   1.458
     342	 0.04913	    -999	   1.453
     343	 0.04859	    -999	   1.447
     344	 0.04818	    -999	   1.442
     345	 0.04772	    -999	   1.437
     346	 0.04724	    -999	   1.431
     347	 0.04674	    -999	   1.426
     348	  0.0462	    -999	   1.421
     349	 0.04577	    -999	   1.416
     350	 0.04541	    -999	    1.41
     351	 0.04495	    -999	   1.405
     352	 0.04458	    -999	     1.4
     353	 0.04411	    -999	   1.395
     354	 0.04382	    -999	    1.39
     355	 0.04342	    -999	   1.385
     356	  0.0429	    -999	    1.38
     357	  0.0425	    -999	   1.375
     358	 0.04203	    -999	    1.37
     359	 0.04157	    -999	   1.366
     360	 0.04111	    -999	   1.361
     361	 0.04061	    -999	   1.356
     362	 0.04014	    -999	   1.351
     363	 0.03977	    -999	   1.346
     364	 0.03934	    -999	   1.342
     365	  0.0389	    -999	   1.337
     366	 0.03844	    -999	   1.332
     367	 0.03803	    -999	   1.328
     368	 0.03754	    -999	   1.323
     369	 0.03714	    -999	   1.319
     370	 0.03665	    -999	   1.314
     371	 0.03611	    -999	    1.31
     372	 0.03565	    -999	   1.305
     373	 0.03521	    -999	   1.301
     374	 0.03467	    -999	   1.296
     375	 0.03438	    -999	   1.292
     376	 0.03385	    -999	   1.287
     377	 0.03349	    -999	   1.283
     378	 0.03321	    -999	   1.279
     379	 0.03284	    -999	   1.274
     380	 0.03248	    -999	    1.27
     381	 0.03221	    -999	   1.266
     382	 0.03171	    -999	   1.262
     383	  0.0314	    -999	   1.257
     384	 0.03092	    -999	   1.253
     385	 0.03035	    -999	   1.249
     386	 0.03001	    -999	   1.245
     387	 0.02953	    -999	   1.241
     388	 0.02907	    -999	   1.237
     389	 0.02866	    -999	   1.233
     390	 0.02832	    -999	   1.229
     391	 0.02802	    -999	   1.225
     392	 0.02774	    -999	   1.221
     393	 0.02743	    -999	   1.217
     394	 0.02717	    -999	   1.213
     395	 0.02691	    -999	   1.209
     396	 0.02666	    -999	   1.205
     397	 0.02634	    -999	   1.201
     398	 0.02607	    -999	   1.197
     399	 0.02585	    -999	   1.194
     400	 0.02557	    -999	    1.19
     401	 0.02539	    -999	   1.186
     402	 0.02522	    -999	   1.182
     403	 0.02501	    -999	   1.179
     404	 0.02479	    -999	   1.175
     405	 0.02456	    -999	   1.171
     406	 0.02431	    -999	   1.167
     407	 0.02409	    -999	   1.164
     408	 0.02383	    -999	    1.16
     409	 0.02358	    -999	   1.157
     410	 0.02339	    -999	   1.153
     411	  0.0233	    -999	   1.149
     412	 0.02316	    -999	   1.146
     413	 0.02297	    -999	   1.142
     414	 0.02284	    -999	   1.139
     415	  0.0227	    -999	   1.135
     416	 0.02251	    -999	   1.132
     417	 0.02228	    -999	   1.128
     418	 0.02202	    -999	   1.125
     419	 0.02182	    -999	   1.121
     420	 0.02163	    -999	   1.118
     421	  0.0215	    -999	   1.115
     422	  0.0213	    -999	   1.111
     423	 0.02113	    -999	   1.108
     424	 0.02097	    -999	   1.105
     425	 0.02077	    -999	   1.101
     426	 0.02049	    -999	   1.098
     427	 0.02025	    -999	   1.095
     428	 0.01996	    -999	   1.092
     429	  0.0197	    -999	   1.088
     430	 0.01945	    -999	   1.085
     431	 0.01924	    -999	   1.082
     432	   0.019	    -999	   1.079
     433	 0.01889	    -999	   1.075
     434	 0.01872	    -999	   1.072
     435	 0.01853	    -999	   1.069
     436	 0.01838	    -999	   1.066
     437	  0.0182	    -999	   1.063
     438	   0.018	    -999	    1.06
     439	 0.01785	    -999	   1.057
     440	 0.01767	    -999	   1.054
     441	 0.01751	    -999	   1.051
     442	 0.01731	    -999	   1.048
     443	 0.01717	    -999	   1.045
     444	 0.01703	    -999	   1.042
     445	 0.01688	    -999	   1.039
     446	 0.01673	    -999	   1.036
     447	 0.01655	    -999	   1.033
     448	 0.01639	    -999	    1.03
     449	 0.01629	    -999	   1.027
     450	 0.01613	    -999	   1.024
     451	 0.01601	    -999	   1.021
     452	 0.01587	    -999	   1.018
     453	 0.01577	    -999	   1.015
     454	 0.01569	    -999	   1.013
     455	 0.01559	    -999	    1.01
     456	  0.0155	    -999	   1.007
     457	  0.0154	    -999	   1.004
     458	  0.0153	    -999	   1.001
     459	 0.01523	    -999	  0.9985
     460	 0.01514	    -999	  0.9957
     461	 0.01504	    -999	   0.993
     462	   0.015	    -999	  0.9902
     463	 0.01489	    -999	  0.9875
     464	 0.01484	    -999	  0.9848
     465	 0.01477	    -999	  0.9821
     466	 0.01472	    -999	  0.9794
     467	 0.01463	    -999	  0.9767
     468	 0.01451	    -999	  0.9741
     469	 0.01441	    -999	  0.9714
     470	 0.01434	    -999	  0.9688
     471	 0.01426	    -999	  0.9662
     472	  0.0142	    -999	  0.9636
     473	 0.01409	    -999	   0.961
     474	 0.01406	    -999	  0.9584
     475	   0.014	    -999	  0.9558
     476	 0.01397	    -999	  0.9533
     477	 0.01387	    -999	  0.9507
     478	 0.01375	    -999	  0.9482
     479	 0.01363	    -999	  0.9457
     480	 0.01355	    -999	  0.9432
     481	 0.01341	    -999	  0.9407
     482	 0.01337	    -999	  0.9382
     483	 0.01322	    -999	  0.9357
     484	 0.01314	    -999	  0.9332
     485	 0.01307	    -999	  0.9308
     486	 0.01299	    -999	  0.9284
     487	 0.01291	    -999	  0.9259
     488	 0.01286	    -999	  0.9235
     489	 0.01277	    -999	  0.9211
     490	 0.01272	    -999	  0.9187
     491	 0.01264	    -999	  0.9163
     492	 0.01257	    -999	   0.914
     493	 0.01249	    -999	  0.9116
     494	 0.01241	    -999	  0.9092
     495	 0.01233	    -999	  0.9069
     496	 0.01224	    -999	  0.9046
     497	 0.01218	    -999	  0.9023
     498	 0.01207	    -999	     0.9
     499	 0.01193	    -999	  0.8977
     500	 0.01184	    -999	  0.8954
     501	 0.01174	    -999	  0.8931
     502	 0.01164	    -999	  0.8908
     503	 0.01156	    -999	  0.8886
     504	 0.01143	    -999	  0.8863
     505	 0.01135	    -999	  0.8841
     506	  0.0113	    -999	  0.8819
     507	 0.01122	    -999	  0.8797
     508	 0.01116	    -999	  0.8774
     509	 0.01108	    -999	  0.8753
     510	 0.01095	    -999	  0.8731
     511	 0.01088	    -999	  0.8709
     512	 0.01083	    -999	  0.8687
     513	 0.01074	    -999	  0.8666
     514	 0.01069	    -999	  0.8644
     515	 0.01058	    -999	  0.8623
     516	 0.01048	    -999	  0.8602
     517	 0.01042	    -999	   0.858
     518	 0.01034	    -999	  0.8559
     519	 0.01028	    -999	  0.8538
     520	 0.01022	    -999	  0.8517
     521	 0.01014	    -999	  0.8497
     522	 0.01009	    -999	  0.8476
     523	 0.01005	    -999	  0.8455
     524	 0.01002	    -999	  0.8435
     525	0.009969	    -999	  0.8414
     526	0.009914	    -999	  0.8394
     527	0.009853	    -999	  0.8373
     528	0.009783	    -999	  0.8353
     529	0.009745	    -999	  0.8333
     530	0.009719	    -999	  0.8313
     531	0.009678	    -999	  0.8293
     532	0.009611	    -999	  0.8273
     533	0.009539	    -999	  0.8254
     534	0.009486	    -999	  0.8234
     535	0.009447	    -999	  0.8214
     536	0.009411	    -999	  0.8195
     537	0.009358	    -999	  0.8175
     538	0.009315	    -999	  0.8156
     539	0.009319	    -999	  0.8137
     540	0.009295	    -999	  0.8117
     541	 0.00929	    -999	  0.8098
     542	0.009281	    -999	  0.8079
     543	0.009214	    -999	   0.806
     544	0.009204	    -999	  0.8042
     545	0.009147	    -999	  0.8023
     546	0.009081	    -999	  0.8004
     547	0.009042	    -999	  0.7985
     548	0.008991	    -999	  0.7967
     549	0.008926	    -999	  0.7948
     550	0.008861	    -999	   0.793
     551	0.008769	    -999	  0.7912
     552	0.008764	    -999	  0.7893
     553	0.008741	    -999	  0.7875
     554	0.008716	    -999	  0.7857
     555	0.008682	    -999	  0.7839
     556	0.008677	    -999	  0.7821
     557	0.008673	    -999	  0.7803
     558	0.008674	    -999	  0.7785
     559	0.008627	    -999	  0.7768
     560	0.008591	    -999	   0.775
     561	0.008544	    -999	  0.7732
     562	0.008528	    -999	  0.7715
     563	0.008465	    -999	  0.7697
     564	0.008465	    -999	   0.768
     565	0.008426	    -999	  0.7663
     566	0.008406	    -999	  0.7645
     567	0.008378	    -999	  0.7628
     568	0.008326	    -999	  0.7611
     569	0.008292	    -999	  0.7594
     570	0.008279	    -999	  0.7577
     571	0.008232	    -999	   0.756
     572	0.008228	    -999	  0.7543
     573	0.008192	    -999	  0.7527
     574	0.008155	    -999	   0.751
     575	0.008145	    -999	  0.7493
     576	0.008126	    -999	  0.7477
     577	0.008106	    -999	   0.746
     578	0.008071	    -999	  0.7444
     579	0.008038	    -999	  0.7427
     580	0.008021	    -999	  0.7411
     581	0.008032	    -999	  0.7395
     582	0.008021	    -999	  0.7379
     583	0.007995	    -999	  0.7363
     584	 0.00797	    -999	  0.7347
     585	0.007968	    -999	  0.7331
     586	0.007934	    -999	  0.7315
     587	0.007911	    -999	  0.7299
     588	0.007886	    -999	  0.7283
     589	0.007862	    -999	  0.7267
     590	0.007854	    -999	  0.7251
     591	0.007839	    -999	  0.7236
     592	0.007841	    -999	   0.722
     593	 0.00783	    -999	  0.7205
     594	0.007833	    -999	  0.7189
     595	0.007819	    -999	  0.7174
     596	0.007833	    -999	  0.7159
     597	 0.00783	    -999	  0.7143
     598	0.007829	    -999	  0.7128
     599	0.007818	    -999	  0.7113
     600	 0.00782	    -999	  0.7098
     601	0.007809	    -999	  0.7083
     602	0.007777	    -999	  0.7068
     603	0.007767	    -999	  0.7053
     604	0.007751	    -999	  0.7038
     605	0.007729	    -999	  0.7023
     606	0.007719	    -999	  0.7008
     607	0.007721	    -999	  0.6994
     608	0.007716	    -999	  0.6979
     609	0.007721	    -999	  0.6965
     610	0.007694	    -999	   0.695
     611	0.007657	    -999	  0.6935
     612	0.007652	    -999	  0.6921
     613	0.007663	    -999	  0.6907
     614	0.007647	    -999	  0.6892
     615	0.007619	    -999	  0.6878
     616	0.007622	    -999	  0.6864
     617	0.007617	    -999	   0.685
     618	0.007609	    -999	  0.6836
     619	0.007602	    -999	  0.6821
     620	0.007562	    -999	  0.6807
     621	0.007546	    -999	  0.6794
     622	0.007538	    -999	   0.678
     623	0.007522	    -999	  0.6766
     624	0.007525	    -999	  0.6752
     625	0.007528	    -999	  0.6738
     626	0.007556	    -999	  0.6724
     627	0.007557	    -999	  0.6711
     628	0.007571	    -999	  0.6697
     629	0.007577	    -999	  0.6684
     630	0.007576	    -999	   0.667
     631	0.007568	    -999	  0.6657
     632	 0.00759	    -999	  0.6643
     633	0.007543	    -999	   0.663
     634	0.007524	    -999	  0.6617
     635	 0.00752	    -999	  0.6603
     636	0.007514	    -999	   0.659
     637	0.007527	    -999	  0.6577
     638	0.007536	    -999	  0.6564
     639	0.007526	    -999	  0.6551
     640	0.007545	    -999	  0.6538
     641	0.007569	    -999	  0.6525
     642	0.007542	    -999	  0.6512
     643	0.007545	    -999	  0.6499
     644	0.007511	    -999	  0.6486
     645	0.007493	    -999	  0.6473
     646	0.007496	    -999	   0.646
     647	0.007487	    -999	  0.6448
     648	0.007465	    -999	  0.6435
     649	0.007471	    -999	  0.6422
     650	0.007474	    -999	   0.641
     651	  0.0075	    -999	  0.6397
     652	0.007488	    -999	  0.6385
     653	0.007473	    -999	  0.6372
     654	0.007502	    -999	   0.636
     655	0.007504	    -999	  0.6347
     656	0.007521	    -999	  0.6335
     657	0.007516	    -999	  0.6323
     658	0.007488	    -999	  0.6311
     659	0.007491	    -999	  0.6298
     660	0.007505	    -999	  0.6286
     661	0.007512	    -999	  0.6274
     662	0.007513	    -999	  0.6262
     663	0.007497	    -999	   0.625
     664	0.007499	    -999	  0.6238
     665	0.007542	    -999	  0.6226
     666	0.007546	    -999	  0.6214
     667	0.007546	    -999	  0.6202
     668	0.007513	    -999	  0.6191
     669	0.007511	    -999	  0.6179
     670	0.007551	    -999	  0.6167
     671	0.007535	    -999	  0.6155
     672	0.007524	    -999	  0.6144
     673	0.007525	    -999	  0.6132
     674	0.007507	    -999	   0.612
     675	0.007508	    -999	  0.6109
     676	0.007507	    -999	  0.6097
     677	0.007478	    -999	  0.6086
     678	0.007493	    -999	  0.6074
     679	0.007464	    -999	  0.6063
     680	0.007482	    -999	  0.6052
     681	 0.00749	    -999	   0.604
     682	0.007475	    -999	  0.6029
     683	0.007474	    -999	  0.6018
     684	0.007435	    -999	  0.6007
     685	0.007448	    -999	  0.5995
     686	0.007453	    -999	  0.5984
     687	0.007424	    -999	  0.5973
     688	0.007433	    -999	  0.5962
     689	0.007428	    -999	  0.5951
     690	0.007414	    -999	   0.594
     691	0.007422	    -999	  0.5929
     692	0.007401	    -999	  0.5918
     693	0.007386	    -999	  0.5907
     694	0.007395	    -999	  0.5897
     695	0.007357	    -999	  0.5886
     696	0.007374	    -999	  0.5875
     697	0.007389	    -999	  0.5864
     698	0.007377	    -999	  0.5854
     699	0.007385	    -999	  0.5843
     700	0.007403	    -999	  0.5832
     701	0.007414	    -999	  0.5822
     702	0.007415	    -999	  0.5811
     703	0.007401	    -999	  0.5801
     704	0.007389	    -999	   0.579
     705	0.007402	    -999	   0.578
     706	0.007399	    -999	  0.5769
     707	 0.00738	    -999	  0.5759
     708	0.007363	    -999	  0.5748
     709	0.007372	    -999	  0.5738
     710	0.007347	    -999	  0.5728
     711	0.007332	    -999	  0.5718
     712	0.007309	    -999	  0.5707
     713	0.007311	    -999	  0.5697
     714	0.007291	    -999	  0.5687
     715	0.007267	    -999	  0.5677
     716	0.007237	    -999	  0.5667
     717	0.007232	    -999	  0.5657
     718	0.007213	    -999	  0.5647
     719	0.007235	    -999	  0.5637
     720	0.007181	    -999	  0.5627
     721	0.007184	    -999	  0.5617
     722	0.007149	    -999	  0.5607
     723	0.007134	    -999	  0.5597
     724	0.007154	    -999	  0.5587
     725	0.007149	    -999	  0.5577
     726	0.007129	    -999	  0.5568
     727	 0.00711	    -999	  0.5558
     728	0.007082	    -999	  0.5548
     729	0.007094	    -999	  0.5538
     730	0.007058	    -999	  0.5529
     731	 0.00703	    -999	  0.5519
     732	0.007041	    -999	  0.5509
     733	0.006983	    -999	    0.55
     734	0.006969	    -999	   0.549
     735	0.006957	    -999	  0.5481
     736	 0.00694	    -999	  0.5471
     737	   0.007	    -999	  0.5462
     738	0.006949	    -999	  0.5452
     739	0.006899	    -999	  0.5443
     740	0.006933	    -999	  0.5434
     741	0.006926	    -999	  0.5424
     742	0.006938	    -999	  0.5415
     743	0.006894	    -999	  0.5406
     744	0.006864	    -999	  0.5396
     745	0.006854	    -999	  0.5387
     746	0.006867	    -999	  0.5378
     747	0.006809	    -999	  0.5369
     748	 0.00682	    -999	   0.536
     749	0.006804	    -999	  0.5351
     750	0.006801	    -999	  0.5342
     751	0.006738	    -999	  0.5332
     752	0.006721	    -999	  0.5323
     753	 0.00667	    -999	  0.5314
     754	0.006693	    -999	  0.5305
     755	0.006625	    -999	  0.5297
     756	0.006582	    -999	  0.5288
     757	0.006564	    -999	  0.5279
     758	0.006588	    -999	   0.527
     759	0.006577	    -999	  0.5261
     760	0.006517	    -999	  0.5252
     761	0.006454	    -999	  0.5243
     762	0.006442	    -999	  0.5235
     763	0.006431	    -999	  0.5226
     764	0.006444	    -999	  0.5217
     765	0.006359	    -999	  0.5208
     766	0.006346	    -999	    0.52
     767	0.006371	    -999	  0.5191
     768	0.006352	    -999	  0.5183
     769	0.006349	    -999	  0.5174
     770	0.006281	    -999	  0.5165
     771	0.006215	    -999	  0.5157
     772	 0.00623	    -999	  0.5148
     773	0.006194	    -999	   0.514
     774	0.006164	    -999	  0.5131
     775	0.006138	    -999	  0.5123
     776	0.006097	    -999	  0.5115
     777	0.006085	    -999	  0.5106
     778	0.006092	    -999	  0.5098
     779	0.006086	    -999	   0.509
     780	 0.00605	    -999	  0.5081
     781	0.006042	    -999	  0.5073
     782	0.006028	    -999	  0.5065
     783	0.006039	    -999	  0.5056
     784	0.006023	    -999	  0.5048
     785	   0.006	    -999	   0.504
     786	0.005903	    -999	  0.5032
     787	0.005885	    -999	  0.5024
     788	0.005825	    -999	  0.5016
     789	0.005888	    -999	  0.5007
     790	0.005864	    -999	  0.4999
     791	0.005868	    -999	  0.4991
     792	0.005851	    -999	  0.4983
     793	0.005916	    -999	  0.4975
     794	0.005923	    -999	  0.4967
     795	0.005923	    -999	  0.4959
     796	0.005825	    -999	  0.4951
     797	0.005785	    -999	  0.4944
     798	0.005777	    -999	  0.4936
     799	0.005792	    -999	  0.4928
     800	 0.00574	    -999	   0.492
     801	 0.00573	    -999	  0.4912
     802	0.005792	    -999	  0.4904
     803	0.005782	    -999	  0.4897
     804	0.005728	    -999	  0.4889
     805	0.005732	    -999	  0.4881
     806	0.005692	    -999	  0.4873
     807	0.005734	    -999	  0.4866
     808	0.005714	    -999	  0.4858
     809	0.005659	    -999	   0.485
     810	0.005673	    -999	  0.4843
     811	0.005685	    -999	  0.4835
     812	0.005604	    -999	  0.4827
     813	0.005611	    -999	   0.482
     814	0.005532	    -999	  0.4812
     815	0.005523	    -999	  0.4805
     816	0.005518	    -999	  0.4797
     817	0.005517	    -999	   0.479
     818	0.005534	    -999	  0.4782
     819	 0.00552	    -999	  0.4775
     820	0.005481	    -999	  0.4768
     821	0.005478	    -999	   0.476
     822	0.005405	    -999	  0.4753
     823	0.005407	    -999	  0.4745
     824	0.005394	    -999	  0.4738
     825	0.005471	    -999	  0.4731
     826	0.005531	    -999	  0.4723
     827	0.005578	    -999	  0.4716
     828	0.005581	    -999	  0.4709
     829	0.005633	    -999	  0.4702
     830	0.005601	    -999	  0.4695
     831	0.005571	    -999	  0.4687
     832	0.005554	    -999	   0.468
     833	0.005496	    -999	  0.4673
     834	0.005439	    -999	  0.4666
     835	0.005381	    -999	  0.4659
     836	0.005362	    -999	  0.4652
     837	0.005412	    -999	  0.4645
     838	0.005417	    -999	  0.4637
     839	0.005353	    -999	   0.463
     840	0.005419	    -999	  0.4623
     841	0.005369	    -999	  0.4616
     842	0.005541	    -999	  0.4609
     843	0.005417	    -999	  0.4602
     844	0.005432	    -999	  0.4596
     845	0.005487	    -999	  0.4589
     846	0.005375	    -999	  0.4582
     847	0.005344	    -999	  0.4575
     848	0.005399	    -999	  0.4568
     849	0.005124	    -999	  0.4561
     850	0.005384	    -999	  0.4554
