/*
Particulate absorption and scattering spectra, normalized by SPM 
Scattering spectra from ac-s power-function fit 400-700 nm scaled by LISST-VSF scattering coefficient at 532 nm 
Total (a_p) and MeOH-extracted (a_d) absorption spectra from UV/VIS spectrophotometer measurements with GF/F filter inside 15-cm integrating sphere
Correction for filter-pad pathlength amplification from Stramski et al. 2015 

Lat, Lon = 32.934, -117.260
Date Time UTC = 05-Dec-2019 19:00:00
Depth = NaN m
SPM = 6.59 g/m3
POC = NaN mg/m3
PSD power-law exponent (~1.5-147 µm) = 4.39 
Scattering spectra power-function exponent (400-700 nm) = 1.185 

Created by Daniel Koestner on 15-Jan-2024 15:28:37
Data Version: V4_10-Nov-2023

Column 1: wavelength [nm]
Column 2: a_p [m^2/g]
Column 3: a_d [m^2/g]
Column 4: b_p [m^2/g]
*/
     290	    -999	    -999	   2.259
     291	    -999	    -999	   2.249
     292	    -999	    -999	    2.24
     293	    -999	    -999	   2.231
     294	    -999	    -999	   2.222
     295	    -999	    -999	   2.213
     296	    -999	    -999	   2.204
     297	    -999	    -999	   2.196
     298	    -999	    -999	   2.187
     299	    -999	    -999	   2.178
     300	    -999	    -999	    2.17
     301	    -999	    -999	   2.161
     302	    -999	    -999	   2.153
     303	    -999	    -999	   2.144
     304	    -999	    -999	   2.136
     305	    -999	    -999	   2.128
     306	    -999	    -999	   2.119
     307	    -999	    -999	   2.111
     308	    -999	    -999	   2.103
     309	    -999	    -999	   2.095
     310	    -999	    -999	   2.087
     311	    -999	    -999	   2.079
     312	    -999	    -999	   2.071
     313	    -999	    -999	   2.063
     314	    -999	    -999	   2.056
     315	    -999	    -999	   2.048
     316	    -999	    -999	    2.04
     317	    -999	    -999	   2.033
     318	    -999	    -999	   2.025
     319	    -999	    -999	   2.017
     320	    -999	    -999	    2.01
     321	    -999	    -999	   2.003
     322	    -999	    -999	   1.995
     323	    -999	    -999	   1.988
     324	    -999	    -999	   1.981
     325	    -999	    -999	   1.973
     326	    -999	    -999	   1.966
     327	    -999	    -999	   1.959
     328	    -999	    -999	   1.952
     329	    -999	    -999	   1.945
     330	    -999	    -999	   1.938
     331	    -999	    -999	   1.931
     332	    -999	    -999	   1.924
     333	    -999	    -999	   1.917
     334	    -999	    -999	   1.911
     335	    -999	    -999	   1.904
     336	    -999	    -999	   1.897
     337	    -999	    -999	    1.89
     338	    -999	    -999	   1.884
     339	    -999	    -999	   1.877
     340	    -999	    -999	   1.871
     341	    -999	    -999	   1.864
     342	    -999	    -999	   1.858
     343	    -999	    -999	   1.851
     344	    -999	    -999	   1.845
     345	    -999	    -999	   1.839
     346	    -999	    -999	   1.832
     347	    -999	    -999	   1.826
     348	    -999	    -999	    1.82
     349	    -999	    -999	   1.814
     350	    -999	    -999	   1.808
     351	    -999	    -999	   1.801
     352	    -999	    -999	   1.795
     353	    -999	    -999	   1.789
     354	    -999	    -999	   1.783
     355	    -999	    -999	   1.777
     356	    -999	    -999	   1.771
     357	    -999	    -999	   1.766
     358	    -999	    -999	    1.76
     359	    -999	    -999	   1.754
     360	    -999	    -999	   1.748
     361	    -999	    -999	   1.742
     362	    -999	    -999	   1.737
     363	    -999	    -999	   1.731
     364	    -999	    -999	   1.725
     365	    -999	    -999	    1.72
     366	    -999	    -999	   1.714
     367	    -999	    -999	   1.709
     368	    -999	    -999	   1.703
     369	    -999	    -999	   1.698
     370	    -999	    -999	   1.692
     371	    -999	    -999	   1.687
     372	    -999	    -999	   1.682
     373	    -999	    -999	   1.676
     374	    -999	    -999	   1.671
     375	    -999	    -999	   1.666
     376	    -999	    -999	    1.66
     377	    -999	    -999	   1.655
     378	    -999	    -999	    1.65
     379	    -999	    -999	   1.645
     380	    -999	    -999	    1.64
     381	    -999	    -999	   1.635
     382	    -999	    -999	    1.63
     383	    -999	    -999	   1.624
     384	    -999	    -999	   1.619
     385	    -999	    -999	   1.615
     386	    -999	    -999	    1.61
     387	    -999	    -999	   1.605
     388	    -999	    -999	     1.6
     389	    -999	    -999	   1.595
     390	    -999	    -999	    1.59
     391	    -999	    -999	   1.585
     392	    -999	    -999	    1.58
     393	    -999	    -999	   1.576
     394	    -999	    -999	   1.571
     395	    -999	    -999	   1.566
     396	    -999	    -999	   1.562
     397	    -999	    -999	   1.557
     398	    -999	    -999	   1.552
     399	    -999	    -999	   1.548
     400	    -999	    -999	   1.543
     401	    -999	    -999	   1.538
     402	    -999	    -999	   1.534
     403	    -999	    -999	   1.529
     404	    -999	    -999	   1.525
     405	    -999	    -999	    1.52
     406	    -999	    -999	   1.516
     407	    -999	    -999	   1.512
     408	    -999	    -999	   1.507
     409	    -999	    -999	   1.503
     410	    -999	    -999	   1.499
     411	    -999	    -999	   1.494
     412	    -999	    -999	    1.49
     413	    -999	    -999	   1.486
     414	    -999	    -999	   1.481
     415	    -999	    -999	   1.477
     416	    -999	    -999	   1.473
     417	    -999	    -999	   1.469
     418	    -999	    -999	   1.465
     419	    -999	    -999	    1.46
     420	    -999	    -999	   1.456
     421	    -999	    -999	   1.452
     422	    -999	    -999	   1.448
     423	    -999	    -999	   1.444
     424	    -999	    -999	    1.44
     425	    -999	    -999	   1.436
     426	    -999	    -999	   1.432
     427	    -999	    -999	   1.428
     428	    -999	    -999	   1.424
     429	    -999	    -999	    1.42
     430	    -999	    -999	   1.416
     431	    -999	    -999	   1.412
     432	    -999	    -999	   1.409
     433	    -999	    -999	   1.405
     434	    -999	    -999	   1.401
     435	    -999	    -999	   1.397
     436	    -999	    -999	   1.393
     437	    -999	    -999	   1.389
     438	    -999	    -999	   1.386
     439	    -999	    -999	   1.382
     440	    -999	    -999	   1.378
     441	    -999	    -999	   1.375
     442	    -999	    -999	   1.371
     443	    -999	    -999	   1.367
     444	    -999	    -999	   1.364
     445	    -999	    -999	    1.36
     446	    -999	    -999	   1.356
     447	    -999	    -999	   1.353
     448	    -999	    -999	   1.349
     449	    -999	    -999	   1.346
     450	    -999	    -999	   1.342
     451	    -999	    -999	   1.339
     452	    -999	    -999	   1.335
     453	    -999	    -999	   1.332
     454	    -999	    -999	   1.328
     455	    -999	    -999	   1.325
     456	    -999	    -999	   1.321
     457	    -999	    -999	   1.318
     458	    -999	    -999	   1.314
     459	    -999	    -999	   1.311
     460	    -999	    -999	   1.308
     461	    -999	    -999	   1.304
     462	    -999	    -999	   1.301
     463	    -999	    -999	   1.298
     464	    -999	    -999	   1.294
     465	    -999	    -999	   1.291
     466	    -999	    -999	   1.288
     467	    -999	    -999	   1.284
     468	    -999	    -999	   1.281
     469	    -999	    -999	   1.278
     470	    -999	    -999	   1.275
     471	    -999	    -999	   1.271
     472	    -999	    -999	   1.268
     473	    -999	    -999	   1.265
     474	    -999	    -999	   1.262
     475	    -999	    -999	   1.259
     476	    -999	    -999	   1.256
     477	    -999	    -999	   1.253
     478	    -999	    -999	   1.249
     479	    -999	    -999	   1.246
     480	    -999	    -999	   1.243
     481	    -999	    -999	    1.24
     482	    -999	    -999	   1.237
     483	    -999	    -999	   1.234
     484	    -999	    -999	   1.231
     485	    -999	    -999	   1.228
     486	    -999	    -999	   1.225
     487	    -999	    -999	   1.222
     488	    -999	    -999	   1.219
     489	    -999	    -999	   1.216
     490	    -999	    -999	   1.213
     491	    -999	    -999	    1.21
     492	    -999	    -999	   1.207
     493	    -999	    -999	   1.205
     494	    -999	    -999	   1.202
     495	    -999	    -999	   1.199
     496	    -999	    -999	   1.196
     497	    -999	    -999	   1.193
     498	    -999	    -999	    1.19
     499	    -999	    -999	   1.187
     500	    -999	    -999	   1.185
     501	    -999	    -999	   1.182
     502	    -999	    -999	   1.179
     503	    -999	    -999	   1.176
     504	    -999	    -999	   1.173
     505	    -999	    -999	   1.171
     506	    -999	    -999	   1.168
     507	    -999	    -999	   1.165
     508	    -999	    -999	   1.162
     509	    -999	    -999	    1.16
     510	    -999	    -999	   1.157
     511	    -999	    -999	   1.154
     512	    -999	    -999	   1.152
     513	    -999	    -999	   1.149
     514	    -999	    -999	   1.146
     515	    -999	    -999	   1.144
     516	    -999	    -999	   1.141
     517	    -999	    -999	   1.139
     518	    -999	    -999	   1.136
     519	    -999	    -999	   1.133
     520	    -999	    -999	   1.131
     521	    -999	    -999	   1.128
     522	    -999	    -999	   1.126
     523	    -999	    -999	   1.123
     524	    -999	    -999	   1.121
     525	    -999	    -999	   1.118
     526	    -999	    -999	   1.115
     527	    -999	    -999	   1.113
     528	    -999	    -999	    1.11
     529	    -999	    -999	   1.108
     530	    -999	    -999	   1.106
     531	    -999	    -999	   1.103
     532	    -999	    -999	   1.101
     533	    -999	    -999	   1.098
     534	    -999	    -999	   1.096
     535	    -999	    -999	   1.093
     536	    -999	    -999	   1.091
     537	    -999	    -999	   1.088
     538	    -999	    -999	   1.086
     539	    -999	    -999	   1.084
     540	    -999	    -999	   1.081
     541	    -999	    -999	   1.079
     542	    -999	    -999	   1.077
     543	    -999	    -999	   1.074
     544	    -999	    -999	   1.072
     545	    -999	    -999	    1.07
     546	    -999	    -999	   1.067
     547	    -999	    -999	   1.065
     548	    -999	    -999	   1.063
     549	    -999	    -999	    1.06
     550	    -999	    -999	   1.058
     551	    -999	    -999	   1.056
     552	    -999	    -999	   1.054
     553	    -999	    -999	   1.051
     554	    -999	    -999	   1.049
     555	    -999	    -999	   1.047
     556	    -999	    -999	   1.045
     557	    -999	    -999	   1.042
     558	    -999	    -999	    1.04
     559	    -999	    -999	   1.038
     560	    -999	    -999	   1.036
     561	    -999	    -999	   1.034
     562	    -999	    -999	   1.031
     563	    -999	    -999	   1.029
     564	    -999	    -999	   1.027
     565	    -999	    -999	   1.025
     566	    -999	    -999	   1.023
     567	    -999	    -999	   1.021
     568	    -999	    -999	   1.018
     569	    -999	    -999	   1.016
     570	    -999	    -999	   1.014
     571	    -999	    -999	   1.012
     572	    -999	    -999	    1.01
     573	    -999	    -999	   1.008
     574	    -999	    -999	   1.006
     575	    -999	    -999	   1.004
     576	    -999	    -999	   1.002
     577	    -999	    -999	  0.9997
     578	    -999	    -999	  0.9976
     579	    -999	    -999	  0.9956
     580	    -999	    -999	  0.9935
     581	    -999	    -999	  0.9915
     582	    -999	    -999	  0.9895
     583	    -999	    -999	  0.9875
     584	    -999	    -999	  0.9855
     585	    -999	    -999	  0.9835
     586	    -999	    -999	  0.9815
     587	    -999	    -999	  0.9795
     588	    -999	    -999	  0.9775
     589	    -999	    -999	  0.9756
     590	    -999	    -999	  0.9736
     591	    -999	    -999	  0.9717
     592	    -999	    -999	  0.9697
     593	    -999	    -999	  0.9678
     594	    -999	    -999	  0.9658
     595	    -999	    -999	  0.9639
     596	    -999	    -999	   0.962
     597	    -999	    -999	  0.9601
     598	    -999	    -999	  0.9582
     599	    -999	    -999	  0.9563
     600	    -999	    -999	  0.9544
     601	    -999	    -999	  0.9525
     602	    -999	    -999	  0.9507
     603	    -999	    -999	  0.9488
     604	    -999	    -999	  0.9469
     605	    -999	    -999	  0.9451
     606	    -999	    -999	  0.9432
     607	    -999	    -999	  0.9414
     608	    -999	    -999	  0.9396
     609	    -999	    -999	  0.9377
     610	    -999	    -999	  0.9359
     611	    -999	    -999	  0.9341
     612	    -999	    -999	  0.9323
     613	    -999	    -999	  0.9305
     614	    -999	    -999	  0.9287
     615	    -999	    -999	  0.9269
     616	    -999	    -999	  0.9251
     617	    -999	    -999	  0.9233
     618	    -999	    -999	  0.9216
     619	    -999	    -999	  0.9198
     620	    -999	    -999	   0.918
     621	    -999	    -999	  0.9163
     622	    -999	    -999	  0.9146
     623	    -999	    -999	  0.9128
     624	    -999	    -999	  0.9111
     625	    -999	    -999	  0.9094
     626	    -999	    -999	  0.9076
     627	    -999	    -999	  0.9059
     628	    -999	    -999	  0.9042
     629	    -999	    -999	  0.9025
     630	    -999	    -999	  0.9008
     631	    -999	    -999	  0.8991
     632	    -999	    -999	  0.8974
     633	    -999	    -999	  0.8958
     634	    -999	    -999	  0.8941
     635	    -999	    -999	  0.8924
     636	    -999	    -999	  0.8907
     637	    -999	    -999	  0.8891
     638	    -999	    -999	  0.8874
     639	    -999	    -999	  0.8858
     640	    -999	    -999	  0.8842
     641	    -999	    -999	  0.8825
     642	    -999	    -999	  0.8809
     643	    -999	    -999	  0.8793
     644	    -999	    -999	  0.8777
     645	    -999	    -999	   0.876
     646	    -999	    -999	  0.8744
     647	    -999	    -999	  0.8728
     648	    -999	    -999	  0.8712
     649	    -999	    -999	  0.8696
     650	    -999	    -999	  0.8681
     651	    -999	    -999	  0.8665
     652	    -999	    -999	  0.8649
     653	    -999	    -999	  0.8633
     654	    -999	    -999	  0.8618
     655	    -999	    -999	  0.8602
     656	    -999	    -999	  0.8587
     657	    -999	    -999	  0.8571
     658	    -999	    -999	  0.8556
     659	    -999	    -999	   0.854
     660	    -999	    -999	  0.8525
     661	    -999	    -999	   0.851
     662	    -999	    -999	  0.8495
     663	    -999	    -999	  0.8479
     664	    -999	    -999	  0.8464
     665	    -999	    -999	  0.8449
     666	    -999	    -999	  0.8434
     667	    -999	    -999	  0.8419
     668	    -999	    -999	  0.8404
     669	    -999	    -999	  0.8389
     670	    -999	    -999	  0.8374
     671	    -999	    -999	   0.836
     672	    -999	    -999	  0.8345
     673	    -999	    -999	   0.833
     674	    -999	    -999	  0.8316
     675	    -999	    -999	  0.8301
     676	    -999	    -999	  0.8286
     677	    -999	    -999	  0.8272
     678	    -999	    -999	  0.8258
     679	    -999	    -999	  0.8243
     680	    -999	    -999	  0.8229
     681	    -999	    -999	  0.8214
     682	    -999	    -999	    0.82
     683	    -999	    -999	  0.8186
     684	    -999	    -999	  0.8172
     685	    -999	    -999	  0.8158
     686	    -999	    -999	  0.8144
     687	    -999	    -999	   0.813
     688	    -999	    -999	  0.8116
     689	    -999	    -999	  0.8102
     690	    -999	    -999	  0.8088
     691	    -999	    -999	  0.8074
     692	    -999	    -999	   0.806
     693	    -999	    -999	  0.8046
     694	    -999	    -999	  0.8032
     695	    -999	    -999	  0.8019
     696	    -999	    -999	  0.8005
     697	    -999	    -999	  0.7991
     698	    -999	    -999	  0.7978
     699	    -999	    -999	  0.7964
     700	    -999	    -999	  0.7951
     701	    -999	    -999	  0.7937
     702	    -999	    -999	  0.7924
     703	    -999	    -999	  0.7911
     704	    -999	    -999	  0.7897
     705	    -999	    -999	  0.7884
     706	    -999	    -999	  0.7871
     707	    -999	    -999	  0.7858
     708	    -999	    -999	  0.7845
     709	    -999	    -999	  0.7831
     710	    -999	    -999	  0.7818
     711	    -999	    -999	  0.7805
     712	    -999	    -999	  0.7792
     713	    -999	    -999	  0.7779
     714	    -999	    -999	  0.7767
     715	    -999	    -999	  0.7754
     716	    -999	    -999	  0.7741
     717	    -999	    -999	  0.7728
     718	    -999	    -999	  0.7715
     719	    -999	    -999	  0.7703
     720	    -999	    -999	   0.769
     721	    -999	    -999	  0.7677
     722	    -999	    -999	  0.7665
     723	    -999	    -999	  0.7652
     724	    -999	    -999	   0.764
     725	    -999	    -999	  0.7627
     726	    -999	    -999	  0.7615
     727	    -999	    -999	  0.7602
     728	    -999	    -999	   0.759
     729	    -999	    -999	  0.7578
     730	    -999	    -999	  0.7565
     731	    -999	    -999	  0.7553
     732	    -999	    -999	  0.7541
     733	    -999	    -999	  0.7529
     734	    -999	    -999	  0.7516
     735	    -999	    -999	  0.7504
     736	    -999	    -999	  0.7492
     737	    -999	    -999	   0.748
     738	    -999	    -999	  0.7468
     739	    -999	    -999	  0.7456
     740	    -999	    -999	  0.7444
     741	    -999	    -999	  0.7432
     742	    -999	    -999	  0.7421
     743	    -999	    -999	  0.7409
     744	    -999	    -999	  0.7397
     745	    -999	    -999	  0.7385
     746	    -999	    -999	  0.7373
     747	    -999	    -999	  0.7362
     748	    -999	    -999	   0.735
     749	    -999	    -999	  0.7338
     750	    -999	    -999	  0.7327
     751	    -999	    -999	  0.7315
     752	    -999	    -999	  0.7304
     753	    -999	    -999	  0.7292
     754	    -999	    -999	  0.7281
     755	    -999	    -999	  0.7269
     756	    -999	    -999	  0.7258
     757	    -999	    -999	  0.7247
     758	    -999	    -999	  0.7235
     759	    -999	    -999	  0.7224
     760	    -999	    -999	  0.7213
     761	    -999	    -999	  0.7202
     762	    -999	    -999	   0.719
     763	    -999	    -999	  0.7179
     764	    -999	    -999	  0.7168
     765	    -999	    -999	  0.7157
     766	    -999	    -999	  0.7146
     767	    -999	    -999	  0.7135
     768	    -999	    -999	  0.7124
     769	    -999	    -999	  0.7113
     770	    -999	    -999	  0.7102
     771	    -999	    -999	  0.7091
     772	    -999	    -999	   0.708
     773	    -999	    -999	  0.7069
     774	    -999	    -999	  0.7058
     775	    -999	    -999	  0.7048
     776	    -999	    -999	  0.7037
     777	    -999	    -999	  0.7026
     778	    -999	    -999	  0.7015
     779	    -999	    -999	  0.7005
     780	    -999	    -999	  0.6994
     781	    -999	    -999	  0.6984
     782	    -999	    -999	  0.6973
     783	    -999	    -999	  0.6962
     784	    -999	    -999	  0.6952
     785	    -999	    -999	  0.6941
     786	    -999	    -999	  0.6931
     787	    -999	    -999	  0.6921
     788	    -999	    -999	   0.691
     789	    -999	    -999	    0.69
     790	    -999	    -999	  0.6889
     791	    -999	    -999	  0.6879
     792	    -999	    -999	  0.6869
     793	    -999	    -999	  0.6859
     794	    -999	    -999	  0.6848
     795	    -999	    -999	  0.6838
     796	    -999	    -999	  0.6828
     797	    -999	    -999	  0.6818
     798	    -999	    -999	  0.6808
     799	    -999	    -999	  0.6798
     800	    -999	    -999	  0.6787
     801	    -999	    -999	  0.6777
     802	    -999	    -999	  0.6767
     803	    -999	    -999	  0.6757
     804	    -999	    -999	  0.6747
     805	    -999	    -999	  0.6738
     806	    -999	    -999	  0.6728
     807	    -999	    -999	  0.6718
     808	    -999	    -999	  0.6708
     809	    -999	    -999	  0.6698
     810	    -999	    -999	  0.6688
     811	    -999	    -999	  0.6679
     812	    -999	    -999	  0.6669
     813	    -999	    -999	  0.6659
     814	    -999	    -999	  0.6649
     815	    -999	    -999	   0.664
     816	    -999	    -999	   0.663
     817	    -999	    -999	   0.662
     818	    -999	    -999	  0.6611
     819	    -999	    -999	  0.6601
     820	    -999	    -999	  0.6592
     821	    -999	    -999	  0.6582
     822	    -999	    -999	  0.6573
     823	    -999	    -999	  0.6563
     824	    -999	    -999	  0.6554
     825	    -999	    -999	  0.6544
     826	    -999	    -999	  0.6535
     827	    -999	    -999	  0.6526
     828	    -999	    -999	  0.6516
     829	    -999	    -999	  0.6507
     830	    -999	    -999	  0.6498
     831	    -999	    -999	  0.6489
     832	    -999	    -999	  0.6479
     833	    -999	    -999	   0.647
     834	    -999	    -999	  0.6461
     835	    -999	    -999	  0.6452
     836	    -999	    -999	  0.6443
     837	    -999	    -999	  0.6433
     838	    -999	    -999	  0.6424
     839	    -999	    -999	  0.6415
     840	    -999	    -999	  0.6406
     841	    -999	    -999	  0.6397
     842	    -999	    -999	  0.6388
     843	    -999	    -999	  0.6379
     844	    -999	    -999	   0.637
     845	    -999	    -999	  0.6361
     846	    -999	    -999	  0.6352
     847	    -999	    -999	  0.6344
     848	    -999	    -999	  0.6335
     849	    -999	    -999	  0.6326
     850	    -999	    -999	  0.6317
