/*
Particulate absorption and scattering spectra, normalized by SPM 
Scattering spectra from ac-s power-function fit 400-700 nm scaled by LISST-VSF scattering coefficient at 532 nm 
Total (a_p) and MeOH-extracted (a_d) absorption spectra from UV/VIS spectrophotometer measurements with GF/F filter inside 15-cm integrating sphere
Correction for filter-pad pathlength amplification from Stramski et al. 2015 

Lat, Lon = NaN, NaN
Date Time UTC = NaN
Depth = NaN m
SPM = NaN g/m3
POC = NaN mg/m3
PSD power-law exponent (~1.5-147 µm) = 2.34 
Scattering spectra power-function exponent (400-700 nm) = 3.591 

Created by Daniel Koestner on 15-Jan-2024 15:28:37
Data Version: V4_10-Nov-2023

Column 1: wavelength [nm]
Column 2: a_p [m^2/g]
Column 3: a_d [m^2/g]
Column 4: b_p [m^2/g]
*/
     290	    -999	    -999	    -999
     291	    -999	    -999	    -999
     292	    -999	    -999	    -999
     293	    -999	    -999	    -999
     294	    -999	    -999	    -999
     295	    -999	    -999	    -999
     296	    -999	    -999	    -999
     297	    -999	    -999	    -999
     298	    -999	    -999	    -999
     299	    -999	    -999	    -999
     300	    -999	    -999	    -999
     301	    -999	    -999	    -999
     302	    -999	    -999	    -999
     303	    -999	    -999	    -999
     304	    -999	    -999	    -999
     305	    -999	    -999	    -999
     306	    -999	    -999	    -999
     307	    -999	    -999	    -999
     308	    -999	    -999	    -999
     309	    -999	    -999	    -999
     310	    -999	    -999	    -999
     311	    -999	    -999	    -999
     312	    -999	    -999	    -999
     313	    -999	    -999	    -999
     314	    -999	    -999	    -999
     315	    -999	    -999	    -999
     316	    -999	    -999	    -999
     317	    -999	    -999	    -999
     318	    -999	    -999	    -999
     319	    -999	    -999	    -999
     320	    -999	    -999	    -999
     321	    -999	    -999	    -999
     322	    -999	    -999	    -999
     323	    -999	    -999	    -999
     324	    -999	    -999	    -999
     325	    -999	    -999	    -999
     326	    -999	    -999	    -999
     327	    -999	    -999	    -999
     328	    -999	    -999	    -999
     329	    -999	    -999	    -999
     330	    -999	    -999	    -999
     331	    -999	    -999	    -999
     332	    -999	    -999	    -999
     333	    -999	    -999	    -999
     334	    -999	    -999	    -999
     335	    -999	    -999	    -999
     336	    -999	    -999	    -999
     337	    -999	    -999	    -999
     338	    -999	    -999	    -999
     339	    -999	    -999	    -999
     340	    -999	    -999	    -999
     341	    -999	    -999	    -999
     342	    -999	    -999	    -999
     343	    -999	    -999	    -999
     344	    -999	    -999	    -999
     345	    -999	    -999	    -999
     346	    -999	    -999	    -999
     347	    -999	    -999	    -999
     348	    -999	    -999	    -999
     349	    -999	    -999	    -999
     350	    -999	    -999	    -999
     351	    -999	    -999	    -999
     352	    -999	    -999	    -999
     353	    -999	    -999	    -999
     354	    -999	    -999	    -999
     355	    -999	    -999	    -999
     356	    -999	    -999	    -999
     357	    -999	    -999	    -999
     358	    -999	    -999	    -999
     359	    -999	    -999	    -999
     360	    -999	    -999	    -999
     361	    -999	    -999	    -999
     362	    -999	    -999	    -999
     363	    -999	    -999	    -999
     364	    -999	    -999	    -999
     365	    -999	    -999	    -999
     366	    -999	    -999	    -999
     367	    -999	    -999	    -999
     368	    -999	    -999	    -999
     369	    -999	    -999	    -999
     370	    -999	    -999	    -999
     371	    -999	    -999	    -999
     372	    -999	    -999	    -999
     373	    -999	    -999	    -999
     374	    -999	    -999	    -999
     375	    -999	    -999	    -999
     376	    -999	    -999	    -999
     377	    -999	    -999	    -999
     378	    -999	    -999	    -999
     379	    -999	    -999	    -999
     380	    -999	    -999	    -999
     381	    -999	    -999	    -999
     382	    -999	    -999	    -999
     383	    -999	    -999	    -999
     384	    -999	    -999	    -999
     385	    -999	    -999	    -999
     386	    -999	    -999	    -999
     387	    -999	    -999	    -999
     388	    -999	    -999	    -999
     389	    -999	    -999	    -999
     390	    -999	    -999	    -999
     391	    -999	    -999	    -999
     392	    -999	    -999	    -999
     393	    -999	    -999	    -999
     394	    -999	    -999	    -999
     395	    -999	    -999	    -999
     396	    -999	    -999	    -999
     397	    -999	    -999	    -999
     398	    -999	    -999	    -999
     399	    -999	    -999	    -999
     400	    -999	    -999	    -999
     401	    -999	    -999	    -999
     402	    -999	    -999	    -999
     403	    -999	    -999	    -999
     404	    -999	    -999	    -999
     405	    -999	    -999	    -999
     406	    -999	    -999	    -999
     407	    -999	    -999	    -999
     408	    -999	    -999	    -999
     409	    -999	    -999	    -999
     410	    -999	    -999	    -999
     411	    -999	    -999	    -999
     412	    -999	    -999	    -999
     413	    -999	    -999	    -999
     414	    -999	    -999	    -999
     415	    -999	    -999	    -999
     416	    -999	    -999	    -999
     417	    -999	    -999	    -999
     418	    -999	    -999	    -999
     419	    -999	    -999	    -999
     420	    -999	    -999	    -999
     421	    -999	    -999	    -999
     422	    -999	    -999	    -999
     423	    -999	    -999	    -999
     424	    -999	    -999	    -999
     425	    -999	    -999	    -999
     426	    -999	    -999	    -999
     427	    -999	    -999	    -999
     428	    -999	    -999	    -999
     429	    -999	    -999	    -999
     430	    -999	    -999	    -999
     431	    -999	    -999	    -999
     432	    -999	    -999	    -999
     433	    -999	    -999	    -999
     434	    -999	    -999	    -999
     435	    -999	    -999	    -999
     436	    -999	    -999	    -999
     437	    -999	    -999	    -999
     438	    -999	    -999	    -999
     439	    -999	    -999	    -999
     440	    -999	    -999	    -999
     441	    -999	    -999	    -999
     442	    -999	    -999	    -999
     443	    -999	    -999	    -999
     444	    -999	    -999	    -999
     445	    -999	    -999	    -999
     446	    -999	    -999	    -999
     447	    -999	    -999	    -999
     448	    -999	    -999	    -999
     449	    -999	    -999	    -999
     450	    -999	    -999	    -999
     451	    -999	    -999	    -999
     452	    -999	    -999	    -999
     453	    -999	    -999	    -999
     454	    -999	    -999	    -999
     455	    -999	    -999	    -999
     456	    -999	    -999	    -999
     457	    -999	    -999	    -999
     458	    -999	    -999	    -999
     459	    -999	    -999	    -999
     460	    -999	    -999	    -999
     461	    -999	    -999	    -999
     462	    -999	    -999	    -999
     463	    -999	    -999	    -999
     464	    -999	    -999	    -999
     465	    -999	    -999	    -999
     466	    -999	    -999	    -999
     467	    -999	    -999	    -999
     468	    -999	    -999	    -999
     469	    -999	    -999	    -999
     470	    -999	    -999	    -999
     471	    -999	    -999	    -999
     472	    -999	    -999	    -999
     473	    -999	    -999	    -999
     474	    -999	    -999	    -999
     475	    -999	    -999	    -999
     476	    -999	    -999	    -999
     477	    -999	    -999	    -999
     478	    -999	    -999	    -999
     479	    -999	    -999	    -999
     480	    -999	    -999	    -999
     481	    -999	    -999	    -999
     482	    -999	    -999	    -999
     483	    -999	    -999	    -999
     484	    -999	    -999	    -999
     485	    -999	    -999	    -999
     486	    -999	    -999	    -999
     487	    -999	    -999	    -999
     488	    -999	    -999	    -999
     489	    -999	    -999	    -999
     490	    -999	    -999	    -999
     491	    -999	    -999	    -999
     492	    -999	    -999	    -999
     493	    -999	    -999	    -999
     494	    -999	    -999	    -999
     495	    -999	    -999	    -999
     496	    -999	    -999	    -999
     497	    -999	    -999	    -999
     498	    -999	    -999	    -999
     499	    -999	    -999	    -999
     500	    -999	    -999	    -999
     501	    -999	    -999	    -999
     502	    -999	    -999	    -999
     503	    -999	    -999	    -999
     504	    -999	    -999	    -999
     505	    -999	    -999	    -999
     506	    -999	    -999	    -999
     507	    -999	    -999	    -999
     508	    -999	    -999	    -999
     509	    -999	    -999	    -999
     510	    -999	    -999	    -999
     511	    -999	    -999	    -999
     512	    -999	    -999	    -999
     513	    -999	    -999	    -999
     514	    -999	    -999	    -999
     515	    -999	    -999	    -999
     516	    -999	    -999	    -999
     517	    -999	    -999	    -999
     518	    -999	    -999	    -999
     519	    -999	    -999	    -999
     520	    -999	    -999	    -999
     521	    -999	    -999	    -999
     522	    -999	    -999	    -999
     523	    -999	    -999	    -999
     524	    -999	    -999	    -999
     525	    -999	    -999	    -999
     526	    -999	    -999	    -999
     527	    -999	    -999	    -999
     528	    -999	    -999	    -999
     529	    -999	    -999	    -999
     530	    -999	    -999	    -999
     531	    -999	    -999	    -999
     532	    -999	    -999	    -999
     533	    -999	    -999	    -999
     534	    -999	    -999	    -999
     535	    -999	    -999	    -999
     536	    -999	    -999	    -999
     537	    -999	    -999	    -999
     538	    -999	    -999	    -999
     539	    -999	    -999	    -999
     540	    -999	    -999	    -999
     541	    -999	    -999	    -999
     542	    -999	    -999	    -999
     543	    -999	    -999	    -999
     544	    -999	    -999	    -999
     545	    -999	    -999	    -999
     546	    -999	    -999	    -999
     547	    -999	    -999	    -999
     548	    -999	    -999	    -999
     549	    -999	    -999	    -999
     550	    -999	    -999	    -999
     551	    -999	    -999	    -999
     552	    -999	    -999	    -999
     553	    -999	    -999	    -999
     554	    -999	    -999	    -999
     555	    -999	    -999	    -999
     556	    -999	    -999	    -999
     557	    -999	    -999	    -999
     558	    -999	    -999	    -999
     559	    -999	    -999	    -999
     560	    -999	    -999	    -999
     561	    -999	    -999	    -999
     562	    -999	    -999	    -999
     563	    -999	    -999	    -999
     564	    -999	    -999	    -999
     565	    -999	    -999	    -999
     566	    -999	    -999	    -999
     567	    -999	    -999	    -999
     568	    -999	    -999	    -999
     569	    -999	    -999	    -999
     570	    -999	    -999	    -999
     571	    -999	    -999	    -999
     572	    -999	    -999	    -999
     573	    -999	    -999	    -999
     574	    -999	    -999	    -999
     575	    -999	    -999	    -999
     576	    -999	    -999	    -999
     577	    -999	    -999	    -999
     578	    -999	    -999	    -999
     579	    -999	    -999	    -999
     580	    -999	    -999	    -999
     581	    -999	    -999	    -999
     582	    -999	    -999	    -999
     583	    -999	    -999	    -999
     584	    -999	    -999	    -999
     585	    -999	    -999	    -999
     586	    -999	    -999	    -999
     587	    -999	    -999	    -999
     588	    -999	    -999	    -999
     589	    -999	    -999	    -999
     590	    -999	    -999	    -999
     591	    -999	    -999	    -999
     592	    -999	    -999	    -999
     593	    -999	    -999	    -999
     594	    -999	    -999	    -999
     595	    -999	    -999	    -999
     596	    -999	    -999	    -999
     597	    -999	    -999	    -999
     598	    -999	    -999	    -999
     599	    -999	    -999	    -999
     600	    -999	    -999	    -999
     601	    -999	    -999	    -999
     602	    -999	    -999	    -999
     603	    -999	    -999	    -999
     604	    -999	    -999	    -999
     605	    -999	    -999	    -999
     606	    -999	    -999	    -999
     607	    -999	    -999	    -999
     608	    -999	    -999	    -999
     609	    -999	    -999	    -999
     610	    -999	    -999	    -999
     611	    -999	    -999	    -999
     612	    -999	    -999	    -999
     613	    -999	    -999	    -999
     614	    -999	    -999	    -999
     615	    -999	    -999	    -999
     616	    -999	    -999	    -999
     617	    -999	    -999	    -999
     618	    -999	    -999	    -999
     619	    -999	    -999	    -999
     620	    -999	    -999	    -999
     621	    -999	    -999	    -999
     622	    -999	    -999	    -999
     623	    -999	    -999	    -999
     624	    -999	    -999	    -999
     625	    -999	    -999	    -999
     626	    -999	    -999	    -999
     627	    -999	    -999	    -999
     628	    -999	    -999	    -999
     629	    -999	    -999	    -999
     630	    -999	    -999	    -999
     631	    -999	    -999	    -999
     632	    -999	    -999	    -999
     633	    -999	    -999	    -999
     634	    -999	    -999	    -999
     635	    -999	    -999	    -999
     636	    -999	    -999	    -999
     637	    -999	    -999	    -999
     638	    -999	    -999	    -999
     639	    -999	    -999	    -999
     640	    -999	    -999	    -999
     641	    -999	    -999	    -999
     642	    -999	    -999	    -999
     643	    -999	    -999	    -999
     644	    -999	    -999	    -999
     645	    -999	    -999	    -999
     646	    -999	    -999	    -999
     647	    -999	    -999	    -999
     648	    -999	    -999	    -999
     649	    -999	    -999	    -999
     650	    -999	    -999	    -999
     651	    -999	    -999	    -999
     652	    -999	    -999	    -999
     653	    -999	    -999	    -999
     654	    -999	    -999	    -999
     655	    -999	    -999	    -999
     656	    -999	    -999	    -999
     657	    -999	    -999	    -999
     658	    -999	    -999	    -999
     659	    -999	    -999	    -999
     660	    -999	    -999	    -999
     661	    -999	    -999	    -999
     662	    -999	    -999	    -999
     663	    -999	    -999	    -999
     664	    -999	    -999	    -999
     665	    -999	    -999	    -999
     666	    -999	    -999	    -999
     667	    -999	    -999	    -999
     668	    -999	    -999	    -999
     669	    -999	    -999	    -999
     670	    -999	    -999	    -999
     671	    -999	    -999	    -999
     672	    -999	    -999	    -999
     673	    -999	    -999	    -999
     674	    -999	    -999	    -999
     675	    -999	    -999	    -999
     676	    -999	    -999	    -999
     677	    -999	    -999	    -999
     678	    -999	    -999	    -999
     679	    -999	    -999	    -999
     680	    -999	    -999	    -999
     681	    -999	    -999	    -999
     682	    -999	    -999	    -999
     683	    -999	    -999	    -999
     684	    -999	    -999	    -999
     685	    -999	    -999	    -999
     686	    -999	    -999	    -999
     687	    -999	    -999	    -999
     688	    -999	    -999	    -999
     689	    -999	    -999	    -999
     690	    -999	    -999	    -999
     691	    -999	    -999	    -999
     692	    -999	    -999	    -999
     693	    -999	    -999	    -999
     694	    -999	    -999	    -999
     695	    -999	    -999	    -999
     696	    -999	    -999	    -999
     697	    -999	    -999	    -999
     698	    -999	    -999	    -999
     699	    -999	    -999	    -999
     700	    -999	    -999	    -999
     701	    -999	    -999	    -999
     702	    -999	    -999	    -999
     703	    -999	    -999	    -999
     704	    -999	    -999	    -999
     705	    -999	    -999	    -999
     706	    -999	    -999	    -999
     707	    -999	    -999	    -999
     708	    -999	    -999	    -999
     709	    -999	    -999	    -999
     710	    -999	    -999	    -999
     711	    -999	    -999	    -999
     712	    -999	    -999	    -999
     713	    -999	    -999	    -999
     714	    -999	    -999	    -999
     715	    -999	    -999	    -999
     716	    -999	    -999	    -999
     717	    -999	    -999	    -999
     718	    -999	    -999	    -999
     719	    -999	    -999	    -999
     720	    -999	    -999	    -999
     721	    -999	    -999	    -999
     722	    -999	    -999	    -999
     723	    -999	    -999	    -999
     724	    -999	    -999	    -999
     725	    -999	    -999	    -999
     726	    -999	    -999	    -999
     727	    -999	    -999	    -999
     728	    -999	    -999	    -999
     729	    -999	    -999	    -999
     730	    -999	    -999	    -999
     731	    -999	    -999	    -999
     732	    -999	    -999	    -999
     733	    -999	    -999	    -999
     734	    -999	    -999	    -999
     735	    -999	    -999	    -999
     736	    -999	    -999	    -999
     737	    -999	    -999	    -999
     738	    -999	    -999	    -999
     739	    -999	    -999	    -999
     740	    -999	    -999	    -999
     741	    -999	    -999	    -999
     742	    -999	    -999	    -999
     743	    -999	    -999	    -999
     744	    -999	    -999	    -999
     745	    -999	    -999	    -999
     746	    -999	    -999	    -999
     747	    -999	    -999	    -999
     748	    -999	    -999	    -999
     749	    -999	    -999	    -999
     750	    -999	    -999	    -999
     751	    -999	    -999	    -999
     752	    -999	    -999	    -999
     753	    -999	    -999	    -999
     754	    -999	    -999	    -999
     755	    -999	    -999	    -999
     756	    -999	    -999	    -999
     757	    -999	    -999	    -999
     758	    -999	    -999	    -999
     759	    -999	    -999	    -999
     760	    -999	    -999	    -999
     761	    -999	    -999	    -999
     762	    -999	    -999	    -999
     763	    -999	    -999	    -999
     764	    -999	    -999	    -999
     765	    -999	    -999	    -999
     766	    -999	    -999	    -999
     767	    -999	    -999	    -999
     768	    -999	    -999	    -999
     769	    -999	    -999	    -999
     770	    -999	    -999	    -999
     771	    -999	    -999	    -999
     772	    -999	    -999	    -999
     773	    -999	    -999	    -999
     774	    -999	    -999	    -999
     775	    -999	    -999	    -999
     776	    -999	    -999	    -999
     777	    -999	    -999	    -999
     778	    -999	    -999	    -999
     779	    -999	    -999	    -999
     780	    -999	    -999	    -999
     781	    -999	    -999	    -999
     782	    -999	    -999	    -999
     783	    -999	    -999	    -999
     784	    -999	    -999	    -999
     785	    -999	    -999	    -999
     786	    -999	    -999	    -999
     787	    -999	    -999	    -999
     788	    -999	    -999	    -999
     789	    -999	    -999	    -999
     790	    -999	    -999	    -999
     791	    -999	    -999	    -999
     792	    -999	    -999	    -999
     793	    -999	    -999	    -999
     794	    -999	    -999	    -999
     795	    -999	    -999	    -999
     796	    -999	    -999	    -999
     797	    -999	    -999	    -999
     798	    -999	    -999	    -999
     799	    -999	    -999	    -999
     800	    -999	    -999	    -999
     801	    -999	    -999	    -999
     802	    -999	    -999	    -999
     803	    -999	    -999	    -999
     804	    -999	    -999	    -999
     805	    -999	    -999	    -999
     806	    -999	    -999	    -999
     807	    -999	    -999	    -999
     808	    -999	    -999	    -999
     809	    -999	    -999	    -999
     810	    -999	    -999	    -999
     811	    -999	    -999	    -999
     812	    -999	    -999	    -999
     813	    -999	    -999	    -999
     814	    -999	    -999	    -999
     815	    -999	    -999	    -999
     816	    -999	    -999	    -999
     817	    -999	    -999	    -999
     818	    -999	    -999	    -999
     819	    -999	    -999	    -999
     820	    -999	    -999	    -999
     821	    -999	    -999	    -999
     822	    -999	    -999	    -999
     823	    -999	    -999	    -999
     824	    -999	    -999	    -999
     825	    -999	    -999	    -999
     826	    -999	    -999	    -999
     827	    -999	    -999	    -999
     828	    -999	    -999	    -999
     829	    -999	    -999	    -999
     830	    -999	    -999	    -999
     831	    -999	    -999	    -999
     832	    -999	    -999	    -999
     833	    -999	    -999	    -999
     834	    -999	    -999	    -999
     835	    -999	    -999	    -999
     836	    -999	    -999	    -999
     837	    -999	    -999	    -999
     838	    -999	    -999	    -999
     839	    -999	    -999	    -999
     840	    -999	    -999	    -999
     841	    -999	    -999	    -999
     842	    -999	    -999	    -999
     843	    -999	    -999	    -999
     844	    -999	    -999	    -999
     845	    -999	    -999	    -999
     846	    -999	    -999	    -999
     847	    -999	    -999	    -999
     848	    -999	    -999	    -999
     849	    -999	    -999	    -999
     850	    -999	    -999	    -999
