/*
Particulate absorption and scattering spectra, normalized by SPM 
Scattering spectra from ac-s power-function fit 400-700 nm scaled by LISST-VSF scattering coefficient at 532 nm 
Total (a_p) and MeOH-extracted (a_d) absorption spectra from UV/VIS spectrophotometer measurements with GF/F filter inside 15-cm integrating sphere
Correction for filter-pad pathlength amplification from Stramski et al. 2015 

Lat, Lon = NaN, NaN
Date Time UTC = NaN
Depth = NaN m
SPM = 22.44 g/m3
POC = NaN mg/m3
PSD power-law exponent (~1.5-147 µm) = 3.47 
Scattering spectra power-function exponent (400-700 nm) = 0.231 

Created by Daniel Koestner on 15-Jan-2024 15:28:37
Data Version: V4_10-Nov-2023

Column 1: wavelength [nm]
Column 2: a_p [m^2/g]
Column 3: a_d [m^2/g]
Column 4: b_p [m^2/g]
*/
     290	 0.05319	 0.04573	  0.2433
     291	 0.05296	 0.04547	  0.2431
     292	 0.05267	 0.04518	  0.2429
     293	  0.0523	 0.04485	  0.2427
     294	 0.05186	 0.04447	  0.2425
     295	 0.05135	 0.04406	  0.2423
     296	 0.05079	 0.04361	  0.2422
     297	  0.0502	 0.04313	   0.242
     298	 0.04957	 0.04262	  0.2418
     299	 0.04891	 0.04208	  0.2416
     300	 0.04819	 0.04149	  0.2414
     301	  0.0474	 0.04082	  0.2412
     302	 0.04649	 0.04007	   0.241
     303	 0.04543	  0.0392	  0.2409
     304	 0.04419	  0.0382	  0.2407
     305	 0.04273	 0.03706	  0.2405
     306	 0.04108	 0.03577	  0.2403
     307	 0.03923	 0.03436	  0.2401
     308	 0.03725	 0.03283	  0.2399
     309	 0.03517	 0.03123	  0.2398
     310	 0.03305	 0.02958	  0.2396
     311	 0.03095	 0.02792	  0.2394
     312	 0.02892	 0.02628	  0.2392
     313	 0.02699	  0.0247	  0.2391
     314	  0.0252	  0.0232	  0.2389
     315	 0.02357	 0.02179	  0.2387
     316	  0.0221	  0.0205	  0.2385
     317	  0.0208	 0.01932	  0.2384
     318	 0.01966	 0.01827	  0.2382
     319	 0.01867	 0.01735	   0.238
     320	 0.01782	 0.01654	  0.2378
     321	 0.01709	 0.01584	  0.2377
     322	 0.01646	 0.01524	  0.2375
     323	 0.01592	 0.01472	  0.2373
     324	 0.01545	 0.01427	  0.2371
     325	 0.01505	 0.01388	   0.237
     326	 0.01469	 0.01353	  0.2368
     327	 0.01437	 0.01323	  0.2366
     328	 0.01409	 0.01295	  0.2365
     329	 0.01382	 0.01269	  0.2363
     330	 0.01357	 0.01245	  0.2361
     331	 0.01332	 0.01222	   0.236
     332	 0.01309	 0.01199	  0.2358
     333	 0.01285	 0.01176	  0.2357
     334	 0.01261	 0.01152	  0.2355
     335	 0.01237	 0.01129	  0.2353
     336	 0.01213	 0.01105	  0.2352
     337	 0.01188	  0.0108	   0.235
     338	 0.01162	 0.01056	  0.2348
     339	 0.01136	 0.01031	  0.2347
     340	  0.0111	 0.01006	  0.2345
     341	 0.01083	0.009813	  0.2344
     342	 0.01056	 0.00957	  0.2342
     343	  0.0103	0.009331	   0.234
     344	 0.01004	0.009096	  0.2339
     345	0.009783	0.008864	  0.2337
     346	0.009528	0.008634	  0.2336
     347	0.009275	0.008406	  0.2334
     348	0.009024	0.008178	  0.2333
     349	0.008773	 0.00795	  0.2331
     350	0.008524	0.007723	   0.233
     351	0.008277	0.007495	  0.2328
     352	 0.00803	0.007268	  0.2326
     353	0.007783	 0.00704	  0.2325
     354	0.007534	0.006811	  0.2323
     355	0.007284	0.006579	  0.2322
     356	0.007032	0.006346	   0.232
     357	 0.00678	0.006112	  0.2319
     358	 0.00653	 0.00588	  0.2317
     359	0.006285	0.005651	  0.2316
     360	0.006047	 0.00543	  0.2314
     361	0.005819	0.005219	  0.2313
     362	0.005602	0.005021	  0.2311
     363	  0.0054	0.004839	   0.231
     364	0.005212	0.004671	  0.2309
     365	0.005039	0.004516	  0.2307
     366	0.004881	0.004373	  0.2306
     367	0.004737	0.004241	  0.2304
     368	0.004605	0.004117	  0.2303
     369	0.004483	0.004002	  0.2301
     370	0.004371	0.003895	    0.23
     371	0.004267	0.003798	  0.2298
     372	0.004169	0.003711	  0.2297
     373	0.004079	0.003635	  0.2296
     374	0.003997	 0.00357	  0.2294
     375	0.003923	0.003514	  0.2293
     376	0.003858	0.003466	  0.2291
     377	  0.0038	0.003422	   0.229
     378	0.003749	 0.00338	  0.2288
     379	0.003702	0.003337	  0.2287
     380	0.003658	0.003295	  0.2286
     381	0.003618	0.003252	  0.2284
     382	 0.00358	0.003211	  0.2283
     383	0.003545	0.003173	  0.2282
     384	0.003514	 0.00314	   0.228
     385	0.003488	0.003111	  0.2279
     386	0.003464	0.003087	  0.2277
     387	0.003442	0.003066	  0.2276
     388	0.003422	0.003048	  0.2275
     389	0.003402	0.003032	  0.2273
     390	0.003384	0.003018	  0.2272
     391	0.003366	0.003005	  0.2271
     392	0.003351	0.002996	  0.2269
     393	0.003338	0.002989	  0.2268
     394	0.003327	0.002984	  0.2267
     395	0.003318	 0.00298	  0.2265
     396	 0.00331	0.002977	  0.2264
     397	0.003303	0.002973	  0.2263
     398	0.003296	0.002968	  0.2261
     399	0.003288	0.002962	   0.226
     400	0.003279	0.002956	  0.2259
     401	0.003269	0.002949	  0.2257
     402	0.003258	0.002943	  0.2256
     403	0.003245	0.002938	  0.2255
     404	0.003232	0.002933	  0.2254
     405	0.003219	0.002928	  0.2252
     406	0.003204	0.002923	  0.2251
     407	0.003189	0.002916	   0.225
     408	0.003172	0.002907	  0.2248
     409	0.003153	0.002895	  0.2247
     410	0.003131	0.002881	  0.2246
     411	0.003107	0.002865	  0.2245
     412	0.003081	0.002847	  0.2243
     413	0.003054	0.002828	  0.2242
     414	0.003028	 0.00281	  0.2241
     415	0.003003	0.002791	   0.224
     416	0.002979	0.002773	  0.2238
     417	0.002957	0.002756	  0.2237
     418	0.002936	0.002738	  0.2236
     419	0.002914	 0.00272	  0.2235
     420	0.002892	0.002702	  0.2233
     421	0.002869	0.002683	  0.2232
     422	0.002846	0.002664	  0.2231
     423	0.002822	0.002646	   0.223
     424	  0.0028	0.002629	  0.2229
     425	0.002779	0.002613	  0.2227
     426	 0.00276	0.002598	  0.2226
     427	0.002743	0.002585	  0.2225
     428	0.002726	0.002572	  0.2224
     429	 0.00271	0.002559	  0.2222
     430	0.002693	0.002545	  0.2221
     431	0.002674	 0.00253	   0.222
     432	0.002653	0.002514	  0.2219
     433	0.002631	0.002496	  0.2218
     434	0.002608	0.002478	  0.2217
     435	0.002585	 0.00246	  0.2215
     436	0.002564	0.002443	  0.2214
     437	0.002545	0.002427	  0.2213
     438	0.002529	0.002413	  0.2212
     439	0.002514	0.002401	  0.2211
     440	0.002501	0.002389	  0.2209
     441	0.002488	0.002378	  0.2208
     442	0.002474	0.002366	  0.2207
     443	0.002458	0.002353	  0.2206
     444	0.002442	0.002337	  0.2205
     445	0.002424	 0.00232	  0.2204
     446	0.002405	0.002302	  0.2203
     447	0.002387	0.002283	  0.2201
     448	0.002369	0.002265	    0.22
     449	0.002353	0.002249	  0.2199
     450	0.002337	0.002235	  0.2198
     451	0.002324	0.002224	  0.2197
     452	0.002311	0.002215	  0.2196
     453	0.002299	0.002207	  0.2195
     454	0.002288	0.002199	  0.2194
     455	0.002278	0.002192	  0.2192
     456	0.002267	0.002183	  0.2191
     457	0.002255	0.002174	   0.219
     458	0.002243	0.002163	  0.2189
     459	 0.00223	0.002152	  0.2188
     460	0.002217	0.002142	  0.2187
     461	0.002204	0.002132	  0.2186
     462	0.002191	0.002123	  0.2185
     463	0.002179	0.002115	  0.2184
     464	0.002167	0.002108	  0.2183
     465	0.002156	0.002101	  0.2181
     466	0.002145	0.002094	   0.218
     467	0.002134	0.002087	  0.2179
     468	0.002123	0.002079	  0.2178
     469	0.002112	 0.00207	  0.2177
     470	0.002101	0.002062	  0.2176
     471	 0.00209	0.002054	  0.2175
     472	 0.00208	0.002047	  0.2174
     473	0.002072	0.002041	  0.2173
     474	0.002064	0.002037	  0.2172
     475	0.002058	0.002034	  0.2171
     476	0.002052	0.002032	   0.217
     477	0.002047	0.002029	  0.2169
     478	0.002042	0.002025	  0.2168
     479	0.002036	 0.00202	  0.2167
     480	 0.00203	0.002014	  0.2165
     481	0.002022	0.002006	  0.2164
     482	0.002015	0.001998	  0.2163
     483	0.002006	 0.00199	  0.2162
     484	0.001997	0.001982	  0.2161
     485	0.001988	0.001974	   0.216
     486	0.001978	0.001966	  0.2159
     487	0.001968	0.001958	  0.2158
     488	0.001959	 0.00195	  0.2157
     489	0.001951	0.001941	  0.2156
     490	0.001944	0.001932	  0.2155
     491	0.001938	0.001922	  0.2154
     492	0.001934	0.001913	  0.2153
     493	0.001929	0.001904	  0.2152
     494	0.001925	0.001895	  0.2151
     495	 0.00192	0.001888	   0.215
     496	0.001915	0.001881	  0.2149
     497	0.001909	0.001875	  0.2148
     498	0.001903	0.001869	  0.2147
     499	0.001897	0.001862	  0.2146
     500	 0.00189	0.001855	  0.2145
     501	0.001883	0.001847	  0.2144
     502	0.001875	 0.00184	  0.2143
     503	0.001867	0.001832	  0.2142
     504	0.001859	0.001825	  0.2141
     505	0.001852	 0.00182	   0.214
     506	0.001845	0.001815	  0.2139
     507	0.001837	0.001811	  0.2138
     508	0.001831	0.001808	  0.2137
     509	0.001824	0.001804	  0.2136
     510	0.001817	  0.0018	  0.2135
     511	 0.00181	0.001795	  0.2134
     512	0.001803	 0.00179	  0.2133
     513	0.001796	0.001784	  0.2132
     514	 0.00179	0.001779	  0.2131
     515	0.001784	0.001774	  0.2131
     516	0.001779	 0.00177	   0.213
     517	0.001773	0.001765	  0.2129
     518	0.001768	 0.00176	  0.2128
     519	0.001763	0.001755	  0.2127
     520	0.001758	0.001749	  0.2126
     521	0.001753	0.001742	  0.2125
     522	0.001747	0.001735	  0.2124
     523	0.001741	0.001726	  0.2123
     524	0.001733	0.001717	  0.2122
     525	0.001725	0.001706	  0.2121
     526	0.001716	0.001696	   0.212
     527	0.001707	0.001684	  0.2119
     528	0.001697	0.001673	  0.2118
     529	0.001688	0.001662	  0.2117
     530	0.001678	0.001651	  0.2116
     531	0.001669	 0.00164	  0.2116
     532	 0.00166	0.001631	  0.2115
     533	0.001652	0.001622	  0.2114
     534	0.001644	0.001614	  0.2113
     535	0.001637	0.001607	  0.2112
     536	0.001631	0.001601	  0.2111
     537	0.001626	0.001597	   0.211
     538	0.001621	0.001593	  0.2109
     539	0.001617	0.001591	  0.2108
     540	0.001613	 0.00159	  0.2107
     541	0.001609	0.001589	  0.2106
     542	0.001606	0.001589	  0.2106
     543	0.001603	0.001588	  0.2105
     544	0.001599	0.001586	  0.2104
     545	0.001596	0.001583	  0.2103
     546	0.001594	0.001579	  0.2102
     547	0.001592	0.001575	  0.2101
     548	 0.00159	0.001571	    0.21
     549	0.001589	0.001567	  0.2099
     550	0.001588	0.001565	  0.2098
     551	0.001587	0.001564	  0.2098
     552	0.001585	0.001563	  0.2097
     553	0.001582	0.001563	  0.2096
     554	0.001579	0.001562	  0.2095
     555	0.001575	 0.00156	  0.2094
     556	0.001572	0.001558	  0.2093
     557	0.001569	0.001555	  0.2092
     558	0.001567	0.001551	  0.2091
     559	0.001567	0.001548	  0.2091
     560	0.001567	0.001546	   0.209
     561	0.001568	0.001544	  0.2089
     562	0.001568	0.001542	  0.2088
     563	0.001568	0.001541	  0.2087
     564	0.001567	 0.00154	  0.2086
     565	0.001565	0.001539	  0.2085
     566	0.001564	0.001538	  0.2085
     567	0.001564	0.001538	  0.2084
     568	0.001564	0.001539	  0.2083
     569	0.001566	0.001541	  0.2082
     570	0.001568	0.001543	  0.2081
     571	0.001571	0.001545	   0.208
     572	0.001573	0.001546	  0.2079
     573	0.001574	0.001546	  0.2079
     574	0.001572	0.001543	  0.2078
     575	0.001569	0.001539	  0.2077
     576	0.001565	0.001534	  0.2076
     577	 0.00156	 0.00153	  0.2075
     578	0.001555	0.001525	  0.2074
     579	 0.00155	0.001521	  0.2074
     580	0.001547	0.001518	  0.2073
     581	0.001543	0.001515	  0.2072
     582	0.001541	0.001512	  0.2071
     583	0.001539	0.001509	   0.207
     584	0.001537	0.001507	  0.2069
     585	0.001537	0.001506	  0.2069
     586	0.001537	0.001506	  0.2068
     587	0.001539	0.001507	  0.2067
     588	0.001542	 0.00151	  0.2066
     589	0.001547	0.001515	  0.2065
     590	0.001552	0.001521	  0.2065
     591	0.001558	0.001528	  0.2064
     592	0.001562	0.001534	  0.2063
     593	0.001565	 0.00154	  0.2062
     594	0.001568	0.001544	  0.2061
     595	0.001569	0.001548	  0.2061
     596	 0.00157	 0.00155	   0.206
     597	0.001571	0.001552	  0.2059
     598	0.001573	0.001554	  0.2058
     599	0.001576	0.001557	  0.2057
     600	0.001579	 0.00156	  0.2057
     601	0.001583	0.001563	  0.2056
     602	0.001587	0.001565	  0.2055
     603	 0.00159	0.001567	  0.2054
     604	0.001591	0.001567	  0.2053
     605	 0.00159	0.001565	  0.2053
     606	0.001588	0.001562	  0.2052
     607	0.001585	0.001559	  0.2051
     608	0.001581	0.001555	   0.205
     609	0.001578	0.001551	   0.205
     610	0.001575	0.001548	  0.2049
     611	0.001572	0.001545	  0.2048
     612	 0.00157	0.001542	  0.2047
     613	0.001569	 0.00154	  0.2046
     614	0.001567	0.001537	  0.2046
     615	0.001565	0.001535	  0.2045
     616	0.001563	0.001533	  0.2044
     617	0.001561	0.001533	  0.2043
     618	 0.00156	0.001534	  0.2043
     619	0.001562	0.001537	  0.2042
     620	0.001566	0.001544	  0.2041
     621	0.001572	0.001552	   0.204
     622	0.001579	0.001562	   0.204
     623	0.001588	0.001572	  0.2039
     624	0.001596	0.001581	  0.2038
     625	0.001602	0.001589	  0.2037
     626	0.001608	0.001594	  0.2037
     627	0.001612	0.001598	  0.2036
     628	0.001616	0.001599	  0.2035
     629	0.001619	  0.0016	  0.2034
     630	0.001622	  0.0016	  0.2034
     631	0.001625	  0.0016	  0.2033
     632	0.001628	  0.0016	  0.2032
     633	0.001631	0.001599	  0.2031
     634	0.001634	0.001598	  0.2031
     635	0.001636	0.001596	   0.203
     636	0.001636	0.001593	  0.2029
     637	0.001634	 0.00159	  0.2028
     638	 0.00163	0.001587	  0.2028
     639	0.001626	0.001584	  0.2027
     640	0.001621	0.001582	  0.2026
     641	0.001616	0.001582	  0.2025
     642	0.001612	0.001583	  0.2025
     643	 0.00161	0.001585	  0.2024
     644	0.001611	0.001588	  0.2023
     645	0.001613	0.001592	  0.2023
     646	0.001617	0.001596	  0.2022
     647	0.001622	0.001599	  0.2021
     648	0.001628	0.001602	   0.202
     649	0.001634	0.001604	   0.202
     650	0.001639	0.001607	  0.2019
     651	0.001645	0.001609	  0.2018
     652	0.001651	0.001611	  0.2017
     653	0.001656	0.001614	  0.2017
     654	0.001662	0.001617	  0.2016
     655	0.001667	0.001621	  0.2015
     656	0.001671	0.001625	  0.2015
     657	0.001675	0.001629	  0.2014
     658	0.001677	0.001632	  0.2013
     659	0.001678	0.001636	  0.2012
     660	0.001678	0.001639	  0.2012
     661	0.001678	0.001641	  0.2011
     662	0.001677	0.001642	   0.201
     663	0.001677	0.001642	   0.201
     664	0.001678	0.001642	  0.2009
     665	0.001681	0.001643	  0.2008
     666	0.001685	0.001645	  0.2008
     667	 0.00169	0.001648	  0.2007
     668	0.001696	0.001652	  0.2006
     669	0.001702	0.001656	  0.2005
     670	0.001707	0.001661	  0.2005
     671	 0.00171	0.001665	  0.2004
     672	0.001711	0.001667	  0.2003
     673	0.001709	0.001668	  0.2003
     674	0.001705	0.001667	  0.2002
     675	  0.0017	0.001663	  0.2001
     676	0.001695	0.001659	  0.2001
     677	 0.00169	0.001654	     0.2
     678	0.001688	0.001651	  0.1999
     679	0.001689	 0.00165	  0.1999
     680	0.001692	0.001651	  0.1998
     681	0.001696	0.001655	  0.1997
     682	  0.0017	 0.00166	  0.1997
     683	0.001703	0.001665	  0.1996
     684	0.001706	0.001668	  0.1995
     685	0.001707	 0.00167	  0.1995
     686	0.001707	0.001669	  0.1994
     687	0.001707	0.001667	  0.1993
     688	0.001707	0.001664	  0.1993
     689	0.001707	 0.00166	  0.1992
     690	0.001706	0.001656	  0.1991
     691	0.001705	0.001653	  0.1991
     692	0.001703	0.001651	   0.199
     693	0.001701	 0.00165	  0.1989
     694	  0.0017	0.001649	  0.1989
     695	0.001699	 0.00165	  0.1988
     696	0.001699	0.001651	  0.1987
     697	  0.0017	0.001652	  0.1987
     698	0.001702	0.001652	  0.1986
     699	0.001704	0.001652	  0.1985
     700	0.001707	0.001651	  0.1985
     701	0.001711	 0.00165	  0.1984
     702	0.001715	0.001648	  0.1983
     703	0.001719	0.001648	  0.1983
     704	0.001722	0.001649	  0.1982
     705	0.001724	0.001652	  0.1981
     706	0.001725	0.001655	  0.1981
     707	0.001724	0.001658	   0.198
     708	0.001723	0.001661	  0.1979
     709	 0.00172	0.001663	  0.1979
     710	0.001718	0.001665	  0.1978
     711	0.001716	0.001666	  0.1977
     712	0.001715	0.001666	  0.1977
     713	0.001715	0.001666	  0.1976
     714	0.001715	0.001666	  0.1976
     715	0.001715	0.001665	  0.1975
     716	0.001714	0.001663	  0.1974
     717	0.001711	0.001661	  0.1974
     718	0.001708	0.001657	  0.1973
     719	0.001703	0.001654	  0.1972
     720	0.001698	0.001651	  0.1972
     721	0.001695	0.001651	  0.1971
     722	0.001694	0.001652	   0.197
     723	0.001696	0.001656	   0.197
     724	0.001702	0.001664	  0.1969
     725	0.001711	0.001673	  0.1969
     726	0.001723	0.001684	  0.1968
     727	0.001736	0.001694	  0.1967
     728	0.001748	0.001703	  0.1967
     729	0.001758	0.001708	  0.1966
     730	0.001764	0.001709	  0.1965
     731	0.001766	0.001707	  0.1965
     732	0.001765	0.001703	  0.1964
     733	0.001762	0.001698	  0.1964
     734	0.001761	0.001695	  0.1963
     735	0.001762	0.001694	  0.1962
     736	0.001767	0.001697	  0.1962
     737	0.001775	0.001703	  0.1961
     738	0.001784	0.001709	   0.196
     739	0.001791	0.001715	   0.196
     740	0.001795	0.001717	  0.1959
     741	0.001793	0.001716	  0.1959
     742	0.001785	0.001711	  0.1958
     743	0.001772	0.001703	  0.1957
     744	0.001756	0.001693	  0.1957
     745	0.001739	0.001683	  0.1956
     746	0.001724	0.001674	  0.1956
     747	0.001712	0.001668	  0.1955
     748	0.001704	0.001664	  0.1954
     749	  0.0017	0.001664	  0.1954
     750	0.001699	0.001667	  0.1953
     751	0.001701	0.001672	  0.1953
     752	0.001704	0.001677	  0.1952
     753	0.001709	0.001683	  0.1951
     754	0.001713	0.001688	  0.1951
     755	0.001715	0.001692	   0.195
     756	0.001717	0.001695	   0.195
     757	0.001716	0.001696	  0.1949
     758	0.001714	0.001696	  0.1948
     759	 0.00171	0.001695	  0.1948
     760	0.001706	0.001691	  0.1947
     761	0.001703	0.001686	  0.1947
     762	0.001703	0.001681	  0.1946
     763	0.001705	0.001676	  0.1945
     764	0.001712	0.001672	  0.1945
     765	0.001721	 0.00167	  0.1944
     766	0.001731	0.001671	  0.1944
     767	 0.00174	0.001673	  0.1943
     768	0.001745	0.001678	  0.1943
     769	0.001747	0.001685	  0.1942
     770	0.001743	0.001692	  0.1941
     771	0.001736	0.001698	  0.1941
     772	0.001727	0.001704	   0.194
     773	0.001716	0.001706	   0.194
     774	0.001705	0.001705	  0.1939
     775	0.001694	  0.0017	  0.1938
     776	0.001682	0.001693	  0.1938
     777	 0.00167	0.001684	  0.1937
     778	0.001659	0.001675	  0.1937
     779	0.001651	0.001668	  0.1936
     780	0.001645	0.001663	  0.1936
     781	0.001642	0.001661	  0.1935
     782	0.001641	 0.00166	  0.1934
     783	0.001641	0.001661	  0.1934
     784	0.001641	 0.00166	  0.1933
     785	0.001638	0.001658	  0.1933
     786	0.001632	0.001653	  0.1932
     787	0.001625	0.001647	  0.1932
     788	0.001617	 0.00164	  0.1931
     789	0.001609	0.001633	   0.193
     790	0.001604	0.001627	   0.193
     791	0.001601	0.001624	  0.1929
     792	0.001603	0.001625	  0.1929
     793	0.001608	0.001629	  0.1928
     794	0.001617	0.001637	  0.1928
     795	0.001629	0.001647	  0.1927
     796	0.001643	0.001658	  0.1926
     797	0.001657	0.001669	  0.1926
     798	 0.00167	 0.00168	  0.1925
     799	 0.00168	0.001691	  0.1925
     800	0.001688	  0.0017	  0.1924
     801	0.001693	0.001709	  0.1924
     802	0.001696	0.001717	  0.1923
     803	0.001697	0.001723	  0.1923
     804	0.001695	0.001725	  0.1922
     805	0.001689	0.001723	  0.1921
     806	0.001678	0.001715	  0.1921
     807	0.001663	0.001701	   0.192
     808	0.001643	0.001682	   0.192
     809	0.001621	0.001661	  0.1919
     810	  0.0016	 0.00164	  0.1919
     811	0.001582	0.001622	  0.1918
     812	 0.00157	0.001607	  0.1918
     813	0.001562	0.001595	  0.1917
     814	0.001558	0.001585	  0.1917
     815	0.001555	0.001575	  0.1916
     816	0.001551	0.001565	  0.1915
     817	0.001543	0.001553	  0.1915
     818	0.001532	0.001541	  0.1914
     819	0.001526	0.001534	  0.1914
     820	0.001519	0.001528	  0.1913
     821	0.001501	0.001516	  0.1913
     822	0.001486	0.001509	  0.1912
     823	0.001474	0.001505	  0.1912
     824	0.001468	0.001507	  0.1911
     825	0.001468	0.001512	  0.1911
     826	0.001474	0.001522	   0.191
     827	0.001485	0.001534	   0.191
     828	0.001499	0.001546	  0.1909
     829	0.001515	0.001558	  0.1908
     830	0.001532	0.001568	  0.1908
     831	 0.00155	0.001576	  0.1907
     832	0.001568	0.001583	  0.1907
     833	0.001584	0.001587	  0.1906
     834	0.001599	0.001589	  0.1906
     835	0.001608	0.001587	  0.1905
     836	0.001612	0.001579	  0.1905
     837	0.001607	0.001565	  0.1904
     838	0.001594	0.001543	  0.1904
     839	0.001574	0.001515	  0.1903
     840	 0.00155	0.001484	  0.1903
     841	0.001525	0.001453	  0.1902
     842	0.001505	0.001427	  0.1902
     843	0.001493	0.001412	  0.1901
     844	0.001492	0.001409	  0.1901
     845	0.001501	0.001419	    0.19
     846	0.001516	0.001437	    0.19
     847	0.001532	 0.00146	  0.1899
     848	0.001543	0.001483	  0.1899
     849	0.001548	0.001503	  0.1898
     850	0.001548	0.001523	  0.1897
