/*
Scattering Phase Functions [1/sr] at 532 nm from LISST-VSF (SN 1475), Percentiles and mean
Volume scattering function corrected and extrapolated to 180ยบ following Koestner et al. 2018 

Dilution-corrected (if applicable) IOPs [1/m], Percentiles and mean;
bbp = 0.462904	0.524637	0.621035	0.757204	0.901885	0.659396
bp = 15.681288	16.601965	17.883116	19.360802	20.955947	18.144035
cp = 22.796593	23.384229	25.179467	26.650577	28.126618	25.237494

Lat, Lon = NaN, NaN
Date Time UTC = NaN
Depth = NaN m
SPM = 43.37 g/m3
POC/SPM = NaN 

Created by Daniel Koestner on 15-Jan-2024 15:28:33
Data Version: V4_10-Nov-2023

Column 1: Angle [deg]
Column 2: 10th Percentile Data
Column 3: 25th Percentile Data
Column 4: 50th Percentile Data
Column 5: 75th Percentile Data
Column 6: 90th Percentile Data
Column 7: Mean Data
*/
 0.08357	    4542	    4940	    5338	    5552	    5709	    5289
 0.09861	    3892	    4183	    4470	    4646	    4764	    4442
  0.1164	    3228	    3413	    3591	    3728	    3804	    3581
  0.1373	    2572	    2669	    2755	    2848	    2883	    2756
  0.1621	    1992	    2036	    2068	    2117	    2116	    2066
  0.1912	    1486	    1507	    1516	    1530	    1512	    1509
  0.2257	    1090	    1104	    1107	    1104	    1083	    1098
  0.2663	   788.8	     798	   797.8	   790.9	     776	   791.3
  0.3143	   594.7	   599.2	   597.2	   588.6	   576.3	   591.3
  0.3708	   441.4	   441.4	   438.6	   429.9	   418.4	   433.1
  0.4376	   334.7	   333.8	   331.1	   322.6	   313.1	     326
  0.5164	   241.5	   239.9	   236.7	   230.7	   223.9	   233.9
  0.6094	   182.1	   180.5	   177.9	     173	   167.6	   175.7
  0.7191	   128.2	   126.6	   124.3	   120.6	   116.3	   122.7
  0.8486	   95.98	   95.03	    93.1	   90.28	      87	   91.71
   1.001	   69.63	   68.95	   67.05	   65.17	   63.26	   66.27
   1.182	   44.02	   43.37	    42.6	   41.06	   39.21	   41.86
   1.394	   36.07	   35.51	   34.47	   33.62	   32.59	   34.26
   1.645	   24.19	   23.42	   22.84	   22.14	    21.1	   22.56
   1.941	   19.66	   19.44	   18.87	   18.18	   17.52	   18.63
    2.29	   13.27	    12.9	   12.51	   12.15	   11.51	   12.38
   2.701	   11.04	   10.74	   10.44	   10.06	   9.759	   10.35
   3.185	   7.756	   7.623	   7.316	    7.03	     6.7	   7.236
   3.756	   6.528	   6.355	   6.194	   5.921	   5.725	   6.124
   4.428	   4.344	   4.289	   4.155	   3.957	   3.743	   4.069
   5.218	   3.438	   3.366	   3.254	   3.113	   3.031	   3.214
   6.146	   2.662	   2.604	   2.518	   2.416	   2.332	   2.485
   7.232	   1.981	   1.951	    1.88	    1.81	   1.761	   1.864
   8.502	   1.471	   1.441	   1.404	   1.351	   1.301	   1.385
   9.981	   1.131	   1.099	   1.068	   1.037	  0.9935	   1.056
   11.69	  0.8031	  0.7886	  0.7748	  0.7575	  0.7446	  0.7692
   13.67	  0.5735	  0.5688	  0.5653	  0.5565	  0.5608	  0.5634
      15	  0.4689	  0.4678	  0.4681	  0.4627	  0.4733	  0.4676
      16	  0.4067	  0.4113	  0.4115	   0.408	   0.409	  0.4124
      17	  0.3644	  0.3617	   0.365	  0.3621	  0.3663	  0.3649
      18	  0.3221	  0.3183	  0.3229	  0.3256	  0.3311	  0.3242
      19	   0.286	  0.2829	  0.2868	  0.2943	  0.2972	  0.2902
      20	  0.2576	  0.2547	  0.2564	  0.2646	  0.2681	  0.2601
      21	  0.2304	  0.2264	  0.2299	   0.234	  0.2393	  0.2324
      22	   0.207	  0.2032	  0.2102	  0.2121	  0.2141	  0.2099
      23	  0.1857	  0.1847	  0.1883	  0.1929	  0.1938	  0.1894
      24	  0.1676	  0.1668	  0.1697	  0.1743	  0.1743	  0.1722
      25	  0.1527	  0.1533	  0.1558	  0.1579	  0.1632	  0.1569
      26	  0.1376	  0.1388	  0.1415	  0.1445	  0.1475	  0.1424
      27	  0.1257	  0.1246	  0.1286	  0.1301	  0.1346	  0.1289
      28	   0.114	  0.1153	  0.1161	   0.119	  0.1207	   0.117
      29	  0.1045	  0.1055	  0.1067	  0.1088	  0.1097	  0.1074
      30	 0.09592	 0.09753	 0.09937	  0.1015	  0.1029	 0.09956
      31	   0.088	 0.09028	 0.09063	 0.09485	 0.09649	 0.09223
      32	  0.0824	 0.08291	 0.08362	 0.08715	 0.09266	 0.08564
      33	 0.07642	 0.07695	 0.07665	 0.08348	  0.0865	 0.08012
      34	 0.07196	 0.07268	 0.07224	 0.07679	 0.08003	 0.07482
      35	 0.06722	 0.06679	 0.06807	 0.07214	 0.07883	 0.07017
      36	 0.06163	 0.06336	 0.06314	  0.0675	 0.07337	 0.06571
      37	 0.05752	 0.05884	 0.05945	 0.06319	  0.0694	 0.06161
      38	 0.05408	 0.05596	 0.05565	 0.05872	 0.06386	 0.05753
      39	 0.04889	 0.05077	 0.05232	 0.05425	 0.05818	 0.05317
      40	 0.04583	 0.04732	 0.04955	 0.05033	 0.05359	 0.04964
      41	 0.04444	 0.04534	 0.04718	 0.04807	 0.05152	 0.04744
      42	 0.04243	 0.04336	 0.04513	 0.04617	 0.04794	 0.04522
      43	 0.04008	  0.0411	  0.0423	 0.04416	 0.04518	 0.04296
      44	 0.03809	 0.03857	 0.04014	 0.04257	   0.043	 0.04069
      45	 0.03576	 0.03602	 0.03804	 0.04002	 0.03984	 0.03839
      46	 0.03287	 0.03339	 0.03553	 0.03795	   0.038	 0.03608
      47	 0.03047	 0.03067	 0.03321	 0.03504	 0.03723	 0.03376
      48	 0.02847	   0.029	 0.03105	  0.0335	 0.03698	 0.03227
      49	 0.02704	 0.02731	 0.02992	 0.03241	 0.03476	 0.03068
      50	 0.02542	 0.02605	 0.02868	 0.03117	 0.03363	 0.02943
      51	 0.02371	 0.02508	 0.02737	 0.02998	  0.0321	 0.02802
      52	 0.02287	 0.02372	 0.02558	  0.0279	 0.03085	 0.02681
      53	 0.02196	 0.02315	 0.02479	 0.02801	 0.02942	 0.02596
      54	 0.02115	 0.02209	 0.02393	 0.02693	 0.03041	  0.0252
      55	 0.02074	 0.02143	 0.02241	 0.02561	 0.02814	  0.0241
      56	 0.01988	 0.02116	 0.02184	 0.02453	 0.02596	  0.0232
      57	 0.01922	 0.02025	 0.02136	 0.02254	 0.02543	 0.02228
      58	   0.018	 0.01919	  0.0202	 0.02172	 0.02551	 0.02161
      59	 0.01752	 0.01841	 0.01977	 0.02145	 0.02374	 0.02093
      60	 0.01619	 0.01748	 0.01906	 0.02082	  0.0233	 0.01996
      61	 0.01572	 0.01673	 0.01825	 0.02084	 0.02212	 0.01914
      62	 0.01507	 0.01581	  0.0181	 0.01938	 0.02127	 0.01836
      63	 0.01502	 0.01541	 0.01689	 0.01912	 0.02131	 0.01793
      64	 0.01409	 0.01523	 0.01637	 0.01853	 0.02105	 0.01749
      65	 0.01378	 0.01485	 0.01585	  0.0176	 0.02047	 0.01686
      66	 0.01288	 0.01413	 0.01539	   0.017	 0.01962	  0.0161
      67	 0.01251	 0.01354	 0.01463	  0.0159	  0.0183	 0.01546
      68	 0.01222	 0.01315	 0.01393	 0.01573	 0.01689	 0.01486
      69	 0.01192	  0.0125	 0.01366	 0.01484	 0.01654	 0.01439
      70	 0.01151	 0.01215	 0.01331	 0.01483	 0.01689	  0.0141
      71	  0.0111	 0.01165	 0.01305	 0.01406	 0.01671	 0.01372
      72	  0.0106	 0.01158	 0.01284	 0.01371	 0.01598	 0.01325
      73	 0.01037	 0.01112	 0.01244	 0.01334	 0.01544	 0.01288
      74	 0.00975	 0.01075	 0.01174	 0.01278	 0.01471	 0.01224
      75	0.009551	 0.01038	 0.01149	  0.0126	 0.01379	 0.01174
      76	0.009145	0.009925	 0.01063	 0.01249	 0.01338	 0.01142
      77	0.008871	0.009646	 0.01016	 0.01224	 0.01341	 0.01111
      78	0.009035	0.009398	0.009799	 0.01159	 0.01338	  0.0108
      79	0.008756	0.008888	 0.00952	 0.01108	 0.01238	 0.01034
      80	0.008466	0.008739	0.009027	 0.01069	 0.01218	 0.01002
      81	0.007923	0.008632	0.009138	 0.01032	 0.01142	0.009754
      82	0.007895	0.008363	0.008727	 0.00952	  0.0112	0.009417
      83	0.007554	0.008142	0.008482	0.009279	 0.01209	0.009366
      84	0.007525	0.007905	0.008237	0.009249	 0.01169	0.009114
      85	0.007087	0.007547	0.008208	0.009031	 0.01108	 0.00879
      86	0.006857	0.007281	0.008008	0.008779	 0.01034	0.008459
      87	0.006715	0.007088	0.007934	0.009086	  0.0103	0.008367
      88	0.006578	0.007043	 0.00787	0.008856	 0.01002	0.008359
      89	0.006447	0.006831	 0.00773	0.008649	 0.01038	0.008267
      90	0.006421	0.006754	0.007488	0.008476	 0.01014	0.008104
      91	0.006374	0.006694	0.007431	0.008321	  0.0097	0.007977
      92	0.006054	0.006653	0.007283	 0.00823	0.009423	0.007724
      93	0.005896	0.006308	0.007046	0.008085	0.008874	0.007414
      94	0.005852	0.005967	0.006751	0.007719	0.008532	0.007181
      95	0.005653	0.006008	0.006737	 0.00776	0.008113	0.006999
      96	0.005564	0.005958	0.006569	0.007347	0.008021	0.006777
      97	0.005418	0.005804	0.006317	0.007286	0.007744	0.006698
      98	0.005451	0.005663	0.006354	0.007293	 0.00749	0.006631
      99	0.005464	0.005617	0.006163	0.007109	0.007707	0.006596
     100	0.005304	 0.00558	0.006115	0.007089	 0.00789	0.006568
     101	0.005197	0.005398	0.006147	0.006907	0.008013	0.006496
     102	0.005013	0.005392	0.005955	0.006985	0.008081	0.006379
     103	 0.00485	0.005309	 0.00582	0.007066	0.008015	0.006307
     104	0.004725	0.005122	0.005757	0.007061	 0.00784	 0.00624
     105	0.004594	0.005067	0.005689	 0.00721	0.007606	0.006217
     106	0.004689	0.005117	0.005648	0.006845	 0.00724	0.006234
     107	 0.00485	0.005054	0.005662	0.006595	0.007236	0.006149
     108	0.004759	0.005042	0.005633	  0.0066	0.007145	0.006065
     109	0.004875	0.005113	0.005429	0.006708	0.007151	0.006025
     110	0.004593	0.005023	0.005668	0.006346	0.007195	0.005861
     111	0.004646	0.005048	0.005616	0.006489	0.006899	0.005848
     112	 0.00454	0.005024	0.005536	0.006242	0.006695	0.005777
     113	0.004391	0.004979	0.005504	0.006174	0.006784	0.005706
     114	 0.00432	0.004882	0.005482	0.006043	0.007052	0.005707
     115	0.004431	0.004818	0.005484	0.006089	0.007231	0.005697
     116	0.004494	0.004976	0.005464	0.006027	0.007001	0.005688
     117	0.004419	0.004992	 0.00547	0.005947	0.006849	0.005732
     118	0.004439	0.004904	 0.00528	 0.00593	0.006897	0.005584
     119	0.004537	0.004818	0.005189	0.005822	0.006619	0.005488
     120	 0.00443	0.004815	0.005191	 0.00575	0.006441	0.005442
     121	0.004393	0.004704	0.005209	0.005693	  0.0065	0.005416
     122	0.004395	0.004744	0.005263	0.005753	0.006403	0.005459
     123	0.004417	0.004781	0.005146	0.005735	0.006406	0.005465
     124	0.004332	0.004782	0.005269	0.005651	0.006414	0.005448
     125	0.004241	0.004755	0.005256	 0.00574	0.006401	0.005385
     126	0.004346	 0.00473	0.005154	0.005861	 0.00623	0.005377
     127	0.004422	0.004729	0.005161	0.005731	0.006303	0.005397
     128	0.004414	 0.00475	0.005079	0.005749	0.006027	0.005357
     129	0.004328	0.004718	0.005152	0.005693	0.006063	0.005287
     130	0.004302	0.004679	0.005221	0.005699	 0.00586	0.005252
     131	0.004327	0.004818	0.005062	0.005491	0.005706	0.005156
     132	0.004473	 0.00472	0.005011	0.005515	0.005785	0.005144
     133	0.004403	0.004716	0.005108	0.005489	0.005719	0.005134
     134	0.004426	0.004623	0.005055	0.005383	0.005861	0.005104
     135	0.004427	0.004674	0.004909	0.005458	0.005902	0.005106
     136	0.004371	0.004558	0.004869	0.005406	0.005841	0.005072
     137	0.004349	0.004515	0.004921	0.005473	0.005967	0.005136
     138	0.004331	0.004572	0.004953	0.005455	0.005957	0.005143
     139	0.004237	0.004504	0.004954	0.005342	0.005966	0.005148
     140	0.004283	0.004442	0.004875	0.005324	0.005768	 0.00503
     141	0.004214	0.004355	0.004979	0.005336	0.005654	0.005018
     142	0.004181	0.004449	0.004872	0.005452	0.005809	0.005077
     143	0.004109	0.004557	0.004879	0.005563	0.006092	0.005151
     144	0.004165	0.004472	0.005124	 0.00561	0.006225	0.005278
     145	 0.00413	0.004536	0.005011	0.005651	0.006363	0.005382
     146	0.004134	0.004536	 0.00501	0.005646	0.006357	0.005377
     147	0.004139	0.004537	 0.00501	0.005641	0.006352	0.005373
     148	0.004144	0.004539	 0.00501	0.005637	0.006347	0.005368
     149	0.004148	 0.00454	 0.00501	0.005633	0.006342	0.005365
     150	0.004153	0.004542	 0.00501	0.005629	0.006338	0.005361
     151	0.004159	0.004543	0.005011	0.005626	0.006334	0.005358
     152	0.004164	0.004545	0.005012	0.005623	0.006331	0.005355
     153	0.004169	0.004547	0.005013	 0.00562	0.006328	0.005353
     154	0.004174	0.004549	0.005014	0.005618	0.006325	 0.00535
     155	0.004179	0.004551	0.005015	0.005615	0.006322	0.005348
     156	0.004184	0.004553	0.005016	0.005613	 0.00632	0.005346
     157	0.004189	0.004556	0.005018	0.005611	0.006318	0.005344
     158	0.004194	0.004558	0.005019	 0.00561	0.006316	0.005343
     159	0.004199	 0.00456	 0.00502	0.005608	0.006315	0.005341
     160	0.004203	0.004562	0.005022	0.005607	0.006313	 0.00534
     161	0.004208	0.004564	0.005023	0.005606	0.006312	0.005339
     162	0.004212	0.004566	0.005025	0.005605	0.006311	0.005338
     163	0.004217	0.004569	0.005026	0.005604	 0.00631	0.005337
     164	0.004221	0.004571	0.005027	0.005603	0.006309	0.005336
     165	0.004225	0.004572	0.005029	0.005602	0.006308	0.005335
     166	0.004228	0.004574	 0.00503	0.005601	0.006307	0.005335
     167	0.004232	0.004576	0.005031	0.005601	0.006307	0.005334
     168	0.004235	0.004578	0.005033	  0.0056	0.006306	0.005334
     169	0.004238	0.004579	0.005034	  0.0056	0.006306	0.005333
     170	0.004241	0.004581	0.005035	  0.0056	0.006305	0.005333
     171	0.004243	0.004582	0.005036	0.005599	0.006305	0.005332
     172	0.004246	0.004583	0.005037	0.005599	0.006305	0.005332
     173	0.004248	0.004584	0.005038	0.005599	0.006305	0.005332
     174	0.004249	0.004585	0.005038	0.005598	0.006304	0.005332
     175	0.004251	0.004586	0.005039	0.005598	0.006304	0.005332
     176	0.004252	0.004587	0.005039	0.005598	0.006304	0.005331
     177	0.004253	0.004587	 0.00504	0.005598	0.006304	0.005331
     178	0.004254	0.004588	 0.00504	0.005598	0.006304	0.005331
     179	0.004254	0.004588	 0.00504	0.005598	0.006304	0.005331
     180	0.004254	0.004588	 0.00504	0.005598	0.006304	0.005331
