/*
Particulate absorption and scattering spectra, normalized by SPM 
Scattering spectra from ac-s power-function fit 400-700 nm scaled by LISST-VSF scattering coefficient at 532 nm 
Total (a_p) and MeOH-extracted (a_d) absorption spectra from UV/VIS spectrophotometer measurements with GF/F filter inside 15-cm integrating sphere
Correction for filter-pad pathlength amplification from Stramski et al. 2015 

Lat, Lon = NaN, NaN
Date Time UTC = NaN
Depth = NaN m
SPM = 7.34 g/m3
POC = NaN mg/m3
PSD power-law exponent (~1.5-147 µm) = 3.40 
Scattering spectra power-function exponent (400-700 nm) = 0.391 

Created by Daniel Koestner on 15-Jan-2024 15:28:37
Data Version: V4_10-Nov-2023

Column 1: wavelength [nm]
Column 2: a_p [m^2/g]
Column 3: a_d [m^2/g]
Column 4: b_p [m^2/g]
*/
     290	  0.1254	  0.1128	  0.5372
     291	  0.1253	  0.1124	  0.5365
     292	  0.1251	  0.1119	  0.5357
     293	   0.125	  0.1115	   0.535
     294	  0.1248	  0.1111	  0.5343
     295	  0.1246	  0.1106	  0.5336
     296	  0.1244	  0.1102	  0.5329
     297	  0.1242	  0.1098	  0.5322
     298	   0.124	  0.1093	  0.5315
     299	  0.1238	  0.1089	  0.5308
     300	  0.1236	  0.1084	  0.5301
     301	  0.1234	   0.108	  0.5294
     302	  0.1231	  0.1075	  0.5287
     303	  0.1229	  0.1071	   0.528
     304	  0.1226	  0.1066	  0.5274
     305	  0.1222	  0.1061	  0.5267
     306	  0.1219	  0.1056	   0.526
     307	  0.1215	  0.1051	  0.5253
     308	  0.1211	  0.1046	  0.5247
     309	  0.1207	  0.1041	   0.524
     310	  0.1203	  0.1035	  0.5233
     311	  0.1199	   0.103	  0.5227
     312	  0.1195	  0.1025	   0.522
     313	  0.1191	   0.102	  0.5214
     314	  0.1187	  0.1015	  0.5207
     315	  0.1183	  0.1009	  0.5201
     316	  0.1179	  0.1004	  0.5194
     317	  0.1175	 0.09984	  0.5188
     318	  0.1171	 0.09928	  0.5181
     319	  0.1167	 0.09872	  0.5175
     320	  0.1163	 0.09818	  0.5169
     321	  0.1159	 0.09765	  0.5162
     322	  0.1155	 0.09714	  0.5156
     323	  0.1152	 0.09665	   0.515
     324	  0.1148	 0.09617	  0.5144
     325	  0.1144	 0.09571	  0.5137
     326	   0.114	 0.09525	  0.5131
     327	  0.1137	 0.09479	  0.5125
     328	  0.1133	 0.09432	  0.5119
     329	  0.1129	 0.09386	  0.5113
     330	  0.1126	 0.09339	  0.5107
     331	  0.1122	 0.09291	  0.5101
     332	  0.1118	 0.09243	  0.5095
     333	  0.1114	 0.09195	  0.5089
     334	  0.1109	 0.09146	  0.5083
     335	  0.1105	 0.09095	  0.5077
     336	  0.1101	 0.09044	  0.5071
     337	  0.1096	 0.08991	  0.5065
     338	  0.1091	 0.08937	  0.5059
     339	  0.1086	 0.08882	  0.5053
     340	   0.108	 0.08826	  0.5047
     341	  0.1075	  0.0877	  0.5042
     342	  0.1069	 0.08714	  0.5036
     343	  0.1063	 0.08658	   0.503
     344	  0.1058	 0.08602	  0.5024
     345	  0.1052	 0.08545	  0.5019
     346	  0.1046	 0.08487	  0.5013
     347	   0.104	 0.08428	  0.5007
     348	  0.1033	 0.08367	  0.5002
     349	  0.1026	 0.08305	  0.4996
     350	  0.1019	 0.08241	   0.499
     351	  0.1011	 0.08174	  0.4985
     352	  0.1003	 0.08106	  0.4979
     353	 0.09955	 0.08036	  0.4974
     354	 0.09873	 0.07963	  0.4968
     355	  0.0979	 0.07888	  0.4963
     356	 0.09704	 0.07811	  0.4957
     357	 0.09616	 0.07733	  0.4952
     358	 0.09526	 0.07653	  0.4947
     359	 0.09433	 0.07571	  0.4941
     360	 0.09338	 0.07487	  0.4936
     361	  0.0924	 0.07402	   0.493
     362	 0.09139	 0.07315	  0.4925
     363	 0.09036	 0.07226	   0.492
     364	 0.08931	 0.07137	  0.4914
     365	 0.08822	 0.07046	  0.4909
     366	 0.08712	 0.06955	  0.4904
     367	 0.08599	 0.06862	  0.4899
     368	 0.08484	 0.06769	  0.4893
     369	 0.08367	 0.06675	  0.4888
     370	 0.08248	 0.06581	  0.4883
     371	 0.08128	 0.06486	  0.4878
     372	 0.08006	  0.0639	  0.4873
     373	 0.07883	 0.06292	  0.4868
     374	 0.07759	 0.06194	  0.4863
     375	 0.07633	 0.06094	  0.4857
     376	 0.07505	 0.05992	  0.4852
     377	 0.07373	 0.05888	  0.4847
     378	 0.07239	 0.05781	  0.4842
     379	 0.07101	 0.05673	  0.4837
     380	 0.06961	 0.05563	  0.4832
     381	 0.06819	 0.05452	  0.4827
     382	 0.06677	 0.05342	  0.4822
     383	 0.06534	 0.05232	  0.4818
     384	 0.06393	 0.05123	  0.4813
     385	 0.06252	 0.05015	  0.4808
     386	 0.06113	 0.04909	  0.4803
     387	 0.05975	 0.04803	  0.4798
     388	 0.05838	 0.04699	  0.4793
     389	 0.05704	 0.04595	  0.4788
     390	 0.05572	 0.04494	  0.4783
     391	 0.05444	 0.04396	  0.4779
     392	  0.0532	 0.04301	  0.4774
     393	 0.05202	  0.0421	  0.4769
     394	 0.05089	 0.04124	  0.4764
     395	 0.04982	 0.04043	   0.476
     396	 0.04881	 0.03966	  0.4755
     397	 0.04787	 0.03895	   0.475
     398	   0.047	 0.03828	  0.4746
     399	  0.0462	 0.03765	  0.4741
     400	 0.04545	 0.03707	  0.4736
     401	 0.04477	 0.03653	  0.4732
     402	 0.04415	 0.03603	  0.4727
     403	 0.04357	 0.03557	  0.4722
     404	 0.04304	 0.03514	  0.4718
     405	 0.04255	 0.03474	  0.4713
     406	  0.0421	 0.03437	  0.4709
     407	 0.04167	 0.03402	  0.4704
     408	 0.04128	  0.0337	    0.47
     409	  0.0409	 0.03338	  0.4695
     410	 0.04054	 0.03308	  0.4691
     411	  0.0402	 0.03279	  0.4686
     412	 0.03988	  0.0325	  0.4682
     413	 0.03956	 0.03223	  0.4677
     414	 0.03926	 0.03196	  0.4673
     415	 0.03896	  0.0317	  0.4669
     416	 0.03867	 0.03144	  0.4664
     417	 0.03839	  0.0312	   0.466
     418	 0.03811	 0.03095	  0.4655
     419	 0.03784	 0.03071	  0.4651
     420	 0.03757	 0.03048	  0.4647
     421	 0.03731	 0.03025	  0.4642
     422	 0.03706	 0.03002	  0.4638
     423	 0.03681	 0.02981	  0.4634
     424	 0.03657	 0.02959	  0.4629
     425	 0.03634	 0.02939	  0.4625
     426	  0.0361	 0.02918	  0.4621
     427	 0.03587	 0.02898	  0.4617
     428	 0.03563	 0.02878	  0.4612
     429	  0.0354	 0.02858	  0.4608
     430	 0.03517	 0.02838	  0.4604
     431	 0.03493	 0.02819	    0.46
     432	  0.0347	   0.028	  0.4596
     433	 0.03447	 0.02782	  0.4592
     434	 0.03424	 0.02764	  0.4587
     435	 0.03402	 0.02746	  0.4583
     436	  0.0338	 0.02729	  0.4579
     437	 0.03358	 0.02713	  0.4575
     438	 0.03337	 0.02697	  0.4571
     439	 0.03317	 0.02681	  0.4567
     440	 0.03297	 0.02666	  0.4563
     441	 0.03277	 0.02651	  0.4559
     442	 0.03258	 0.02637	  0.4555
     443	 0.03239	 0.02622	  0.4551
     444	 0.03221	 0.02608	  0.4547
     445	 0.03203	 0.02594	  0.4543
     446	 0.03186	  0.0258	  0.4539
     447	 0.03169	 0.02567	  0.4535
     448	 0.03153	 0.02554	  0.4531
     449	 0.03137	 0.02541	  0.4527
     450	 0.03122	 0.02529	  0.4523
     451	 0.03107	 0.02516	  0.4519
     452	 0.03093	 0.02504	  0.4515
     453	 0.03079	 0.02493	  0.4511
     454	 0.03066	 0.02482	  0.4507
     455	 0.03053	 0.02471	  0.4503
     456	 0.03041	 0.02461	  0.4499
     457	 0.03029	 0.02451	  0.4496
     458	 0.03017	 0.02442	  0.4492
     459	 0.03005	 0.02432	  0.4488
     460	 0.02994	 0.02423	  0.4484
     461	 0.02982	 0.02414	   0.448
     462	 0.02971	 0.02404	  0.4476
     463	 0.02959	 0.02395	  0.4473
     464	 0.02948	 0.02386	  0.4469
     465	 0.02937	 0.02377	  0.4465
     466	 0.02925	 0.02368	  0.4461
     467	 0.02914	 0.02359	  0.4458
     468	 0.02902	  0.0235	  0.4454
     469	 0.02891	 0.02342	   0.445
     470	  0.0288	 0.02333	  0.4447
     471	 0.02868	 0.02324	  0.4443
     472	 0.02857	 0.02315	  0.4439
     473	 0.02846	 0.02307	  0.4435
     474	 0.02834	 0.02298	  0.4432
     475	 0.02823	 0.02289	  0.4428
     476	 0.02811	  0.0228	  0.4424
     477	   0.028	 0.02271	  0.4421
     478	 0.02788	 0.02262	  0.4417
     479	 0.02777	 0.02252	  0.4414
     480	 0.02765	 0.02243	   0.441
     481	 0.02754	 0.02234	  0.4406
     482	 0.02742	 0.02224	  0.4403
     483	  0.0273	 0.02214	  0.4399
     484	 0.02718	 0.02205	  0.4396
     485	 0.02706	 0.02195	  0.4392
     486	 0.02693	 0.02186	  0.4389
     487	 0.02681	 0.02176	  0.4385
     488	 0.02668	 0.02167	  0.4382
     489	 0.02655	 0.02157	  0.4378
     490	 0.02641	 0.02147	  0.4375
     491	 0.02628	 0.02138	  0.4371
     492	 0.02615	 0.02128	  0.4368
     493	 0.02602	 0.02118	  0.4364
     494	 0.02589	 0.02108	  0.4361
     495	 0.02576	 0.02099	  0.4357
     496	 0.02563	 0.02089	  0.4354
     497	 0.02551	 0.02079	   0.435
     498	 0.02538	 0.02069	  0.4347
     499	 0.02525	 0.02059	  0.4343
     500	 0.02512	 0.02049	   0.434
     501	 0.02499	 0.02039	  0.4337
     502	 0.02485	  0.0203	  0.4333
     503	 0.02473	  0.0202	   0.433
     504	  0.0246	 0.02011	  0.4327
     505	 0.02448	 0.02001	  0.4323
     506	 0.02436	 0.01993	   0.432
     507	 0.02424	 0.01984	  0.4317
     508	 0.02413	 0.01976	  0.4313
     509	 0.02402	 0.01967	   0.431
     510	 0.02391	 0.01959	  0.4307
     511	 0.02381	 0.01952	  0.4303
     512	 0.02371	 0.01944	    0.43
     513	 0.02361	 0.01937	  0.4297
     514	 0.02351	 0.01929	  0.4293
     515	 0.02341	 0.01922	   0.429
     516	 0.02332	 0.01914	  0.4287
     517	 0.02322	 0.01906	  0.4284
     518	 0.02312	 0.01899	   0.428
     519	 0.02303	 0.01891	  0.4277
     520	 0.02293	 0.01883	  0.4274
     521	 0.02284	 0.01875	  0.4271
     522	 0.02275	 0.01868	  0.4268
     523	 0.02266	 0.01861	  0.4264
     524	 0.02257	 0.01854	  0.4261
     525	 0.02249	 0.01847	  0.4258
     526	 0.02241	  0.0184	  0.4255
     527	 0.02233	 0.01834	  0.4252
     528	 0.02225	 0.01828	  0.4248
     529	 0.02218	 0.01822	  0.4245
     530	 0.02211	 0.01816	  0.4242
     531	 0.02204	 0.01809	  0.4239
     532	 0.02197	 0.01803	  0.4236
     533	 0.02191	 0.01797	  0.4233
     534	 0.02184	 0.01791	   0.423
     535	 0.02178	 0.01784	  0.4227
     536	 0.02172	 0.01778	  0.4224
     537	 0.02166	 0.01772	   0.422
     538	 0.02159	 0.01767	  0.4217
     539	 0.02153	 0.01762	  0.4214
     540	 0.02147	 0.01757	  0.4211
     541	 0.02142	 0.01752	  0.4208
     542	 0.02137	 0.01748	  0.4205
     543	 0.02132	 0.01743	  0.4202
     544	 0.02127	 0.01739	  0.4199
     545	 0.02123	 0.01735	  0.4196
     546	 0.02119	 0.01731	  0.4193
     547	 0.02115	 0.01727	   0.419
     548	 0.02111	 0.01723	  0.4187
     549	 0.02107	 0.01719	  0.4184
     550	 0.02102	 0.01715	  0.4181
     551	 0.02098	 0.01711	  0.4178
     552	 0.02094	 0.01707	  0.4175
     553	  0.0209	 0.01703	  0.4172
     554	 0.02086	 0.01699	  0.4169
     555	 0.02083	 0.01696	  0.4166
     556	  0.0208	 0.01692	  0.4163
     557	 0.02077	 0.01688	   0.416
     558	 0.02074	 0.01685	  0.4158
     559	 0.02071	 0.01682	  0.4155
     560	 0.02069	 0.01679	  0.4152
     561	 0.02066	 0.01677	  0.4149
     562	 0.02064	 0.01674	  0.4146
     563	 0.02062	 0.01672	  0.4143
     564	  0.0206	 0.01669	   0.414
     565	 0.02057	 0.01666	  0.4137
     566	 0.02055	 0.01664	  0.4134
     567	 0.02052	 0.01661	  0.4132
     568	  0.0205	 0.01658	  0.4129
     569	 0.02047	 0.01655	  0.4126
     570	 0.02044	 0.01652	  0.4123
     571	 0.02041	 0.01649	   0.412
     572	 0.02039	 0.01646	  0.4117
     573	 0.02036	 0.01643	  0.4115
     574	 0.02033	 0.01639	  0.4112
     575	  0.0203	 0.01635	  0.4109
     576	 0.02026	 0.01632	  0.4106
     577	 0.02023	 0.01628	  0.4103
     578	  0.0202	 0.01625	  0.4101
     579	 0.02016	 0.01621	  0.4098
     580	 0.02013	 0.01618	  0.4095
     581	 0.02009	 0.01615	  0.4092
     582	 0.02006	 0.01612	   0.409
     583	 0.02002	 0.01609	  0.4087
     584	 0.01999	 0.01607	  0.4084
     585	 0.01995	 0.01605	  0.4081
     586	 0.01992	 0.01603	  0.4079
     587	 0.01989	 0.01601	  0.4076
     588	 0.01985	 0.01598	  0.4073
     589	 0.01982	 0.01596	   0.407
     590	 0.01978	 0.01593	  0.4068
     591	 0.01975	 0.01589	  0.4065
     592	 0.01972	 0.01586	  0.4062
     593	 0.01969	 0.01583	   0.406
     594	 0.01966	  0.0158	  0.4057
     595	 0.01963	 0.01577	  0.4054
     596	 0.01961	 0.01574	  0.4052
     597	  0.0196	 0.01571	  0.4049
     598	 0.01959	 0.01569	  0.4046
     599	 0.01958	 0.01566	  0.4044
     600	 0.01957	 0.01564	  0.4041
     601	 0.01956	 0.01562	  0.4038
     602	 0.01955	  0.0156	  0.4036
     603	 0.01954	 0.01558	  0.4033
     604	 0.01952	 0.01557	  0.4031
     605	  0.0195	 0.01556	  0.4028
     606	 0.01948	 0.01554	  0.4025
     607	 0.01946	 0.01553	  0.4023
     608	 0.01943	 0.01552	   0.402
     609	 0.01941	  0.0155	  0.4018
     610	 0.01939	 0.01548	  0.4015
     611	 0.01937	 0.01546	  0.4012
     612	 0.01934	 0.01544	   0.401
     613	 0.01931	 0.01541	  0.4007
     614	 0.01927	 0.01539	  0.4005
     615	 0.01923	 0.01536	  0.4002
     616	 0.01919	 0.01534	     0.4
     617	 0.01915	 0.01532	  0.3997
     618	  0.0191	  0.0153	  0.3995
     619	 0.01906	 0.01528	  0.3992
     620	 0.01901	 0.01526	   0.399
     621	 0.01896	 0.01524	  0.3987
     622	 0.01891	 0.01521	  0.3985
     623	 0.01886	 0.01519	  0.3982
     624	 0.01881	 0.01516	   0.398
     625	 0.01876	 0.01513	  0.3977
     626	  0.0187	 0.01509	  0.3975
     627	 0.01864	 0.01506	  0.3972
     628	 0.01858	 0.01503	   0.397
     629	 0.01852	   0.015	  0.3967
     630	 0.01846	 0.01497	  0.3965
     631	  0.0184	 0.01494	  0.3962
     632	 0.01834	 0.01492	   0.396
     633	 0.01829	 0.01489	  0.3957
     634	 0.01824	 0.01487	  0.3955
     635	 0.01819	 0.01485	  0.3952
     636	 0.01814	 0.01483	   0.395
     637	  0.0181	 0.01482	  0.3948
     638	 0.01805	  0.0148	  0.3945
     639	   0.018	 0.01478	  0.3943
     640	 0.01795	 0.01476	   0.394
     641	  0.0179	 0.01474	  0.3938
     642	 0.01786	 0.01472	  0.3935
     643	 0.01781	  0.0147	  0.3933
     644	 0.01776	 0.01468	  0.3931
     645	 0.01772	 0.01465	  0.3928
     646	 0.01768	 0.01463	  0.3926
     647	 0.01765	 0.01461	  0.3924
     648	 0.01762	 0.01459	  0.3921
     649	  0.0176	 0.01457	  0.3919
     650	 0.01757	 0.01456	  0.3916
     651	 0.01755	 0.01455	  0.3914
     652	 0.01752	 0.01454	  0.3912
     653	 0.01749	 0.01452	  0.3909
     654	 0.01746	 0.01451	  0.3907
     655	 0.01743	 0.01449	  0.3905
     656	 0.01741	 0.01448	  0.3902
     657	 0.01739	 0.01446	    0.39
     658	 0.01738	 0.01446	  0.3898
     659	 0.01738	 0.01446	  0.3895
     660	 0.01739	 0.01447	  0.3893
     661	 0.01741	 0.01447	  0.3891
     662	 0.01743	 0.01447	  0.3888
     663	 0.01746	 0.01447	  0.3886
     664	 0.01749	 0.01446	  0.3884
     665	 0.01752	 0.01445	  0.3882
     666	 0.01756	 0.01444	  0.3879
     667	 0.01761	 0.01444	  0.3877
     668	 0.01766	 0.01443	  0.3875
     669	 0.01772	 0.01443	  0.3873
     670	 0.01777	 0.01443	   0.387
     671	 0.01783	 0.01444	  0.3868
     672	 0.01787	 0.01444	  0.3866
     673	 0.01791	 0.01445	  0.3863
     674	 0.01794	 0.01445	  0.3861
     675	 0.01796	 0.01446	  0.3859
     676	 0.01797	 0.01447	  0.3857
     677	 0.01797	 0.01448	  0.3855
     678	 0.01796	 0.01449	  0.3852
     679	 0.01794	 0.01449	   0.385
     680	 0.01792	 0.01448	  0.3848
     681	 0.01788	 0.01447	  0.3846
     682	 0.01783	 0.01446	  0.3843
     683	 0.01778	 0.01444	  0.3841
     684	 0.01772	 0.01442	  0.3839
     685	 0.01766	 0.01441	  0.3837
     686	  0.0176	 0.01439	  0.3835
     687	 0.01754	 0.01437	  0.3832
     688	 0.01748	 0.01435	   0.383
     689	 0.01742	 0.01433	  0.3828
     690	 0.01736	 0.01431	  0.3826
     691	 0.01729	 0.01429	  0.3824
     692	 0.01723	 0.01427	  0.3822
     693	 0.01716	 0.01426	  0.3819
     694	 0.01709	 0.01424	  0.3817
     695	 0.01702	 0.01423	  0.3815
     696	 0.01694	  0.0142	  0.3813
     697	 0.01686	 0.01418	  0.3811
     698	 0.01678	 0.01415	  0.3809
     699	 0.01669	 0.01412	  0.3807
     700	 0.01661	 0.01408	  0.3804
     701	 0.01653	 0.01405	  0.3802
     702	 0.01645	 0.01401	    0.38
     703	 0.01637	 0.01398	  0.3798
     704	 0.01628	 0.01394	  0.3796
     705	  0.0162	  0.0139	  0.3794
     706	 0.01611	 0.01387	  0.3792
     707	 0.01603	 0.01384	   0.379
     708	 0.01595	  0.0138	  0.3788
     709	 0.01588	 0.01378	  0.3785
     710	  0.0158	 0.01375	  0.3783
     711	 0.01573	 0.01373	  0.3781
     712	 0.01566	  0.0137	  0.3779
     713	 0.01558	 0.01368	  0.3777
     714	 0.01551	 0.01365	  0.3775
     715	 0.01544	 0.01363	  0.3773
     716	 0.01536	 0.01359	  0.3771
     717	 0.01529	 0.01356	  0.3769
     718	 0.01522	 0.01352	  0.3767
     719	 0.01515	 0.01348	  0.3765
     720	 0.01508	 0.01343	  0.3763
     721	 0.01501	 0.01339	  0.3761
     722	 0.01494	 0.01334	  0.3759
     723	 0.01488	  0.0133	  0.3757
     724	 0.01482	 0.01327	  0.3755
     725	 0.01476	 0.01324	  0.3753
     726	 0.01471	 0.01322	  0.3751
     727	 0.01466	 0.01321	  0.3748
     728	 0.01461	  0.0132	  0.3746
     729	 0.01455	 0.01319	  0.3744
     730	  0.0145	 0.01319	  0.3742
     731	 0.01445	 0.01318	   0.374
     732	 0.01441	 0.01317	  0.3738
     733	 0.01436	 0.01316	  0.3736
     734	 0.01432	 0.01314	  0.3734
     735	 0.01428	 0.01312	  0.3732
     736	 0.01425	  0.0131	   0.373
     737	 0.01421	 0.01308	  0.3728
     738	 0.01417	 0.01305	  0.3727
     739	 0.01413	 0.01302	  0.3725
     740	 0.01409	 0.01299	  0.3723
     741	 0.01404	 0.01296	  0.3721
     742	 0.01398	 0.01294	  0.3719
     743	 0.01393	 0.01291	  0.3717
     744	 0.01388	 0.01289	  0.3715
     745	 0.01383	 0.01287	  0.3713
     746	 0.01379	 0.01286	  0.3711
     747	 0.01376	 0.01286	  0.3709
     748	 0.01374	 0.01287	  0.3707
     749	 0.01372	 0.01287	  0.3705
     750	  0.0137	 0.01287	  0.3703
     751	 0.01368	 0.01287	  0.3701
     752	 0.01366	 0.01286	  0.3699
     753	 0.01364	 0.01285	  0.3697
     754	 0.01361	 0.01283	  0.3695
     755	 0.01358	 0.01282	  0.3693
     756	 0.01355	  0.0128	  0.3692
     757	 0.01352	 0.01278	   0.369
     758	 0.01349	 0.01277	  0.3688
     759	 0.01346	 0.01275	  0.3686
     760	 0.01342	 0.01273	  0.3684
     761	 0.01338	 0.01271	  0.3682
     762	 0.01334	 0.01268	   0.368
     763	  0.0133	 0.01265	  0.3678
     764	 0.01325	 0.01262	  0.3676
     765	 0.01321	 0.01259	  0.3674
     766	 0.01317	 0.01256	  0.3673
     767	 0.01313	 0.01254	  0.3671
     768	  0.0131	 0.01253	  0.3669
     769	 0.01307	 0.01251	  0.3667
     770	 0.01305	 0.01251	  0.3665
     771	 0.01303	  0.0125	  0.3663
     772	 0.01301	  0.0125	  0.3661
     773	   0.013	 0.01251	   0.366
     774	 0.01298	 0.01251	  0.3658
     775	 0.01297	 0.01252	  0.3656
     776	 0.01295	 0.01252	  0.3654
     777	 0.01294	 0.01253	  0.3652
     778	 0.01292	 0.01252	   0.365
     779	 0.01291	 0.01251	  0.3648
     780	  0.0129	  0.0125	  0.3647
     781	 0.01288	 0.01249	  0.3645
     782	 0.01287	 0.01247	  0.3643
     783	 0.01285	 0.01245	  0.3641
     784	 0.01283	 0.01244	  0.3639
     785	  0.0128	 0.01243	  0.3638
     786	 0.01277	 0.01244	  0.3636
     787	 0.01273	 0.01244	  0.3634
     788	 0.01269	 0.01245	  0.3632
     789	 0.01265	 0.01246	   0.363
     790	 0.01261	 0.01247	  0.3628
     791	 0.01258	 0.01247	  0.3627
     792	 0.01255	 0.01246	  0.3625
     793	 0.01253	 0.01244	  0.3623
     794	 0.01252	 0.01242	  0.3621
     795	 0.01251	 0.01239	   0.362
     796	  0.0125	 0.01237	  0.3618
     797	 0.01249	 0.01234	  0.3616
     798	 0.01248	 0.01232	  0.3614
     799	 0.01246	  0.0123	  0.3612
     800	 0.01244	 0.01229	  0.3611
     801	 0.01243	 0.01227	  0.3609
     802	  0.0124	 0.01226	  0.3607
     803	 0.01238	 0.01225	  0.3605
     804	 0.01235	 0.01224	  0.3604
     805	 0.01232	 0.01223	  0.3602
     806	 0.01228	 0.01221	    0.36
     807	 0.01224	  0.0122	  0.3598
     808	  0.0122	 0.01217	  0.3597
     809	 0.01216	 0.01215	  0.3595
     810	 0.01213	 0.01212	  0.3593
     811	 0.01209	 0.01208	  0.3591
     812	 0.01206	 0.01205	   0.359
     813	 0.01203	 0.01201	  0.3588
     814	 0.01201	 0.01197	  0.3586
     815	 0.01199	 0.01194	  0.3584
     816	 0.01198	 0.01191	  0.3583
     817	 0.01198	 0.01189	  0.3581
     818	 0.01198	 0.01188	  0.3579
     819	 0.01198	 0.01188	  0.3578
     820	 0.01199	 0.01188	  0.3576
     821	   0.012	 0.01188	  0.3574
     822	   0.012	 0.01189	  0.3573
     823	 0.01199	  0.0119	  0.3571
     824	 0.01196	 0.01191	  0.3569
     825	 0.01192	 0.01191	  0.3567
     826	 0.01186	  0.0119	  0.3566
     827	  0.0118	 0.01188	  0.3564
     828	 0.01173	 0.01185	  0.3562
     829	 0.01168	 0.01181	  0.3561
     830	 0.01164	 0.01178	  0.3559
     831	 0.01162	 0.01174	  0.3557
     832	 0.01162	 0.01171	  0.3556
     833	 0.01164	 0.01168	  0.3554
     834	 0.01167	 0.01166	  0.3552
     835	 0.01169	 0.01165	  0.3551
     836	 0.01171	 0.01165	  0.3549
     837	 0.01171	 0.01165	  0.3547
     838	  0.0117	 0.01166	  0.3546
     839	 0.01167	 0.01168	  0.3544
     840	 0.01165	  0.0117	  0.3542
     841	 0.01164	 0.01173	  0.3541
     842	 0.01165	 0.01177	  0.3539
     843	 0.01168	 0.01182	  0.3537
     844	 0.01172	 0.01185	  0.3536
     845	 0.01175	 0.01188	  0.3534
     846	 0.01176	 0.01188	  0.3532
     847	 0.01175	 0.01187	  0.3531
     848	  0.0117	 0.01184	  0.3529
     849	 0.01164	 0.01181	  0.3528
     850	 0.01158	 0.01178	  0.3526
