/*
Particulate absorption and scattering spectra, normalized by SPM 
Scattering spectra from ac-s power-function fit 400-700 nm scaled by LISST-VSF scattering coefficient at 532 nm 
Total (a_p) and MeOH-extracted (a_d) absorption spectra from UV/VIS spectrophotometer measurements with GF/F filter inside 15-cm integrating sphere
Correction for filter-pad pathlength amplification from Stramski et al. 2015 

Lat, Lon = NaN, NaN
Date Time UTC = NaN
Depth = NaN m
SPM = 17.95 g/m3
POC = NaN mg/m3
PSD power-law exponent (~1.5-147 µm) = 3.43 
Scattering spectra power-function exponent (400-700 nm) = 0.024 

Created by Daniel Koestner on 15-Jan-2024 15:28:37
Data Version: V4_10-Nov-2023

Column 1: wavelength [nm]
Column 2: a_p [m^2/g]
Column 3: a_d [m^2/g]
Column 4: b_p [m^2/g]
*/
     290	  0.1929	  0.1787	  0.6418
     291	  0.1906	  0.1766	  0.6418
     292	  0.1884	  0.1744	  0.6417
     293	  0.1861	  0.1723	  0.6417
     294	  0.1839	  0.1702	  0.6416
     295	  0.1817	  0.1681	  0.6416
     296	  0.1797	  0.1662	  0.6415
     297	  0.1778	  0.1643	  0.6415
     298	  0.1759	  0.1625	  0.6414
     299	  0.1742	  0.1609	  0.6414
     300	  0.1727	  0.1593	  0.6413
     301	  0.1712	  0.1579	  0.6413
     302	  0.1698	  0.1565	  0.6412
     303	  0.1685	  0.1553	  0.6412
     304	  0.1673	  0.1541	  0.6411
     305	  0.1661	  0.1529	  0.6411
     306	   0.165	  0.1519	   0.641
     307	   0.164	  0.1508	   0.641
     308	   0.163	  0.1498	  0.6409
     309	   0.162	  0.1489	  0.6409
     310	   0.161	   0.148	  0.6408
     311	  0.1601	  0.1471	  0.6408
     312	  0.1592	  0.1463	  0.6407
     313	  0.1583	  0.1455	  0.6407
     314	  0.1574	  0.1447	  0.6406
     315	  0.1566	  0.1439	  0.6406
     316	  0.1558	  0.1432	  0.6405
     317	   0.155	  0.1425	  0.6405
     318	  0.1541	  0.1417	  0.6404
     319	  0.1533	   0.141	  0.6404
     320	  0.1525	  0.1403	  0.6403
     321	  0.1517	  0.1396	  0.6403
     322	  0.1509	  0.1389	  0.6402
     323	  0.1502	  0.1383	  0.6402
     324	  0.1494	  0.1377	  0.6401
     325	  0.1487	  0.1371	  0.6401
     326	  0.1481	  0.1365	    0.64
     327	  0.1474	  0.1359	    0.64
     328	  0.1468	  0.1354	  0.6399
     329	  0.1462	  0.1349	  0.6399
     330	  0.1456	  0.1344	  0.6398
     331	   0.145	  0.1339	  0.6398
     332	  0.1443	  0.1334	  0.6397
     333	  0.1437	  0.1329	  0.6397
     334	  0.1431	  0.1324	  0.6397
     335	  0.1425	  0.1319	  0.6396
     336	  0.1418	  0.1314	  0.6396
     337	  0.1412	  0.1309	  0.6395
     338	  0.1405	  0.1304	  0.6395
     339	  0.1399	  0.1298	  0.6394
     340	  0.1392	  0.1293	  0.6394
     341	  0.1385	  0.1287	  0.6393
     342	  0.1379	  0.1281	  0.6393
     343	  0.1372	  0.1275	  0.6392
     344	  0.1365	  0.1269	  0.6392
     345	  0.1357	  0.1263	  0.6392
     346	   0.135	  0.1257	  0.6391
     347	  0.1343	  0.1251	  0.6391
     348	  0.1335	  0.1244	   0.639
     349	  0.1328	  0.1238	   0.639
     350	   0.132	  0.1231	  0.6389
     351	  0.1312	  0.1224	  0.6389
     352	  0.1305	  0.1217	  0.6388
     353	  0.1297	  0.1209	  0.6388
     354	  0.1288	  0.1202	  0.6388
     355	   0.128	  0.1195	  0.6387
     356	  0.1271	  0.1187	  0.6387
     357	  0.1262	  0.1179	  0.6386
     358	  0.1253	  0.1171	  0.6386
     359	  0.1244	  0.1163	  0.6385
     360	  0.1234	  0.1155	  0.6385
     361	  0.1225	  0.1147	  0.6385
     362	  0.1215	  0.1138	  0.6384
     363	  0.1205	  0.1129	  0.6384
     364	  0.1195	   0.112	  0.6383
     365	  0.1184	  0.1111	  0.6383
     366	  0.1174	  0.1102	  0.6383
     367	  0.1163	  0.1092	  0.6382
     368	  0.1153	  0.1083	  0.6382
     369	  0.1142	  0.1073	  0.6381
     370	  0.1131	  0.1063	  0.6381
     371	   0.112	  0.1053	   0.638
     372	  0.1108	  0.1043	   0.638
     373	  0.1097	  0.1033	   0.638
     374	  0.1086	  0.1022	  0.6379
     375	  0.1074	  0.1012	  0.6379
     376	  0.1062	  0.1001	  0.6378
     377	  0.1051	   0.099	  0.6378
     378	  0.1039	 0.09789	  0.6378
     379	  0.1027	 0.09676	  0.6377
     380	  0.1014	 0.09562	  0.6377
     381	  0.1002	 0.09446	  0.6376
     382	 0.09892	 0.09329	  0.6376
     383	 0.09764	 0.09211	  0.6376
     384	 0.09636	 0.09092	  0.6375
     385	 0.09507	 0.08973	  0.6375
     386	 0.09378	 0.08854	  0.6374
     387	 0.09249	 0.08735	  0.6374
     388	 0.09121	 0.08616	  0.6374
     389	 0.08993	 0.08497	  0.6373
     390	 0.08867	  0.0838	  0.6373
     391	 0.08743	 0.08265	  0.6372
     392	 0.08623	 0.08152	  0.6372
     393	 0.08505	 0.08042	  0.6372
     394	 0.08392	 0.07935	  0.6371
     395	 0.08282	 0.07832	  0.6371
     396	 0.08177	 0.07733	   0.637
     397	 0.08076	 0.07638	   0.637
     398	  0.0798	 0.07547	   0.637
     399	 0.07888	 0.07461	  0.6369
     400	 0.07801	 0.07378	  0.6369
     401	 0.07718	   0.073	  0.6368
     402	 0.07638	 0.07226	  0.6368
     403	 0.07563	 0.07154	  0.6368
     404	 0.07491	 0.07086	  0.6367
     405	 0.07422	  0.0702	  0.6367
     406	 0.07356	 0.06957	  0.6367
     407	 0.07293	 0.06896	  0.6366
     408	 0.07231	 0.06838	  0.6366
     409	 0.07172	  0.0678	  0.6365
     410	 0.07114	 0.06725	  0.6365
     411	 0.07058	  0.0667	  0.6365
     412	 0.07004	 0.06618	  0.6364
     413	 0.06951	 0.06567	  0.6364
     414	 0.06899	 0.06517	  0.6364
     415	 0.06849	 0.06469	  0.6363
     416	   0.068	 0.06422	  0.6363
     417	 0.06752	 0.06377	  0.6363
     418	 0.06706	 0.06332	  0.6362
     419	 0.06661	 0.06288	  0.6362
     420	 0.06616	 0.06245	  0.6361
     421	 0.06572	 0.06203	  0.6361
     422	 0.06528	 0.06161	  0.6361
     423	 0.06484	  0.0612	   0.636
     424	 0.06441	  0.0608	   0.636
     425	 0.06399	 0.06041	   0.636
     426	 0.06358	 0.06003	  0.6359
     427	 0.06317	 0.05965	  0.6359
     428	 0.06277	 0.05928	  0.6359
     429	 0.06238	 0.05892	  0.6358
     430	 0.06199	 0.05856	  0.6358
     431	  0.0616	 0.05819	  0.6357
     432	 0.06121	 0.05783	  0.6357
     433	 0.06081	 0.05747	  0.6357
     434	 0.06042	  0.0571	  0.6356
     435	 0.06002	 0.05673	  0.6356
     436	 0.05963	 0.05637	  0.6356
     437	 0.05924	   0.056	  0.6355
     438	 0.05885	 0.05564	  0.6355
     439	 0.05846	 0.05528	  0.6355
     440	 0.05807	 0.05493	  0.6354
     441	 0.05769	 0.05457	  0.6354
     442	  0.0573	 0.05422	  0.6354
     443	 0.05692	 0.05387	  0.6353
     444	 0.05654	 0.05353	  0.6353
     445	 0.05617	 0.05318	  0.6353
     446	  0.0558	 0.05284	  0.6352
     447	 0.05545	 0.05251	  0.6352
     448	  0.0551	 0.05218	  0.6352
     449	 0.05477	 0.05186	  0.6351
     450	 0.05444	 0.05155	  0.6351
     451	 0.05413	 0.05125	  0.6351
     452	 0.05383	 0.05097	   0.635
     453	 0.05354	  0.0507	   0.635
     454	 0.05325	 0.05044	   0.635
     455	 0.05298	 0.05019	  0.6349
     456	 0.05272	 0.04994	  0.6349
     457	 0.05246	  0.0497	  0.6348
     458	 0.05221	 0.04947	  0.6348
     459	 0.05196	 0.04924	  0.6348
     460	 0.05172	 0.04902	  0.6347
     461	 0.05148	 0.04879	  0.6347
     462	 0.05125	 0.04858	  0.6347
     463	 0.05103	 0.04837	  0.6347
     464	 0.05081	 0.04816	  0.6346
     465	 0.05059	 0.04796	  0.6346
     466	 0.05038	 0.04777	  0.6346
     467	 0.05017	 0.04758	  0.6345
     468	 0.04997	 0.04739	  0.6345
     469	 0.04976	  0.0472	  0.6345
     470	 0.04956	 0.04702	  0.6344
     471	 0.04936	 0.04684	  0.6344
     472	 0.04917	 0.04666	  0.6344
     473	 0.04898	 0.04649	  0.6343
     474	 0.04879	 0.04633	  0.6343
     475	  0.0486	 0.04616	  0.6343
     476	 0.04842	 0.04601	  0.6342
     477	 0.04823	 0.04585	  0.6342
     478	 0.04806	  0.0457	  0.6342
     479	 0.04788	 0.04555	  0.6341
     480	  0.0477	 0.04539	  0.6341
     481	 0.04752	 0.04524	  0.6341
     482	 0.04734	 0.04508	   0.634
     483	 0.04717	 0.04493	   0.634
     484	 0.04699	 0.04477	   0.634
     485	 0.04682	 0.04462	  0.6339
     486	 0.04665	 0.04447	  0.6339
     487	 0.04648	 0.04432	  0.6339
     488	 0.04631	 0.04417	  0.6338
     489	 0.04614	 0.04402	  0.6338
     490	 0.04597	 0.04388	  0.6338
     491	 0.04581	 0.04374	  0.6338
     492	 0.04564	 0.04359	  0.6337
     493	 0.04548	 0.04345	  0.6337
     494	 0.04532	 0.04331	  0.6337
     495	 0.04516	 0.04317	  0.6336
     496	   0.045	 0.04303	  0.6336
     497	 0.04484	 0.04289	  0.6336
     498	 0.04469	 0.04276	  0.6335
     499	 0.04453	 0.04262	  0.6335
     500	 0.04438	 0.04249	  0.6335
     501	 0.04423	 0.04236	  0.6334
     502	 0.04409	 0.04222	  0.6334
     503	 0.04395	 0.04209	  0.6334
     504	 0.04381	 0.04196	  0.6334
     505	 0.04367	 0.04184	  0.6333
     506	 0.04354	 0.04171	  0.6333
     507	  0.0434	 0.04158	  0.6333
     508	 0.04327	 0.04146	  0.6332
     509	 0.04314	 0.04133	  0.6332
     510	 0.04301	 0.04121	  0.6332
     511	 0.04288	 0.04109	  0.6331
     512	 0.04275	 0.04097	  0.6331
     513	 0.04262	 0.04085	  0.6331
     514	  0.0425	 0.04073	  0.6331
     515	 0.04237	 0.04062	   0.633
     516	 0.04225	  0.0405	   0.633
     517	 0.04212	 0.04038	   0.633
     518	   0.042	 0.04027	  0.6329
     519	 0.04188	 0.04015	  0.6329
     520	 0.04176	 0.04003	  0.6329
     521	 0.04164	 0.03991	  0.6329
     522	 0.04151	 0.03979	  0.6328
     523	 0.04139	 0.03967	  0.6328
     524	 0.04127	 0.03956	  0.6328
     525	 0.04114	 0.03944	  0.6327
     526	 0.04102	 0.03933	  0.6327
     527	  0.0409	 0.03921	  0.6327
     528	 0.04079	 0.03911	  0.6326
     529	 0.04067	   0.039	  0.6326
     530	 0.04056	 0.03889	  0.6326
     531	 0.04045	 0.03879	  0.6326
     532	 0.04034	 0.03869	  0.6325
     533	 0.04023	 0.03858	  0.6325
     534	 0.04012	 0.03848	  0.6325
     535	 0.04002	 0.03838	  0.6324
     536	 0.03991	 0.03828	  0.6324
     537	 0.03981	 0.03819	  0.6324
     538	 0.03971	  0.0381	  0.6324
     539	 0.03962	 0.03801	  0.6323
     540	 0.03952	 0.03792	  0.6323
     541	 0.03943	 0.03784	  0.6323
     542	 0.03934	 0.03775	  0.6322
     543	 0.03925	 0.03766	  0.6322
     544	 0.03916	 0.03758	  0.6322
     545	 0.03907	 0.03749	  0.6322
     546	 0.03898	  0.0374	  0.6321
     547	 0.03889	 0.03732	  0.6321
     548	 0.03881	 0.03723	  0.6321
     549	 0.03872	 0.03715	  0.6321
     550	 0.03864	 0.03707	   0.632
     551	 0.03856	 0.03699	   0.632
     552	 0.03847	 0.03691	   0.632
     553	 0.03839	 0.03684	  0.6319
     554	  0.0383	 0.03676	  0.6319
     555	 0.03822	 0.03668	  0.6319
     556	 0.03814	 0.03661	  0.6319
     557	 0.03806	 0.03653	  0.6318
     558	 0.03797	 0.03646	  0.6318
     559	 0.03789	 0.03639	  0.6318
     560	 0.03781	 0.03631	  0.6318
     561	 0.03773	 0.03624	  0.6317
     562	 0.03765	 0.03617	  0.6317
     563	 0.03758	 0.03609	  0.6317
     564	  0.0375	 0.03602	  0.6316
     565	 0.03742	 0.03595	  0.6316
     566	 0.03734	 0.03588	  0.6316
     567	 0.03727	 0.03581	  0.6316
     568	  0.0372	 0.03574	  0.6315
     569	 0.03712	 0.03568	  0.6315
     570	 0.03705	 0.03561	  0.6315
     571	 0.03698	 0.03555	  0.6315
     572	 0.03691	 0.03548	  0.6314
     573	 0.03684	 0.03541	  0.6314
     574	 0.03676	 0.03534	  0.6314
     575	 0.03669	 0.03527	  0.6314
     576	 0.03661	  0.0352	  0.6313
     577	 0.03654	 0.03513	  0.6313
     578	 0.03647	 0.03507	  0.6313
     579	  0.0364	   0.035	  0.6312
     580	 0.03634	 0.03493	  0.6312
     581	 0.03627	 0.03487	  0.6312
     582	 0.03621	  0.0348	  0.6312
     583	 0.03615	 0.03474	  0.6311
     584	 0.03609	 0.03468	  0.6311
     585	 0.03603	 0.03462	  0.6311
     586	 0.03597	 0.03456	  0.6311
     587	 0.03592	  0.0345	   0.631
     588	 0.03587	 0.03445	   0.631
     589	 0.03582	  0.0344	   0.631
     590	 0.03577	 0.03436	   0.631
     591	 0.03572	 0.03431	  0.6309
     592	 0.03567	 0.03427	  0.6309
     593	 0.03561	 0.03422	  0.6309
     594	 0.03554	 0.03417	  0.6309
     595	 0.03548	 0.03412	  0.6308
     596	 0.03541	 0.03407	  0.6308
     597	 0.03535	 0.03401	  0.6308
     598	 0.03528	 0.03395	  0.6308
     599	 0.03522	  0.0339	  0.6307
     600	 0.03516	 0.03384	  0.6307
     601	 0.03511	 0.03378	  0.6307
     602	 0.03505	 0.03372	  0.6307
     603	 0.03499	 0.03366	  0.6306
     604	 0.03493	  0.0336	  0.6306
     605	 0.03487	 0.03354	  0.6306
     606	 0.03481	 0.03347	  0.6306
     607	 0.03474	  0.0334	  0.6305
     608	 0.03467	 0.03334	  0.6305
     609	 0.03461	 0.03327	  0.6305
     610	 0.03454	 0.03321	  0.6305
     611	 0.03447	 0.03314	  0.6304
     612	  0.0344	 0.03308	  0.6304
     613	 0.03433	 0.03301	  0.6304
     614	 0.03426	 0.03295	  0.6304
     615	 0.03418	 0.03288	  0.6303
     616	 0.03411	 0.03282	  0.6303
     617	 0.03404	 0.03275	  0.6303
     618	 0.03397	 0.03268	  0.6303
     619	 0.03391	 0.03262	  0.6302
     620	 0.03385	 0.03256	  0.6302
     621	 0.03379	 0.03251	  0.6302
     622	 0.03374	 0.03245	  0.6302
     623	 0.03369	 0.03239	  0.6301
     624	 0.03363	 0.03234	  0.6301
     625	 0.03357	 0.03228	  0.6301
     626	 0.03352	 0.03223	  0.6301
     627	 0.03346	 0.03217	    0.63
     628	 0.03339	 0.03211	    0.63
     629	 0.03333	 0.03206	    0.63
     630	 0.03327	   0.032	    0.63
     631	 0.03321	 0.03194	  0.6299
     632	 0.03315	 0.03188	  0.6299
     633	 0.03309	 0.03182	  0.6299
     634	 0.03302	 0.03176	  0.6299
     635	 0.03296	 0.03169	  0.6298
     636	 0.03289	 0.03163	  0.6298
     637	 0.03283	 0.03156	  0.6298
     638	 0.03276	 0.03149	  0.6298
     639	 0.03269	 0.03143	  0.6298
     640	 0.03262	 0.03136	  0.6297
     641	 0.03256	 0.03129	  0.6297
     642	 0.03249	 0.03122	  0.6297
     643	 0.03243	 0.03115	  0.6297
     644	 0.03237	 0.03109	  0.6296
     645	 0.03231	 0.03102	  0.6296
     646	 0.03225	 0.03096	  0.6296
     647	 0.03219	  0.0309	  0.6296
     648	 0.03214	 0.03084	  0.6295
     649	 0.03208	 0.03078	  0.6295
     650	 0.03201	 0.03072	  0.6295
     651	 0.03195	 0.03066	  0.6295
     652	 0.03189	  0.0306	  0.6294
     653	 0.03182	 0.03054	  0.6294
     654	 0.03175	 0.03048	  0.6294
     655	 0.03168	 0.03041	  0.6294
     656	 0.03161	 0.03034	  0.6294
     657	 0.03154	 0.03027	  0.6293
     658	 0.03147	  0.0302	  0.6293
     659	 0.03139	 0.03012	  0.6293
     660	 0.03132	 0.03004	  0.6293
     661	 0.03124	 0.02997	  0.6292
     662	 0.03116	  0.0299	  0.6292
     663	 0.03108	 0.02983	  0.6292
     664	   0.031	 0.02976	  0.6292
     665	 0.03092	  0.0297	  0.6291
     666	 0.03084	 0.02963	  0.6291
     667	 0.03076	 0.02957	  0.6291
     668	 0.03068	  0.0295	  0.6291
     669	  0.0306	 0.02943	  0.6291
     670	 0.03052	 0.02936	   0.629
     671	 0.03044	 0.02928	   0.629
     672	 0.03035	  0.0292	   0.629
     673	 0.03026	 0.02912	   0.629
     674	 0.03017	 0.02903	  0.6289
     675	 0.03008	 0.02894	  0.6289
     676	 0.02999	 0.02884	  0.6289
     677	  0.0299	 0.02875	  0.6289
     678	 0.02981	 0.02866	  0.6289
     679	 0.02973	 0.02857	  0.6288
     680	 0.02964	 0.02848	  0.6288
     681	 0.02955	  0.0284	  0.6288
     682	 0.02946	 0.02832	  0.6288
     683	 0.02937	 0.02824	  0.6287
     684	 0.02928	 0.02816	  0.6287
     685	 0.02918	 0.02809	  0.6287
     686	 0.02908	 0.02801	  0.6287
     687	 0.02898	 0.02793	  0.6287
     688	 0.02888	 0.02786	  0.6286
     689	 0.02878	 0.02778	  0.6286
     690	 0.02869	  0.0277	  0.6286
     691	 0.02859	 0.02763	  0.6286
     692	  0.0285	 0.02755	  0.6285
     693	 0.02841	 0.02748	  0.6285
     694	 0.02832	  0.0274	  0.6285
     695	 0.02824	 0.02733	  0.6285
     696	 0.02816	 0.02725	  0.6285
     697	 0.02808	 0.02718	  0.6284
     698	 0.02801	 0.02711	  0.6284
     699	 0.02793	 0.02704	  0.6284
     700	 0.02786	 0.02697	  0.6284
     701	 0.02779	  0.0269	  0.6283
     702	 0.02773	 0.02683	  0.6283
     703	 0.02766	 0.02676	  0.6283
     704	 0.02759	 0.02669	  0.6283
     705	 0.02752	 0.02662	  0.6283
     706	 0.02745	 0.02656	  0.6282
     707	 0.02738	 0.02649	  0.6282
     708	 0.02731	 0.02643	  0.6282
     709	 0.02723	 0.02637	  0.6282
     710	 0.02716	 0.02631	  0.6282
     711	 0.02708	 0.02625	  0.6281
     712	 0.02701	 0.02618	  0.6281
     713	 0.02693	 0.02612	  0.6281
     714	 0.02686	 0.02606	  0.6281
     715	 0.02679	 0.02599	   0.628
     716	 0.02671	 0.02593	   0.628
     717	 0.02664	 0.02586	   0.628
     718	 0.02656	  0.0258	   0.628
     719	 0.02649	 0.02573	   0.628
     720	 0.02642	 0.02567	  0.6279
     721	 0.02636	 0.02561	  0.6279
     722	  0.0263	 0.02555	  0.6279
     723	 0.02625	  0.0255	  0.6279
     724	  0.0262	 0.02544	  0.6279
     725	 0.02615	 0.02539	  0.6278
     726	  0.0261	 0.02534	  0.6278
     727	 0.02605	 0.02529	  0.6278
     728	   0.026	 0.02524	  0.6278
     729	 0.02593	 0.02518	  0.6278
     730	 0.02587	 0.02512	  0.6277
     731	  0.0258	 0.02505	  0.6277
     732	 0.02572	 0.02498	  0.6277
     733	 0.02564	 0.02491	  0.6277
     734	 0.02557	 0.02484	  0.6277
     735	  0.0255	 0.02477	  0.6276
     736	 0.02544	 0.02471	  0.6276
     737	 0.02538	 0.02466	  0.6276
     738	 0.02531	  0.0246	  0.6276
     739	 0.02525	 0.02455	  0.6276
     740	 0.02518	 0.02449	  0.6275
     741	  0.0251	 0.02442	  0.6275
     742	 0.02501	 0.02434	  0.6275
     743	 0.02492	 0.02426	  0.6275
     744	 0.02483	 0.02416	  0.6274
     745	 0.02473	 0.02407	  0.6274
     746	 0.02463	 0.02398	  0.6274
     747	 0.02454	 0.02389	  0.6274
     748	 0.02445	  0.0238	  0.6274
     749	 0.02437	 0.02372	  0.6273
     750	  0.0243	 0.02364	  0.6273
     751	 0.02422	 0.02357	  0.6273
     752	 0.02415	 0.02349	  0.6273
     753	 0.02407	 0.02342	  0.6273
     754	 0.02399	 0.02334	  0.6272
     755	 0.02391	 0.02326	  0.6272
     756	 0.02383	 0.02318	  0.6272
     757	 0.02375	  0.0231	  0.6272
     758	 0.02366	 0.02303	  0.6272
     759	 0.02358	 0.02295	  0.6271
     760	 0.02349	 0.02287	  0.6271
     761	  0.0234	  0.0228	  0.6271
     762	 0.02331	 0.02273	  0.6271
     763	 0.02322	 0.02265	  0.6271
     764	 0.02313	 0.02258	   0.627
     765	 0.02304	 0.02252	   0.627
     766	 0.02295	 0.02245	   0.627
     767	 0.02288	 0.02239	   0.627
     768	 0.02279	 0.02232	   0.627
     769	 0.02271	 0.02224	   0.627
     770	 0.02263	 0.02216	  0.6269
     771	 0.02254	 0.02208	  0.6269
     772	 0.02244	 0.02199	  0.6269
     773	 0.02234	  0.0219	  0.6269
     774	 0.02223	 0.02181	  0.6269
     775	 0.02213	 0.02172	  0.6268
     776	 0.02203	 0.02164	  0.6268
     777	 0.02192	 0.02155	  0.6268
     778	 0.02183	 0.02147	  0.6268
     779	 0.02173	 0.02139	  0.6268
     780	 0.02164	 0.02132	  0.6267
     781	 0.02156	 0.02125	  0.6267
     782	 0.02148	 0.02119	  0.6267
     783	  0.0214	 0.02114	  0.6267
     784	 0.02132	 0.02108	  0.6267
     785	 0.02124	 0.02102	  0.6266
     786	 0.02115	 0.02096	  0.6266
     787	 0.02107	 0.02089	  0.6266
     788	 0.02099	 0.02082	  0.6266
     789	 0.02091	 0.02075	  0.6266
     790	 0.02083	 0.02067	  0.6265
     791	 0.02077	  0.0206	  0.6265
     792	  0.0207	 0.02054	  0.6265
     793	 0.02065	 0.02048	  0.6265
     794	  0.0206	 0.02044	  0.6265
     795	 0.02055	 0.02039	  0.6264
     796	 0.02051	 0.02036	  0.6264
     797	 0.02047	 0.02032	  0.6264
     798	 0.02044	 0.02028	  0.6264
     799	 0.02039	 0.02024	  0.6264
     800	 0.02035	  0.0202	  0.6264
     801	 0.02031	 0.02016	  0.6263
     802	 0.02026	 0.02012	  0.6263
     803	  0.0202	 0.02008	  0.6263
     804	 0.02015	 0.02004	  0.6263
     805	 0.02008	    0.02	  0.6263
     806	 0.02002	 0.01994	  0.6262
     807	 0.01994	 0.01988	  0.6262
     808	 0.01987	 0.01981	  0.6262
     809	 0.01979	 0.01973	  0.6262
     810	 0.01971	 0.01966	  0.6262
     811	 0.01964	 0.01959	  0.6261
     812	 0.01957	 0.01952	  0.6261
     813	 0.01951	 0.01947	  0.6261
     814	 0.01945	 0.01943	  0.6261
     815	  0.0194	  0.0194	  0.6261
     816	 0.01936	 0.01937	  0.6261
     817	 0.01932	 0.01933	   0.626
     818	 0.01928	  0.0193	   0.626
     819	 0.01926	 0.01928	   0.626
     820	 0.01924	 0.01927	   0.626
     821	  0.0192	 0.01923	   0.626
     822	 0.01915	 0.01919	  0.6259
     823	 0.01911	 0.01916	  0.6259
     824	 0.01906	 0.01912	  0.6259
     825	 0.01901	 0.01908	  0.6259
     826	 0.01896	 0.01903	  0.6259
     827	 0.01891	 0.01899	  0.6259
     828	 0.01887	 0.01895	  0.6258
     829	 0.01883	 0.01891	  0.6258
     830	  0.0188	 0.01888	  0.6258
     831	 0.01878	 0.01885	  0.6258
     832	 0.01877	 0.01883	  0.6258
     833	 0.01878	 0.01881	  0.6257
     834	 0.01879	  0.0188	  0.6257
     835	  0.0188	 0.01879	  0.6257
     836	 0.01879	 0.01878	  0.6257
     837	 0.01876	 0.01876	  0.6257
     838	  0.0187	 0.01873	  0.6257
     839	 0.01863	 0.01868	  0.6256
     840	 0.01856	 0.01864	  0.6256
     841	  0.0185	 0.01859	  0.6256
     842	 0.01846	 0.01855	  0.6256
     843	 0.01845	 0.01851	  0.6256
     844	 0.01846	 0.01849	  0.6255
     845	 0.01848	 0.01847	  0.6255
     846	  0.0185	 0.01846	  0.6255
     847	  0.0185	 0.01845	  0.6255
     848	 0.01848	 0.01845	  0.6255
     849	 0.01845	 0.01844	  0.6255
     850	  0.0184	 0.01844	  0.6254
