/*
Particulate absorption and scattering spectra, normalized by SPM 
Scattering spectra from ac-s power-function fit 400-700 nm scaled by LISST-VSF scattering coefficient at 532 nm 
Total (a_p) and MeOH-extracted (a_d) absorption spectra from UV/VIS spectrophotometer measurements with GF/F filter inside 15-cm integrating sphere
Correction for filter-pad pathlength amplification from Stramski et al. 2015 

Lat, Lon = NaN, NaN
Date Time UTC = NaN
Depth = NaN m
SPM = 7.05 g/m3
POC = NaN mg/m3
PSD power-law exponent (~1.5-147 µm) = 3.29 
Scattering spectra power-function exponent (400-700 nm) = 0.792 

Created by Daniel Koestner on 15-Jan-2024 15:28:37
Data Version: V4_10-Nov-2023

Column 1: wavelength [nm]
Column 2: a_p [m^2/g]
Column 3: a_d [m^2/g]
Column 4: b_p [m^2/g]
*/
     290	  0.1274	  0.1105	  0.8378
     291	  0.1262	  0.1093	  0.8355
     292	   0.125	   0.108	  0.8333
     293	  0.1237	  0.1068	   0.831
     294	  0.1223	  0.1055	  0.8288
     295	  0.1209	  0.1042	  0.8266
     296	  0.1195	  0.1029	  0.8243
     297	  0.1181	  0.1016	  0.8221
     298	  0.1167	  0.1004	    0.82
     299	  0.1152	 0.09911	  0.8178
     300	  0.1137	 0.09779	  0.8156
     301	  0.1121	 0.09641	  0.8135
     302	  0.1104	 0.09495	  0.8113
     303	  0.1086	 0.09342	  0.8092
     304	  0.1066	 0.09183	  0.8071
     305	  0.1046	 0.09021	   0.805
     306	  0.1025	  0.0886	  0.8029
     307	  0.1004	 0.08703	  0.8009
     308	 0.09829	 0.08552	  0.7988
     309	  0.0963	 0.08409	  0.7968
     310	 0.09442	 0.08276	  0.7947
     311	 0.09267	 0.08152	  0.7927
     312	 0.09107	 0.08038	  0.7907
     313	 0.08961	 0.07932	  0.7887
     314	 0.08828	 0.07834	  0.7867
     315	 0.08707	 0.07743	  0.7847
     316	 0.08596	 0.07658	  0.7827
     317	 0.08494	 0.07577	  0.7808
     318	 0.08399	 0.07499	  0.7788
     319	  0.0831	 0.07424	  0.7769
     320	 0.08227	 0.07352	   0.775
     321	 0.08149	 0.07281	  0.7731
     322	 0.08075	 0.07213	  0.7712
     323	 0.08005	 0.07147	  0.7693
     324	 0.07938	 0.07083	  0.7674
     325	 0.07872	  0.0702	  0.7655
     326	 0.07807	 0.06957	  0.7637
     327	 0.07742	 0.06895	  0.7618
     328	 0.07674	 0.06832	    0.76
     329	 0.07605	 0.06767	  0.7581
     330	 0.07534	 0.06701	  0.7563
     331	  0.0746	 0.06632	  0.7545
     332	 0.07385	 0.06561	  0.7527
     333	 0.07307	 0.06488	  0.7509
     334	 0.07227	 0.06411	  0.7491
     335	 0.07145	 0.06331	  0.7474
     336	 0.07059	 0.06249	  0.7456
     337	 0.06971	 0.06164	  0.7439
     338	 0.06881	 0.06078	  0.7421
     339	 0.06789	 0.05992	  0.7404
     340	 0.06696	 0.05906	  0.7387
     341	 0.06603	 0.05822	  0.7369
     342	  0.0651	 0.05739	  0.7352
     343	 0.06417	 0.05657	  0.7335
     344	 0.06326	 0.05576	  0.7318
     345	 0.06234	 0.05495	  0.7302
     346	 0.06143	 0.05413	  0.7285
     347	 0.06051	  0.0533	  0.7268
     348	  0.0596	 0.05245	  0.7252
     349	 0.05868	 0.05159	  0.7235
     350	 0.05776	 0.05072	  0.7219
     351	 0.05685	 0.04986	  0.7203
     352	 0.05595	   0.049	  0.7186
     353	 0.05505	 0.04816	   0.717
     354	 0.05416	 0.04734	  0.7154
     355	 0.05329	 0.04653	  0.7138
     356	 0.05242	 0.04574	  0.7122
     357	 0.05156	 0.04496	  0.7107
     358	 0.05071	 0.04418	  0.7091
     359	 0.04987	 0.04342	  0.7075
     360	 0.04904	 0.04267	   0.706
     361	 0.04824	 0.04194	  0.7044
     362	 0.04746	 0.04124	  0.7029
     363	 0.04672	 0.04057	  0.7013
     364	 0.04602	 0.03994	  0.6998
     365	 0.04536	 0.03933	  0.6983
     366	 0.04472	 0.03875	  0.6968
     367	 0.04411	 0.03821	  0.6953
     368	 0.04353	 0.03769	  0.6938
     369	 0.04297	  0.0372	  0.6923
     370	 0.04245	 0.03674	  0.6908
     371	 0.04197	 0.03633	  0.6893
     372	 0.04153	 0.03597	  0.6879
     373	 0.04114	 0.03565	  0.6864
     374	  0.0408	 0.03537	  0.6849
     375	 0.04048	 0.03511	  0.6835
     376	 0.04019	 0.03488	  0.6821
     377	  0.0399	 0.03465	  0.6806
     378	 0.03961	 0.03442	  0.6792
     379	 0.03931	 0.03418	  0.6778
     380	 0.03902	 0.03394	  0.6764
     381	 0.03872	 0.03371	   0.675
     382	 0.03843	 0.03348	  0.6736
     383	 0.03816	 0.03327	  0.6722
     384	  0.0379	 0.03306	  0.6708
     385	 0.03765	 0.03286	  0.6694
     386	 0.03742	 0.03267	   0.668
     387	 0.03719	 0.03248	  0.6667
     388	 0.03697	  0.0323	  0.6653
     389	 0.03677	 0.03212	  0.6639
     390	 0.03656	 0.03195	  0.6626
     391	 0.03636	 0.03178	  0.6613
     392	 0.03616	 0.03161	  0.6599
     393	 0.03595	 0.03144	  0.6586
     394	 0.03575	 0.03126	  0.6573
     395	 0.03555	 0.03109	  0.6559
     396	 0.03535	 0.03093	  0.6546
     397	 0.03516	 0.03077	  0.6533
     398	 0.03499	 0.03062	   0.652
     399	 0.03482	 0.03048	  0.6507
     400	 0.03466	 0.03036	  0.6494
     401	 0.03451	 0.03024	  0.6482
     402	 0.03435	 0.03011	  0.6469
     403	 0.03419	 0.02999	  0.6456
     404	 0.03401	 0.02985	  0.6443
     405	 0.03383	 0.02971	  0.6431
     406	 0.03365	 0.02956	  0.6418
     407	 0.03347	 0.02941	  0.6406
     408	  0.0333	 0.02926	  0.6393
     409	 0.03314	 0.02911	  0.6381
     410	 0.03299	 0.02898	  0.6369
     411	 0.03285	 0.02885	  0.6356
     412	 0.03272	 0.02872	  0.6344
     413	 0.03259	  0.0286	  0.6332
     414	 0.03246	 0.02848	   0.632
     415	 0.03233	 0.02837	  0.6308
     416	 0.03219	 0.02825	  0.6296
     417	 0.03206	 0.02813	  0.6284
     418	 0.03192	 0.02801	  0.6272
     419	 0.03178	  0.0279	   0.626
     420	 0.03165	 0.02778	  0.6248
     421	 0.03152	 0.02767	  0.6236
     422	 0.03139	 0.02757	  0.6225
     423	 0.03127	 0.02746	  0.6213
     424	 0.03115	 0.02735	  0.6202
     425	 0.03103	 0.02724	   0.619
     426	  0.0309	 0.02713	  0.6178
     427	 0.03078	 0.02702	  0.6167
     428	 0.03066	 0.02691	  0.6156
     429	 0.03055	 0.02681	  0.6144
     430	 0.03045	 0.02672	  0.6133
     431	 0.03035	 0.02664	  0.6122
     432	 0.03026	 0.02657	   0.611
     433	 0.03017	  0.0265	  0.6099
     434	 0.03009	 0.02643	  0.6088
     435	    0.03	 0.02636	  0.6077
     436	  0.0299	 0.02628	  0.6066
     437	 0.02981	  0.0262	  0.6055
     438	 0.02971	 0.02613	  0.6044
     439	 0.02962	 0.02605	  0.6033
     440	 0.02953	 0.02598	  0.6022
     441	 0.02944	  0.0259	  0.6011
     442	 0.02936	 0.02583	  0.6001
     443	 0.02927	 0.02575	   0.599
     444	 0.02919	 0.02568	  0.5979
     445	  0.0291	 0.02559	  0.5969
     446	   0.029	  0.0255	  0.5958
     447	  0.0289	  0.0254	  0.5947
     448	  0.0288	 0.02531	  0.5937
     449	  0.0287	 0.02521	  0.5926
     450	 0.02861	 0.02512	  0.5916
     451	 0.02851	 0.02503	  0.5906
     452	 0.02843	 0.02495	  0.5895
     453	 0.02834	 0.02488	  0.5885
     454	 0.02827	 0.02481	  0.5875
     455	 0.02819	 0.02475	  0.5864
     456	 0.02811	 0.02468	  0.5854
     457	 0.02803	 0.02461	  0.5844
     458	 0.02796	 0.02454	  0.5834
     459	 0.02788	 0.02447	  0.5824
     460	  0.0278	  0.0244	  0.5814
     461	 0.02772	 0.02433	  0.5804
     462	 0.02764	 0.02427	  0.5794
     463	 0.02756	 0.02421	  0.5784
     464	 0.02749	 0.02414	  0.5774
     465	 0.02741	 0.02408	  0.5764
     466	 0.02733	 0.02401	  0.5755
     467	 0.02726	 0.02394	  0.5745
     468	 0.02719	 0.02387	  0.5735
     469	 0.02712	 0.02381	  0.5725
     470	 0.02705	 0.02374	  0.5716
     471	 0.02698	 0.02368	  0.5706
     472	 0.02692	 0.02362	  0.5697
     473	 0.02686	 0.02356	  0.5687
     474	  0.0268	 0.02351	  0.5677
     475	 0.02674	 0.02346	  0.5668
     476	 0.02668	 0.02342	  0.5659
     477	 0.02662	 0.02337	  0.5649
     478	 0.02656	 0.02333	   0.564
     479	  0.0265	 0.02328	   0.563
     480	 0.02643	 0.02323	  0.5621
     481	 0.02636	 0.02317	  0.5612
     482	 0.02629	 0.02311	  0.5603
     483	 0.02622	 0.02304	  0.5594
     484	 0.02615	 0.02297	  0.5584
     485	 0.02608	 0.02291	  0.5575
     486	 0.02601	 0.02284	  0.5566
     487	 0.02595	 0.02278	  0.5557
     488	 0.02588	 0.02272	  0.5548
     489	 0.02581	 0.02266	  0.5539
     490	 0.02573	  0.0226	   0.553
     491	 0.02564	 0.02253	  0.5521
     492	 0.02555	 0.02247	  0.5512
     493	 0.02546	  0.0224	  0.5503
     494	 0.02536	 0.02233	  0.5495
     495	 0.02527	 0.02226	  0.5486
     496	 0.02518	 0.02218	  0.5477
     497	 0.02509	 0.02212	  0.5468
     498	 0.02501	 0.02206	   0.546
     499	 0.02494	   0.022	  0.5451
     500	 0.02488	 0.02195	  0.5442
     501	 0.02482	 0.02191	  0.5434
     502	 0.02477	 0.02187	  0.5425
     503	 0.02472	 0.02183	  0.5417
     504	 0.02467	 0.02179	  0.5408
     505	 0.02463	 0.02174	    0.54
     506	 0.02459	  0.0217	  0.5391
     507	 0.02455	 0.02166	  0.5383
     508	 0.02452	 0.02162	  0.5374
     509	 0.02449	 0.02158	  0.5366
     510	 0.02446	 0.02155	  0.5358
     511	 0.02444	 0.02153	  0.5349
     512	 0.02442	 0.02151	  0.5341
     513	  0.0244	 0.02149	  0.5333
     514	 0.02438	 0.02147	  0.5325
     515	 0.02436	 0.02146	  0.5316
     516	 0.02434	 0.02144	  0.5308
     517	 0.02432	 0.02142	    0.53
     518	  0.0243	  0.0214	  0.5292
     519	 0.02428	 0.02138	  0.5284
     520	 0.02427	 0.02136	  0.5276
     521	 0.02425	 0.02135	  0.5268
     522	 0.02424	 0.02133	   0.526
     523	 0.02423	 0.02132	  0.5252
     524	 0.02421	  0.0213	  0.5244
     525	  0.0242	 0.02129	  0.5236
     526	  0.0242	 0.02128	  0.5228
     527	  0.0242	 0.02128	   0.522
     528	 0.02421	 0.02127	  0.5212
     529	 0.02422	 0.02127	  0.5205
     530	 0.02423	 0.02128	  0.5197
     531	 0.02424	 0.02128	  0.5189
     532	 0.02425	 0.02129	  0.5181
     533	 0.02426	 0.02129	  0.5174
     534	 0.02426	  0.0213	  0.5166
     535	 0.02427	  0.0213	  0.5158
     536	 0.02427	 0.02131	  0.5151
     537	 0.02427	 0.02131	  0.5143
     538	 0.02427	  0.0213	  0.5136
     539	 0.02427	  0.0213	  0.5128
     540	 0.02427	  0.0213	  0.5121
     541	 0.02427	 0.02129	  0.5113
     542	 0.02427	 0.02129	  0.5106
     543	 0.02428	 0.02129	  0.5098
     544	 0.02429	 0.02129	  0.5091
     545	  0.0243	  0.0213	  0.5083
     546	 0.02432	 0.02131	  0.5076
     547	 0.02433	 0.02132	  0.5069
     548	 0.02435	 0.02133	  0.5061
     549	 0.02436	 0.02134	  0.5054
     550	 0.02437	 0.02134	  0.5047
     551	 0.02438	 0.02134	  0.5039
     552	 0.02439	 0.02134	  0.5032
     553	  0.0244	 0.02134	  0.5025
     554	 0.02442	 0.02134	  0.5018
     555	 0.02443	 0.02134	  0.5011
     556	 0.02444	 0.02135	  0.5003
     557	 0.02446	 0.02136	  0.4996
     558	 0.02448	 0.02137	  0.4989
     559	  0.0245	 0.02138	  0.4982
     560	 0.02452	 0.02139	  0.4975
     561	 0.02453	  0.0214	  0.4968
     562	 0.02454	  0.0214	  0.4961
     563	 0.02454	  0.0214	  0.4954
     564	 0.02454	 0.02139	  0.4947
     565	 0.02453	 0.02138	   0.494
     566	 0.02452	 0.02137	  0.4933
     567	 0.02451	 0.02136	  0.4926
     568	  0.0245	 0.02135	   0.492
     569	 0.02449	 0.02133	  0.4913
     570	 0.02448	 0.02131	  0.4906
     571	 0.02446	 0.02129	  0.4899
     572	 0.02444	 0.02126	  0.4892
     573	 0.02442	 0.02123	  0.4886
     574	 0.02439	  0.0212	  0.4879
     575	 0.02436	 0.02117	  0.4872
     576	 0.02433	 0.02115	  0.4865
     577	 0.02431	 0.02113	  0.4859
     578	 0.02428	  0.0211	  0.4852
     579	 0.02426	 0.02108	  0.4845
     580	 0.02424	 0.02106	  0.4839
     581	 0.02422	 0.02103	  0.4832
     582	  0.0242	 0.02101	  0.4826
     583	 0.02418	 0.02098	  0.4819
     584	 0.02416	 0.02096	  0.4813
     585	 0.02415	 0.02094	  0.4806
     586	 0.02414	 0.02093	    0.48
     587	 0.02414	 0.02092	  0.4793
     588	 0.02413	 0.02092	  0.4787
     589	 0.02413	 0.02092	   0.478
     590	 0.02413	 0.02091	  0.4774
     591	 0.02412	  0.0209	  0.4767
     592	 0.02411	 0.02088	  0.4761
     593	 0.02409	 0.02085	  0.4755
     594	 0.02408	 0.02082	  0.4748
     595	 0.02406	 0.02079	  0.4742
     596	 0.02405	 0.02076	  0.4736
     597	 0.02404	 0.02074	  0.4729
     598	 0.02403	 0.02072	  0.4723
     599	 0.02402	  0.0207	  0.4717
     600	 0.02401	 0.02068	  0.4711
     601	 0.02399	 0.02066	  0.4704
     602	 0.02397	 0.02064	  0.4698
     603	 0.02394	 0.02062	  0.4692
     604	 0.02392	 0.02061	  0.4686
     605	  0.0239	  0.0206	   0.468
     606	 0.02389	  0.0206	  0.4674
     607	 0.02389	  0.0206	  0.4668
     608	 0.02388	 0.02059	  0.4661
     609	 0.02388	 0.02058	  0.4655
     610	 0.02387	 0.02057	  0.4649
     611	 0.02387	 0.02055	  0.4643
     612	 0.02386	 0.02052	  0.4637
     613	 0.02385	 0.02049	  0.4631
     614	 0.02385	 0.02046	  0.4625
     615	 0.02385	 0.02043	  0.4619
     616	 0.02385	 0.02041	  0.4613
     617	 0.02384	 0.02039	  0.4608
     618	 0.02383	 0.02037	  0.4602
     619	 0.02382	 0.02035	  0.4596
     620	  0.0238	 0.02033	   0.459
     621	 0.02377	  0.0203	  0.4584
     622	 0.02374	 0.02027	  0.4578
     623	  0.0237	 0.02023	  0.4572
     624	 0.02366	 0.02018	  0.4567
     625	 0.02361	 0.02013	  0.4561
     626	 0.02356	 0.02007	  0.4555
     627	 0.02351	 0.02001	  0.4549
     628	 0.02345	 0.01995	  0.4543
     629	 0.02339	 0.01989	  0.4538
     630	 0.02333	 0.01982	  0.4532
     631	 0.02326	 0.01976	  0.4526
     632	 0.02319	 0.01969	  0.4521
     633	 0.02312	 0.01962	  0.4515
     634	 0.02304	 0.01955	  0.4509
     635	 0.02296	 0.01948	  0.4504
     636	 0.02287	 0.01939	  0.4498
     637	 0.02278	  0.0193	  0.4493
     638	 0.02268	  0.0192	  0.4487
     639	 0.02258	  0.0191	  0.4481
     640	 0.02247	 0.01899	  0.4476
     641	 0.02236	 0.01887	   0.447
     642	 0.02224	 0.01876	  0.4465
     643	 0.02212	 0.01864	  0.4459
     644	   0.022	 0.01852	  0.4454
     645	 0.02187	 0.01839	  0.4448
     646	 0.02174	 0.01827	  0.4443
     647	 0.02162	 0.01815	  0.4437
     648	 0.02148	 0.01802	  0.4432
     649	 0.02135	 0.01789	  0.4427
     650	  0.0212	 0.01776	  0.4421
     651	 0.02105	 0.01761	  0.4416
     652	 0.02088	 0.01746	   0.441
     653	  0.0207	  0.0173	  0.4405
     654	 0.02051	 0.01714	    0.44
     655	 0.02032	 0.01697	  0.4394
     656	 0.02013	 0.01681	  0.4389
     657	 0.01994	 0.01665	  0.4384
     658	 0.01977	  0.0165	  0.4379
     659	  0.0196	 0.01636	  0.4373
     660	 0.01944	 0.01622	  0.4368
     661	 0.01928	 0.01608	  0.4363
     662	 0.01911	 0.01594	  0.4358
     663	 0.01894	 0.01578	  0.4352
     664	 0.01876	 0.01563	  0.4347
     665	 0.01857	 0.01546	  0.4342
     666	 0.01837	 0.01529	  0.4337
     667	 0.01816	 0.01512	  0.4332
     668	 0.01796	 0.01495	  0.4327
     669	 0.01775	 0.01477	  0.4321
     670	 0.01755	  0.0146	  0.4316
     671	 0.01735	 0.01443	  0.4311
     672	 0.01715	 0.01427	  0.4306
     673	 0.01696	  0.0141	  0.4301
     674	 0.01676	 0.01395	  0.4296
     675	 0.01657	 0.01379	  0.4291
     676	 0.01638	 0.01365	  0.4286
     677	 0.01619	  0.0135	  0.4281
     678	 0.01599	 0.01336	  0.4276
     679	 0.01579	 0.01322	  0.4271
     680	  0.0156	 0.01308	  0.4266
     681	 0.01541	 0.01294	  0.4261
     682	 0.01522	 0.01281	  0.4256
     683	 0.01504	 0.01267	  0.4251
     684	 0.01487	 0.01254	  0.4246
     685	 0.01469	 0.01241	  0.4241
     686	 0.01452	 0.01228	  0.4236
     687	 0.01435	 0.01214	  0.4232
     688	 0.01418	 0.01201	  0.4227
     689	   0.014	 0.01188	  0.4222
     690	 0.01381	 0.01174	  0.4217
     691	 0.01363	  0.0116	  0.4212
     692	 0.01344	 0.01146	  0.4207
     693	 0.01326	 0.01133	  0.4203
     694	 0.01307	 0.01119	  0.4198
     695	 0.01289	 0.01105	  0.4193
     696	 0.01272	 0.01092	  0.4188
     697	 0.01255	 0.01079	  0.4183
     698	 0.01239	 0.01067	  0.4179
     699	 0.01223	 0.01056	  0.4174
     700	 0.01208	 0.01046	  0.4169
     701	 0.01194	 0.01037	  0.4165
     702	 0.01181	 0.01028	   0.416
     703	  0.0117	  0.0102	  0.4155
     704	  0.0116	 0.01013	   0.415
     705	 0.01152	 0.01007	  0.4146
     706	 0.01143	 0.01001	  0.4141
     707	 0.01134	0.009952	  0.4136
     708	 0.01125	0.009893	  0.4132
     709	 0.01115	0.009831	  0.4127
     710	 0.01105	0.009765	  0.4123
     711	 0.01094	0.009698	  0.4118
     712	 0.01083	0.009634	  0.4113
     713	 0.01072	0.009574	  0.4109
     714	 0.01063	0.009521	  0.4104
     715	 0.01054	0.009475	    0.41
     716	 0.01046	0.009433	  0.4095
     717	 0.01038	0.009391	  0.4091
     718	 0.01031	0.009345	  0.4086
     719	 0.01023	0.009289	  0.4082
     720	 0.01014	0.009222	  0.4077
     721	 0.01005	0.009146	  0.4073
     722	 0.00996	0.009064	  0.4068
     723	0.009868	 0.00898	  0.4064
     724	0.009778	0.008898	  0.4059
     725	0.009692	0.008822	  0.4055
     726	0.009609	0.008752	  0.4051
     727	0.009528	0.008688	  0.4046
     728	0.009449	0.008628	  0.4042
     729	0.009371	0.008574	  0.4037
     730	0.009295	0.008526	  0.4033
     731	0.009224	0.008484	  0.4029
     732	0.009162	 0.00845	  0.4024
     733	 0.00911	0.008422	   0.402
     734	0.009069	0.008401	  0.4016
     735	0.009038	0.008382	  0.4011
     736	0.009015	0.008363	  0.4007
     737	0.008997	0.008344	  0.4003
     738	0.008981	0.008322	  0.3998
     739	0.008965	0.008299	  0.3994
     740	0.008947	0.008274	   0.399
     741	0.008925	 0.00825	  0.3985
     742	  0.0089	0.008227	  0.3981
     743	 0.00887	0.008205	  0.3977
     744	0.008836	0.008183	  0.3973
     745	0.008798	0.008163	  0.3968
     746	0.008756	0.008141	  0.3964
     747	0.008711	0.008117	   0.396
     748	 0.00866	0.008087	  0.3956
     749	0.008605	0.008049	  0.3952
     750	0.008544	0.008004	  0.3948
     751	0.008481	0.007955	  0.3943
     752	0.008419	0.007906	  0.3939
     753	0.008362	0.007866	  0.3935
     754	0.008316	0.007839	  0.3931
     755	0.008281	0.007828	  0.3927
     756	 0.00826	0.007832	  0.3923
     757	0.008249	0.007846	  0.3919
     758	0.008246	0.007865	  0.3914
     759	0.008248	0.007882	   0.391
     760	0.008253	0.007894	  0.3906
     761	0.008258	0.007899	  0.3902
     762	0.008261	0.007898	  0.3898
     763	0.008261	0.007893	  0.3894
     764	0.008256	0.007886	   0.389
     765	0.008244	0.007877	  0.3886
     766	0.008223	0.007864	  0.3882
     767	  0.0082	0.007851	  0.3878
     768	0.008163	0.007823	  0.3874
     769	0.008119	0.007784	   0.387
     770	0.008067	0.007732	  0.3866
     771	0.008009	0.007671	  0.3862
     772	0.007942	0.007601	  0.3858
     773	0.007878	0.007538	  0.3854
     774	0.007814	0.007482	   0.385
     775	0.007755	0.007439	  0.3846
     776	0.007704	0.007411	  0.3842
     777	0.007664	0.007399	  0.3838
     778	0.007637	0.007399	  0.3835
     779	0.007621	0.007409	  0.3831
     780	0.007614	0.007424	  0.3827
     781	0.007613	0.007439	  0.3823
     782	0.007614	0.007451	  0.3819
     783	0.007613	0.007456	  0.3815
     784	 0.00761	0.007455	  0.3811
     785	0.007602	0.007447	  0.3807
     786	0.007593	0.007433	  0.3804
     787	0.007583	0.007415	    0.38
     788	0.007575	0.007395	  0.3796
     789	0.007571	0.007375	  0.3792
     790	 0.00757	0.007358	  0.3788
     791	0.007573	0.007345	  0.3785
     792	0.007577	0.007339	  0.3781
     793	0.007582	0.007341	  0.3777
     794	0.007585	0.007352	  0.3773
     795	0.007587	0.007371	  0.3769
     796	0.007585	0.007396	  0.3766
     797	0.007579	 0.00742	  0.3762
     798	0.007567	0.007437	  0.3758
     799	0.007547	0.007442	  0.3755
     800	0.007519	 0.00743	  0.3751
     801	0.007481	  0.0074	  0.3747
     802	0.007436	0.007356	  0.3743
     803	0.007386	0.007303	   0.374
     804	0.007336	 0.00725	  0.3736
     805	0.007289	0.007203	  0.3732
     806	0.007247	0.007169	  0.3729
     807	0.007209	 0.00715	  0.3725
     808	0.007175	0.007143	  0.3721
     809	0.007141	0.007145	  0.3718
     810	0.007105	0.007148	  0.3714
     811	0.007064	0.007145	   0.371
     812	0.007021	 0.00713	  0.3707
     813	0.006978	0.007104	  0.3703
     814	0.006941	0.007067	    0.37
     815	0.006914	0.007029	  0.3696
     816	0.006904	0.006995	  0.3692
     817	0.006909	0.006971	  0.3689
     818	0.006925	0.006956	  0.3685
     819	0.006936	 0.00695	  0.3682
     820	0.006951	0.006948	  0.3678
     821	0.006971	0.006942	  0.3675
     822	0.006973	0.006924	  0.3671
     823	0.006953	0.006889	  0.3668
     824	0.006913	0.006842	  0.3664
     825	0.006862	0.006792	   0.366
     826	0.006813	0.006752	  0.3657
     827	0.006773	0.006728	  0.3653
     828	0.006744	0.006722	   0.365
     829	0.006723	0.006728	  0.3647
     830	0.006706	0.006735	  0.3643
     831	0.006691	0.006737	   0.364
     832	0.006678	 0.00673	  0.3636
     833	 0.00667	0.006718	  0.3633
     834	0.006673	0.006704	  0.3629
     835	0.006685	0.006693	  0.3626
     836	  0.0067	 0.00668	  0.3622
     837	0.006709	0.006661	  0.3619
     838	0.006702	0.006631	  0.3615
     839	0.006672	0.006589	  0.3612
     840	0.006623	0.006542	  0.3609
     841	0.006563	  0.0065	  0.3605
     842	0.006501	0.006469	  0.3602
     843	 0.00644	0.006447	  0.3598
     844	0.006383	0.006423	  0.3595
     845	 0.00632	0.006382	  0.3592
     846	0.006242	 0.00631	  0.3588
     847	0.006145	0.006208	  0.3585
     848	0.006035	0.006092	  0.3582
     849	 0.00592	0.005986	  0.3578
     850	0.005818	0.005918	  0.3575
