/*
Scattering Phase Functions [1/sr] at 532 nm from LISST-VSF (SN 1475), Percentiles and mean
Volume scattering function corrected and extrapolated to 180ยบ following Koestner et al. 2018 

Dilution-corrected (if applicable) IOPs [1/m], Percentiles and mean;
bbp = 0.264107	0.274732	0.288794	0.315218	0.361150	0.305174
bp = 4.263416	4.465412	4.745746	5.153309	5.661458	4.891503
cp = 3.682482	4.005955	4.432363	4.874179	5.301344	4.485435

Lat, Lon = NaN, NaN
Date Time UTC = NaN
Depth = NaN m
SPM = 22.44 g/m3
POC/SPM = NaN 

Created by Daniel Koestner on 15-Jan-2024 15:28:33
Data Version: V4_10-Nov-2023

Column 1: Angle [deg]
Column 2: 10th Percentile Data
Column 3: 25th Percentile Data
Column 4: 50th Percentile Data
Column 5: 75th Percentile Data
Column 6: 90th Percentile Data
Column 7: Mean Data
*/
 0.08357	   790.3	   859.6	    1117	    1334	    1551	    1184
 0.09861	   676.1	     746	   980.9	    1191	    1382	    1041
  0.1164	   562.1	   632.7	   841.3	    1042	    1206	   893.4
  0.1373	   458.9	   529.7	   705.4	     891	    1025	   750.6
  0.1621	   381.5	   448.3	   588.1	   751.2	   853.9	   627.2
  0.1912	   322.5	   377.5	   482.8	   616.8	     690	   516.6
  0.2257	   271.1	   309.7	   388.3	   490.3	   544.6	   415.6
  0.2663	   224.2	   248.9	   305.1	   378.1	   418.6	   325.5
  0.3143	   181.5	   198.2	   238.6	   289.9	   321.3	   252.5
  0.3708	   145.6	   159.6	   184.8	   220.5	   238.6	     194
  0.4376	   114.9	   125.6	   140.7	   164.6	   176.3	     147
  0.5164	   91.38	   98.66	   105.3	   118.6	   123.1	   108.9
  0.6094	   73.13	   76.28	   79.14	   84.91	   87.14	   80.66
  0.7191	   56.54	   57.47	   58.43	   59.23	   58.25	   57.98
  0.8486	   43.51	   43.76	   43.55	   42.92	   41.66	   42.84
   1.001	    33.3	   33.24	   32.67	   31.25	   29.99	   31.88
   1.182	   26.72	   26.52	    25.9	   25.02	   24.04	   25.42
   1.394	   22.48	   22.52	   22.17	   21.55	   20.85	   21.81
   1.645	   16.97	   16.74	   16.33	    15.7	   14.92	   15.96
   1.941	   14.32	   14.14	   13.75	    13.1	   12.45	   13.43
    2.29	   10.45	   10.31	   10.01	   9.564	   9.165	   9.782
   2.701	   9.264	   9.032	   8.772	   8.334	   7.943	   8.569
   3.185	   6.796	   6.661	   6.499	   6.194	   5.856	   6.318
   3.756	   5.961	   5.854	   5.727	   5.478	   5.254	   5.588
   4.428	   4.127	   4.043	   3.896	   3.744	   3.566	   3.825
   5.218	   3.309	   3.276	   3.187	   3.116	   3.014	   3.144
   6.146	   2.603	    2.58	   2.516	   2.409	   2.351	   2.486
   7.232	   2.054	    2.02	   1.972	   1.959	   1.925	   1.972
   8.502	   1.586	   1.568	   1.521	   1.478	   1.523	   1.527
   9.981	   1.263	   1.252	   1.233	   1.215	   1.237	   1.223
   11.69	  0.9503	   0.947	  0.9314	  0.9266	  0.9285	  0.9332
   13.67	  0.7182	  0.7197	  0.7068	  0.7101	     0.7	  0.7152
      15	  0.6075	  0.6107	  0.5992	  0.6055	  0.5912	    0.61
      16	   0.549	  0.5442	  0.5368	  0.5386	  0.5336	  0.5506
      17	  0.4897	  0.4906	  0.4875	  0.4799	  0.4759	  0.4919
      18	  0.4411	  0.4465	  0.4404	  0.4324	  0.4232	  0.4396
      19	  0.4001	  0.4015	   0.402	  0.3929	  0.3855	  0.3999
      20	  0.3676	   0.365	  0.3695	  0.3616	  0.3474	  0.3632
      21	  0.3359	  0.3343	  0.3311	  0.3276	  0.3149	  0.3316
      22	  0.3084	  0.3064	  0.3017	  0.2994	  0.2904	  0.3032
      23	  0.2852	  0.2803	  0.2786	  0.2749	   0.269	  0.2759
      24	  0.2612	  0.2603	  0.2547	  0.2511	  0.2494	  0.2533
      25	  0.2417	  0.2415	  0.2356	  0.2283	  0.2333	   0.235
      26	  0.2235	  0.2242	  0.2197	   0.214	  0.2099	  0.2185
      27	  0.2075	  0.2073	  0.2039	  0.2002	  0.1964	  0.2028
      28	  0.1934	   0.193	  0.1899	  0.1854	  0.1817	  0.1879
      29	  0.1807	  0.1802	  0.1765	  0.1718	  0.1712	  0.1755
      30	  0.1694	  0.1684	  0.1638	  0.1624	  0.1645	  0.1658
      31	  0.1588	  0.1556	  0.1554	  0.1525	  0.1526	  0.1553
      32	  0.1497	  0.1475	  0.1469	  0.1424	  0.1417	  0.1461
      33	  0.1403	  0.1382	  0.1381	  0.1353	  0.1366	  0.1373
      34	  0.1316	  0.1317	  0.1301	  0.1274	  0.1256	  0.1288
      35	  0.1238	  0.1226	   0.122	  0.1208	  0.1212	  0.1217
      36	  0.1154	  0.1156	  0.1159	  0.1142	  0.1156	  0.1148
      37	  0.1099	  0.1085	  0.1083	  0.1087	  0.1099	  0.1083
      38	  0.1047	   0.103	   0.103	  0.1027	  0.1021	  0.1024
      39	 0.09687	 0.09702	 0.09726	 0.09644	 0.09678	 0.09621
      40	 0.09287	 0.09151	 0.09293	 0.08995	  0.0905	 0.09107
      41	 0.08912	 0.08817	 0.08902	  0.0857	 0.08558	 0.08724
      42	 0.08567	  0.0843	 0.08536	 0.08196	 0.08117	 0.08336
      43	 0.08135	 0.08053	 0.08138	 0.07844	 0.07751	 0.07944
      44	 0.07693	 0.07676	 0.07707	 0.07505	 0.07358	 0.07546
      45	 0.07255	 0.07257	 0.07258	 0.07141	  0.0695	 0.07145
      46	 0.06826	 0.06823	 0.06799	 0.06733	 0.06631	 0.06742
      47	 0.06361	 0.06328	 0.06389	 0.06349	   0.063	 0.06336
      48	  0.0607	 0.06084	 0.06121	 0.06048	 0.05998	 0.06059
      49	 0.05807	 0.05804	 0.05822	 0.05775	  0.0571	 0.05802
      50	 0.05556	 0.05551	  0.0559	 0.05497	 0.05487	 0.05541
      51	 0.05305	 0.05276	 0.05266	 0.05267	  0.0519	 0.05291
      52	  0.0508	 0.05041	 0.05047	 0.05022	 0.05066	 0.05064
      53	 0.04814	 0.04775	 0.04802	 0.04863	 0.05057	 0.04864
      54	  0.0458	 0.04591	 0.04651	 0.04746	 0.04779	  0.0471
      55	 0.04412	 0.04423	 0.04479	  0.0451	 0.04479	  0.0451
      56	 0.04243	 0.04231	 0.04262	  0.0432	 0.04459	  0.0432
      57	 0.04069	 0.04082	 0.04077	 0.04181	 0.04227	 0.04117
      58	 0.03903	 0.03919	 0.03912	 0.04013	 0.04124	 0.03955
      59	 0.03759	  0.0373	 0.03705	 0.03774	 0.03964	 0.03763
      60	  0.0359	 0.03591	 0.03566	 0.03661	 0.03712	 0.03599
      61	 0.03468	 0.03416	 0.03449	 0.03475	 0.03482	 0.03433
      62	 0.03337	 0.03278	 0.03311	 0.03316	 0.03359	 0.03302
      63	 0.03156	 0.03157	 0.03189	 0.03204	 0.03131	 0.03172
      64	 0.03038	 0.03042	 0.03076	 0.03056	 0.02979	 0.03046
      65	 0.02926	 0.02964	 0.03013	  0.0292	  0.0285	 0.02922
      66	 0.02804	 0.02841	 0.02891	 0.02823	 0.02782	 0.02811
      67	 0.02694	 0.02716	 0.02747	 0.02707	 0.02643	 0.02698
      68	 0.02619	 0.02628	 0.02658	 0.02661	 0.02575	 0.02609
      69	 0.02532	 0.02524	 0.02569	 0.02507	 0.02467	 0.02511
      70	 0.02434	 0.02434	 0.02482	 0.02431	 0.02412	 0.02421
      71	 0.02361	  0.0237	 0.02383	 0.02331	 0.02349	 0.02343
      72	 0.02249	 0.02286	 0.02273	 0.02255	 0.02263	  0.0226
      73	 0.02169	 0.02189	 0.02185	 0.02171	 0.02179	 0.02169
      74	 0.02099	 0.02107	 0.02119	 0.02105	 0.02089	 0.02095
      75	 0.02039	 0.02037	 0.02045	 0.02035	 0.02018	 0.02023
      76	 0.01939	 0.01948	  0.0197	 0.01968	 0.01958	 0.01957
      77	 0.01897	 0.01894	 0.01901	 0.01906	  0.0195	 0.01899
      78	 0.01803	  0.0184	 0.01859	 0.01849	 0.01886	 0.01855
      79	 0.01785	 0.01801	 0.01815	 0.01828	 0.01851	 0.01819
      80	 0.01739	 0.01739	 0.01756	 0.01799	  0.0181	 0.01765
      81	 0.01686	  0.0169	 0.01683	 0.01745	 0.01776	 0.01716
      82	 0.01624	 0.01646	 0.01634	 0.01662	 0.01758	  0.0167
      83	 0.01576	 0.01584	 0.01589	 0.01623	 0.01647	 0.01618
      84	  0.0155	 0.01531	 0.01537	 0.01556	 0.01644	  0.0156
      85	  0.0151	 0.01503	 0.01498	 0.01536	 0.01544	 0.01523
      86	 0.01483	  0.0146	 0.01447	 0.01456	 0.01532	 0.01468
      87	  0.0143	 0.01426	 0.01416	  0.0138	 0.01422	 0.01418
      88	 0.01394	 0.01391	 0.01368	 0.01344	 0.01416	 0.01376
      89	 0.01368	 0.01355	 0.01348	 0.01323	  0.0136	 0.01346
      90	 0.01347	 0.01329	 0.01306	 0.01297	 0.01306	 0.01327
      91	  0.0131	 0.01299	 0.01281	 0.01275	 0.01289	   0.013
      92	 0.01266	 0.01276	 0.01253	 0.01258	 0.01249	 0.01268
      93	 0.01252	  0.0124	 0.01245	  0.0123	 0.01233	 0.01244
      94	 0.01224	 0.01227	 0.01212	 0.01202	 0.01233	 0.01223
      95	 0.01181	 0.01192	 0.01197	 0.01198	 0.01229	 0.01205
      96	 0.01172	 0.01179	 0.01164	 0.01193	 0.01261	 0.01191
      97	 0.01141	 0.01159	 0.01157	 0.01163	 0.01228	  0.0117
      98	 0.01128	 0.01141	 0.01132	  0.0116	 0.01191	 0.01161
      99	 0.01115	 0.01119	 0.01114	 0.01129	  0.0119	 0.01138
     100	 0.01092	 0.01099	 0.01101	 0.01106	 0.01182	 0.01121
     101	 0.01066	 0.01095	 0.01089	 0.01093	  0.0116	 0.01111
     102	 0.01059	 0.01073	 0.01073	 0.01081	 0.01125	 0.01097
     103	 0.01058	 0.01058	 0.01048	 0.01068	  0.0112	 0.01087
     104	 0.01045	 0.01049	 0.01051	 0.01059	 0.01114	 0.01079
     105	 0.01043	 0.01045	 0.01039	 0.01059	 0.01115	 0.01062
     106	 0.01028	 0.01036	 0.01032	 0.01045	 0.01075	 0.01052
     107	 0.01021	 0.01018	 0.01013	 0.01037	 0.01083	 0.01037
     108	 0.01003	 0.01014	  0.0101	 0.01031	 0.01058	 0.01029
     109	0.009958	 0.00996	0.009894	 0.01046	 0.01009	 0.01022
     110	0.009813	0.009809	0.009878	  0.0101	  0.0101	    0.01
     111	0.009797	0.009715	0.009751	0.009911	0.009808	0.009866
     112	0.009718	0.009694	0.009719	 0.00975	 0.01016	0.009782
     113	0.009506	0.009548	0.009568	0.009768	0.009843	0.009622
     114	0.009514	0.009505	0.009497	0.009489	0.009559	0.009519
     115	0.009433	0.009356	0.009423	 0.00942	0.009564	0.009418
     116	 0.00925	0.009275	0.009332	0.009411	0.009739	0.009397
     117	0.009286	0.009134	0.009141	0.009261	0.009762	  0.0093
     118	0.009201	0.009156	0.009085	0.009144	0.009654	0.009298
     119	0.009249	0.009055	0.009141	 0.00914	0.009576	0.009275
     120	0.009176	0.009053	0.009101	0.009121	0.009566	0.009283
     121	0.009088	0.009023	0.009019	0.009025	0.009329	0.009335
     122	0.009048	0.008967	 0.00891	0.008985	0.009412	0.009216
     123	0.009067	0.009018	0.008909	0.008941	0.009421	 0.00914
     124	0.009014	0.008972	0.008847	0.009028	0.009496	 0.00913
     125	0.008973	0.008976	 0.00891	0.008941	0.009056	 0.00911
     126	0.008971	0.008852	0.008922	0.009039	 0.00928	0.009113
     127	0.008917	0.008913	0.008798	0.008899	0.009253	0.009101
     128	0.008942	0.008891	0.008836	0.008912	 0.00927	0.009054
     129	0.008929	0.008847	0.008737	0.008818	0.009133	0.009053
     130	 0.00897	0.008876	0.008703	0.008818	0.009527	0.009065
     131	0.009033	0.008898	0.008773	0.008902	 0.00926	0.009058
     132	0.009075	0.008871	0.008723	0.008734	0.009951	0.009104
     133	 0.00903	0.008918	0.008702	 0.00867	0.009494	0.009136
     134	0.009018	0.008898	 0.00879	 0.00876	0.009631	0.009188
     135	0.009154	0.008908	0.008831	0.008761	0.009611	0.009327
     136	0.009106	0.008938	0.008853	0.008901	 0.01005	0.009311
     137	0.009127	0.008986	0.008848	0.008851	0.009679	0.009205
     138	0.009098	0.009002	0.008766	0.008713	0.009317	0.009091
     139	0.009053	0.008948	0.008786	0.008649	0.009059	0.009006
     140	0.009072	 0.00892	0.008752	0.008698	0.008815	0.008929
     141	0.009009	0.008918	0.008717	0.008588	0.008773	0.008913
     142	0.008908	0.008924	0.008666	0.008547	0.008829	0.008914
     143	0.009001	0.008892	0.008643	0.008561	0.008735	0.008929
     144	 0.00899	0.008758	0.008622	0.008682	0.008617	0.008861
     145	0.009012	0.008871	0.008707	0.008649	0.008873	0.008902
     146	 0.00902	0.008873	0.008702	 0.00864	0.008869	0.008901
     147	0.009029	0.008877	0.008698	0.008633	0.008867	  0.0089
     148	0.009039	 0.00888	0.008694	0.008626	0.008864	  0.0089
     149	0.009048	0.008884	0.008691	 0.00862	0.008862	  0.0089
     150	0.009058	0.008889	0.008688	0.008614	0.008861	  0.0089
     151	0.009068	0.008894	0.008685	0.008608	0.008859	0.008901
     152	0.009079	0.008899	0.008683	0.008603	0.008859	0.008902
     153	0.009089	0.008904	0.008681	0.008599	0.008858	0.008904
     154	0.009099	0.008909	 0.00868	0.008595	0.008858	0.008905
     155	0.009109	0.008914	0.008679	0.008591	0.008858	0.008907
     156	0.009119	 0.00892	0.008678	0.008587	0.008858	0.008909
     157	0.009129	0.008925	0.008677	0.008584	0.008859	0.008911
     158	0.009139	0.008931	0.008677	0.008581	0.008859	0.008913
     159	0.009149	0.008936	0.008677	0.008579	 0.00886	0.008916
     160	0.009158	0.008941	0.008676	0.008577	0.008861	0.008918
     161	0.009167	0.008947	0.008677	0.008574	0.008862	 0.00892
     162	0.009176	0.008952	0.008677	0.008572	0.008863	0.008923
     163	0.009185	0.008957	0.008677	0.008571	0.008864	0.008925
     164	0.009193	0.008962	0.008677	0.008569	0.008865	0.008928
     165	0.009201	0.008966	0.008678	0.008568	0.008866	 0.00893
     166	0.009208	0.008971	0.008678	0.008567	0.008867	0.008932
     167	0.009216	0.008975	0.008678	0.008565	0.008868	0.008934
     168	0.009222	0.008979	0.008679	0.008564	0.008869	0.008936
     169	0.009228	0.008983	0.008679	0.008564	 0.00887	0.008938
     170	0.009234	0.008986	 0.00868	0.008563	0.008871	 0.00894
     171	0.009239	0.008989	 0.00868	0.008562	0.008872	0.008942
     172	0.009244	0.008992	0.008681	0.008562	0.008873	0.008943
     173	0.009248	0.008995	0.008681	0.008561	0.008874	0.008945
     174	0.009252	0.008997	0.008681	0.008561	0.008874	0.008946
     175	0.009255	0.008999	0.008682	 0.00856	0.008875	0.008947
     176	0.009257	0.009001	0.008682	 0.00856	0.008875	0.008948
     177	0.009259	0.009002	0.008682	 0.00856	0.008876	0.008948
     178	0.009261	0.009003	0.008682	 0.00856	0.008876	0.008949
     179	0.009261	0.009003	0.008682	 0.00856	0.008876	0.008949
     180	0.009262	0.009003	0.008682	 0.00856	0.008876	0.008949
