/*
Scattering Phase Functions [1/sr] at 532 nm from LISST-VSF (SN 1475), Percentiles and mean
Volume scattering function corrected and extrapolated to 180ยบ following Koestner et al. 2018 

Dilution-corrected (if applicable) IOPs [1/m], Percentiles and mean;
bbp = 0.078082	0.121504	0.240993	0.540866	1.112009	0.437088
bp = 6.826123	8.367812	10.637149	13.949739	18.275925	11.728782
cp = 10.864609	15.001449	18.116071	21.089907	25.438577	18.312869

Lat, Lon = NaN, NaN
Date Time UTC = NaN
Depth = NaN m
SPM = 20.37 g/m3
POC/SPM = NaN 

Created by Daniel Koestner on 15-Jan-2024 15:28:33
Data Version: V4_10-Nov-2023

Column 1: Angle [deg]
Column 2: 10th Percentile Data
Column 3: 25th Percentile Data
Column 4: 50th Percentile Data
Column 5: 75th Percentile Data
Column 6: 90th Percentile Data
Column 7: Mean Data
*/
 0.08357	1.479e+04	1.497e+04	1.413e+04	1.302e+04	1.201e+04	1.325e+04
 0.09861	1.199e+04	1.214e+04	1.14e+04	1.052e+04	    9634	1.069e+04
  0.1164	    9166	    9265	    8643	    7988	    7243	    8111
  0.1373	    6517	    6531	    6061	    5602	    5006	    5681
  0.1621	    4431	    4365	    4059	    3722	    3275	    3781
  0.1912	    2933	    2836	    2658	    2396	    2083	    2448
  0.2257	    1990	    1908	    1793	    1588	    1376	    1636
  0.2663	    1374	    1326	    1233	    1089	   945.4	    1127
  0.3143	    1001	   963.2	   887.8	   784.9	   686.1	   815.3
  0.3708	   708.4	   684.5	   629.8	   552.5	   484.6	   577.6
  0.4376	   521.7	   494.6	   456.1	   398.1	   347.5	   417.9
  0.5164	   366.7	   345.6	   317.3	   275.8	   239.8	   290.4
  0.6094	   267.3	   247.5	   226.6	   198.3	   173.6	   209.5
  0.7191	   178.3	   169.2	   154.2	   134.4	   118.6	   142.1
  0.8486	   126.8	   120.4	   109.8	   96.57	   85.54	   101.7
   1.001	   87.19	    80.2	   74.49	   66.25	   58.46	   69.48
   1.182	   55.89	   54.51	    49.7	    43.4	      39	   45.49
   1.394	    42.9	   40.86	   37.38	   33.34	   29.26	    34.9
   1.645	   28.01	    27.7	   25.06	   22.09	   19.56	   23.11
   1.941	   21.42	   20.42	   18.86	   16.85	   14.75	   17.45
    2.29	   13.83	   13.68	   12.57	   11.03	   9.731	   11.58
   2.701	   10.97	   10.43	   9.589	    8.57	   7.526	   8.989
   3.185	   7.372	   7.262	   6.724	   5.892	   5.146	   6.153
   3.756	   5.987	   5.587	   5.315	   4.645	   4.081	   4.853
   4.428	   3.721	   3.594	   3.364	   2.976	   2.601	   3.086
   5.218	   2.807	   2.584	   2.451	   2.244	   2.021	   2.306
   6.146	   1.944	   1.865	   1.769	   1.591	   1.418	   1.655
   7.232	    1.45	   1.365	   1.304	   1.208	   1.041	   1.229
   8.502	    1.07	  0.9963	  0.9597	  0.8551	  0.7819	  0.8882
   9.981	   0.807	  0.7556	  0.7258	  0.7014	  0.6105	  0.6926
   11.69	  0.4701	  0.4904	  0.5095	  0.5042	  0.4761	   0.493
   13.67	  0.2764	  0.3205	  0.3597	  0.3645	  0.3728	  0.3529
      15	  0.2011	  0.2485	  0.2921	  0.3002	  0.3221	  0.2889
      16	   0.179	  0.2267	  0.2708	  0.2842	  0.2945	  0.2683
      17	  0.1587	  0.1976	  0.2333	  0.2573	  0.2815	  0.2439
      18	  0.1511	  0.1762	  0.1966	  0.2348	  0.2767	  0.2234
      19	   0.124	  0.1704	  0.1841	  0.2212	  0.2589	  0.2063
      20	  0.1084	  0.1424	  0.1696	  0.2003	  0.2318	  0.1877
      21	  0.1011	  0.1219	   0.152	  0.1834	  0.1995	  0.1632
      22	 0.08067	   0.105	  0.1324	  0.1601	  0.1731	  0.1454
      23	 0.07021	 0.09447	  0.1201	  0.1428	  0.1642	   0.131
      24	 0.06538	 0.08054	  0.1082	  0.1323	  0.1483	  0.1194
      25	  0.0595	 0.07132	 0.09186	  0.1306	   0.135	  0.1121
      26	 0.05133	 0.06096	 0.08479	  0.1227	  0.1346	   0.105
      27	 0.04686	 0.05527	 0.07842	  0.1046	  0.1327	 0.09734
      28	  0.0428	 0.05611	 0.07096	 0.09663	  0.1326	 0.09143
      29	 0.04341	 0.05053	 0.06488	 0.08509	  0.1201	  0.0832
      30	 0.04229	 0.04591	 0.06288	 0.08252	  0.1226	 0.07926
      31	 0.03665	 0.03969	 0.05691	 0.08052	  0.1149	 0.07353
      32	 0.03494	 0.04034	 0.05152	 0.07927	  0.1002	  0.0687
      33	  0.0312	 0.03717	 0.05061	 0.07249	 0.09193	 0.06396
      34	 0.02885	 0.03364	 0.04722	 0.06379	 0.08092	 0.05956
      35	 0.02728	 0.03228	 0.04168	 0.06154	  0.0767	 0.05626
      36	 0.02587	 0.02943	 0.04234	 0.06113	 0.06892	 0.05298
      37	 0.02432	 0.02561	 0.03906	   0.055	 0.05935	 0.04785
      38	 0.02229	 0.02533	 0.03698	 0.05139	 0.06126	 0.04546
      39	 0.02081	 0.02398	 0.03447	 0.04572	 0.06112	  0.0431
      40	 0.01811	 0.02027	 0.03449	 0.04815	 0.05231	  0.0408
      41	 0.01765	 0.02058	  0.0368	 0.04698	 0.04922	  0.0396
      42	 0.01752	 0.02132	 0.03443	 0.04398	 0.05093	 0.03838
      43	 0.01708	 0.02059	 0.03443	 0.04185	  0.0487	 0.03713
      44	 0.01754	 0.02013	  0.0309	 0.03962	 0.04911	 0.03587
      45	 0.01683	 0.01965	 0.02955	 0.03897	 0.04364	 0.03459
      46	 0.01472	 0.01774	 0.02495	 0.03983	 0.04274	 0.03329
      47	 0.01113	 0.01487	 0.02115	 0.03879	 0.04412	 0.03198
      48	 0.01006	 0.01563	 0.02134	  0.0352	 0.04225	 0.02998
      49	 0.01036	  0.0141	 0.01988	 0.02996	 0.04054	 0.02757
      50	 0.00915	 0.01344	 0.01771	 0.02733	 0.03365	 0.02491
      51	 0.00889	 0.01217	 0.01763	 0.02502	 0.03666	   0.024
      52	0.008687	 0.01032	 0.01792	 0.02632	 0.03643	 0.02366
      53	0.007715	 0.01088	 0.01942	 0.02487	 0.03732	  0.0234
      54	0.007551	 0.01018	 0.01897	 0.02467	 0.03596	  0.0235
      55	0.007221	 0.01043	 0.01731	 0.02698	 0.03864	 0.02433
      56	0.007294	 0.01037	 0.01566	  0.0267	 0.04219	 0.02505
      57	0.007208	0.009477	  0.0159	 0.02747	 0.03798	 0.02462
      58	 0.00652	0.008824	 0.01555	 0.02446	 0.03618	 0.02286
      59	0.006753	0.008688	 0.01513	 0.02307	 0.03566	 0.02199
      60	0.006111	0.008618	 0.01412	 0.02402	 0.03179	 0.02117
      61	0.005896	0.007841	 0.01414	 0.02477	 0.02995	 0.02083
      62	0.005672	0.007838	 0.01278	 0.02449	 0.03041	 0.01996
      63	0.005606	0.007455	 0.01168	 0.02181	 0.02725	 0.01766
      64	 0.00548	0.007165	 0.01082	 0.02358	 0.02799	 0.01751
      65	0.005234	0.006462	 0.01003	 0.02117	 0.02607	 0.01687
      66	 0.00508	0.006123	 0.01011	  0.0177	 0.02626	 0.01586
      67	 0.00477	0.006122	  0.0109	 0.01681	 0.02538	 0.01496
      68	0.004825	0.005721	0.008997	 0.01619	  0.0232	  0.0145
      69	0.004669	0.005473	 0.00931	 0.01421	 0.02384	 0.01422
      70	 0.00416	0.004945	0.008281	 0.01485	 0.02445	 0.01368
      71	0.004291	  0.0052	0.007092	 0.01437	 0.02175	 0.01339
      72	0.004345	0.005097	0.007892	 0.01455	 0.02046	 0.01358
      73	0.003999	0.004927	0.008144	 0.01393	 0.02026	 0.01336
      74	0.004244	0.004995	 0.00797	 0.01387	   0.021	 0.01322
      75	0.003377	0.005299	0.007485	 0.01344	 0.01972	  0.0126
      76	0.003096	0.005272	 0.00748	 0.01261	 0.01979	 0.01199
      77	0.003253	 0.00499	0.008031	 0.01109	 0.01795	 0.01132
      78	0.003291	0.005232	0.007042	 0.01257	 0.01653	 0.01095
      79	0.002931	0.004682	0.006382	 0.01137	 0.01527	 0.01074
      80	0.002826	0.004187	0.006623	 0.01108	 0.01537	 0.01056
      81	0.002895	0.004292	0.007373	 0.01116	 0.01468	 0.01062
      82	0.002853	0.004099	0.007237	 0.01042	 0.01638	 0.01029
      83	0.002982	0.003686	0.006846	0.009892	 0.01487	 0.01026
      84	0.002927	0.003735	0.006468	 0.01018	 0.01415	 0.01001
      85	0.003054	0.003843	0.006213	0.008503	 0.01403	0.009263
      86	  0.0028	0.003606	0.006221	0.009181	 0.01368	0.009195
      87	0.002656	0.003296	0.005875	0.009598	 0.01393	 0.00904
      88	 0.00273	0.003017	0.005936	0.009716	 0.01213	0.008865
      89	0.002442	 0.00311	0.005011	 0.00822	 0.01173	0.008303
      90	0.002581	 0.00266	0.005341	0.009114	 0.01197	0.007962
      91	0.002428	0.002835	0.005059	0.008258	 0.01345	0.007825
      92	0.002106	0.002983	0.005534	0.008147	 0.01267	0.008128
      93	0.002082	0.003001	 0.00526	0.007804	 0.01276	0.008085
      94	0.002073	0.002725	0.004593	0.007836	 0.01475	 0.00811
      95	0.002026	0.002864	0.004443	0.008155	 0.01502	0.008242
      96	0.002217	0.002927	0.004294	 0.00791	 0.01475	0.008156
      97	0.002143	0.002471	0.003862	0.007776	 0.01435	0.008075
      98	0.002027	0.002495	0.003827	0.007744	 0.01579	0.008036
      99	0.001879	0.002529	0.004006	0.008164	 0.01526	0.008044
     100	0.001847	0.002442	0.003959	 0.00729	 0.01517	0.007761
     101	0.001632	 0.00242	0.003758	0.006493	 0.01415	0.007412
     102	0.001717	 0.00237	0.003231	0.006697	 0.01157	0.006896
     103	0.001671	0.002214	0.003892	0.006848	 0.01028	0.006925
     104	0.001687	0.002272	0.003444	 0.00727	 0.01104	0.006923
     105	0.001641	 0.00213	0.003319	0.006196	 0.01017	0.006511
     106	0.001684	0.001886	 0.00311	0.006199	0.009462	0.006328
     107	0.001753	0.001883	0.003124	0.005722	0.007756	0.005883
     108	0.001852	0.002194	0.003313	0.005879	0.007724	0.005886
     109	0.001838	0.002063	0.003463	0.006126	0.008581	0.005713
     110	0.001719	0.002041	 0.00328	0.006092	0.009103	0.005443
     111	0.001806	0.002025	 0.00353	0.005584	0.008153	0.005515
     112	0.001644	0.002031	0.003456	0.005104	0.007752	0.005302
     113	0.001698	0.002057	0.002936	0.004752	0.007717	0.005058
     114	 0.00159	0.001967	0.002802	0.004531	0.007692	0.004926
     115	0.001662	0.002077	0.002904	 0.00489	0.007695	0.004997
     116	0.001687	 0.00208	 0.00302	 0.00518	0.008036	0.005159
     117	0.001665	0.001935	0.003158	0.004999	0.008528	0.005144
     118	0.001682	0.002014	0.003226	0.005073	0.009145	 0.00534
     119	0.001605	0.002068	0.003383	0.005904	0.008783	0.005435
     120	0.001652	0.002076	 0.00368	0.006247	 0.00833	0.005548
     121	0.001751	0.002132	  0.0038	0.006303	 0.00919	0.005619
     122	0.001616	 0.00212	0.003639	0.006293	0.009157	0.005662
     123	0.001647	0.001917	0.003709	0.006485	 0.01084	0.005891
     124	0.001687	0.002129	0.003621	0.006393	 0.01017	0.005792
     125	0.001763	0.002326	0.003695	0.006245	 0.01069	0.005762
     126	0.001706	0.002364	0.003471	0.006283	0.009405	0.005711
     127	0.001599	0.002441	0.003347	0.005807	 0.00904	0.005616
     128	0.001649	0.002571	0.003391	0.005626	0.009165	0.005582
     129	0.001628	 0.00232	0.003123	0.005456	0.009662	0.005621
     130	0.001606	0.002256	0.003378	 0.00548	    0.01	0.005786
     131	  0.0015	0.002356	0.003239	 0.00544	 0.00899	0.005592
     132	0.001684	0.002063	0.003294	0.005198	 0.00954	0.005455
     133	0.001622	0.001988	0.003406	0.005506	 0.00867	0.005405
     134	0.001716	0.002031	0.003541	0.005975	0.008036	0.005388
     135	0.001665	0.001978	0.003368	0.006354	 0.00761	0.005268
     136	0.001772	0.002163	0.003347	0.006492	0.007657	0.005127
     137	 0.00187	0.002254	0.003525	0.006321	0.007452	0.005069
     138	 0.00189	0.002465	0.003402	0.005911	0.008095	0.005086
     139	0.001833	0.002371	 0.00326	0.005624	0.007361	 0.00487
     140	0.001989	0.002339	0.003431	0.005285	0.007106	0.004743
     141	 0.00179	0.002353	0.003171	0.005014	0.006769	0.004585
     142	0.001914	0.002166	0.003412	 0.00482	0.006302	0.004442
     143	0.002035	0.002354	0.003475	0.004725	0.006306	0.004522
     144	0.001964	0.002381	0.003496	0.005127	0.006329	0.004648
     145	0.001927	0.002419	 0.00357	0.005121	0.006718	0.004821
     146	0.001936	 0.00243	0.003579	0.005129	 0.00671	0.004814
     147	0.001944	 0.00244	0.003589	0.005136	0.006702	0.004808
     148	0.001952	 0.00245	0.003599	0.005144	0.006695	0.004803
     149	 0.00196	 0.00246	0.003608	0.005152	0.006688	0.004798
     150	0.001969	 0.00247	0.003618	0.005161	0.006682	0.004793
     151	0.001977	 0.00248	0.003627	0.005169	0.006677	0.004789
     152	0.001985	 0.00249	0.003637	0.005177	0.006672	0.004785
     153	0.001992	  0.0025	0.003646	0.005185	0.006667	0.004781
     154	   0.002	0.002509	0.003655	0.005194	0.006663	0.004777
     155	0.002008	0.002518	0.003664	0.005202	0.006659	0.004774
     156	0.002015	0.002527	0.003673	 0.00521	0.006656	0.004771
     157	0.002022	0.002536	0.003682	0.005218	0.006653	0.004769
     158	0.002029	0.002545	 0.00369	0.005226	 0.00665	0.004766
     159	0.002035	0.002553	0.003698	0.005233	0.006648	0.004764
     160	0.002042	0.002561	0.003706	0.005241	0.006646	0.004762
     161	0.002048	0.002568	0.003714	0.005248	0.006644	 0.00476
     162	0.002054	0.002576	0.003721	0.005255	0.006642	0.004758
     163	 0.00206	0.002583	0.003728	0.005262	0.006641	0.004756
     164	0.002065	0.002589	0.003735	0.005268	0.006639	0.004755
     165	 0.00207	0.002596	0.003742	0.005274	0.006638	0.004754
     166	0.002075	0.002602	0.003748	 0.00528	0.006637	0.004752
     167	 0.00208	0.002607	0.003753	0.005286	0.006636	0.004751
     168	0.002084	0.002613	0.003759	0.005291	0.006635	 0.00475
     169	0.002088	0.002617	0.003764	0.005296	0.006635	0.004749
     170	0.002091	0.002622	0.003768	  0.0053	0.006634	0.004749
     171	0.002095	0.002626	0.003772	0.005304	0.006633	0.004748
     172	0.002098	 0.00263	0.003776	0.005308	0.006633	0.004747
     173	  0.0021	0.002633	0.003779	0.005311	0.006633	0.004747
     174	0.002103	0.002636	0.003782	0.005314	0.006632	0.004746
     175	0.002104	0.002638	0.003785	0.005316	0.006632	0.004746
     176	0.002106	 0.00264	0.003787	0.005318	0.006632	0.004746
     177	0.002107	0.002641	0.003788	 0.00532	0.006632	0.004745
     178	0.002108	0.002643	0.003789	0.005321	0.006632	0.004745
     179	0.002109	0.002643	 0.00379	0.005321	0.006632	0.004745
     180	0.002109	0.002643	 0.00379	0.005322	0.006632	0.004745
