/*
Particulate absorption and scattering spectra, normalized by SPM 
Scattering spectra from ac-s power-law fit 400–700 nm scaled by LISST-VSF scattering coefficient at 532 nm 
Total (a_p) and MeOH-extracted (a_d) absorption spectra based on measurements with GF/F inside integrating sphere
Lat, Lon = NaN, NaN
Date Time UTC = NaN
Depth = NaN m
SPM = 18.90 g/m3
POC = NaN mg/m3
PSD power-law exponent (~1.5–147 µm) = 3.55 
Scattering spectra power-law exponent (400–700 nm) = 0.559 

Created by Daniel Koestner on 10-Nov-2023 14:09:34
Data Version: V4_10-Nov-2023

Column 1: lambda[nm]
Column 2: a_p [m^2/g]
Column 3: a_d [m^2/g]
Column 4: b_p [m^2/g]
*/
     290	 0.03036	 0.03429	  0.7272
     291	  0.0295	 0.03351	  0.7258
     292	 0.02863	 0.03272	  0.7244
     293	 0.02777	 0.03194	  0.7231
     294	 0.02691	 0.03116	  0.7217
     295	 0.02608	 0.03039	  0.7203
     296	 0.02527	 0.02963	   0.719
     297	 0.02449	 0.02889	  0.7176
     298	 0.02374	 0.02816	  0.7163
     299	 0.02304	 0.02744	  0.7149
     300	 0.02237	 0.02672	  0.7136
     301	 0.02174	   0.026	  0.7123
     302	 0.02115	 0.02527	  0.7109
     303	 0.02061	 0.02452	  0.7096
     304	  0.0201	 0.02375	  0.7083
     305	 0.01962	 0.02295	   0.707
     306	 0.01918	 0.02213	  0.7057
     307	 0.01876	 0.02129	  0.7044
     308	 0.01837	 0.02044	  0.7032
     309	 0.01801	  0.0196	  0.7019
     310	 0.01767	 0.01878	  0.7006
     311	 0.01735	 0.01801	  0.6994
     312	 0.01705	 0.01728	  0.6981
     313	 0.01676	 0.01661	  0.6969
     314	 0.01649	 0.01601	  0.6956
     315	 0.01623	 0.01548	  0.6944
     316	 0.01598	   0.015	  0.6931
     317	 0.01573	 0.01458	  0.6919
     318	 0.01548	  0.0142	  0.6907
     319	 0.01522	 0.01385	  0.6895
     320	 0.01497	 0.01354	  0.6883
     321	 0.01472	 0.01325	  0.6871
     322	 0.01448	 0.01299	  0.6859
     323	 0.01425	 0.01275	  0.6847
     324	 0.01403	 0.01254	  0.6835
     325	 0.01383	 0.01235	  0.6823
     326	 0.01364	 0.01218	  0.6812
     327	 0.01347	 0.01203	    0.68
     328	 0.01331	 0.01189	  0.6788
     329	 0.01315	 0.01176	  0.6777
     330	 0.01301	 0.01163	  0.6765
     331	 0.01287	 0.01151	  0.6754
     332	 0.01273	  0.0114	  0.6743
     333	 0.01259	 0.01128	  0.6731
     334	 0.01245	 0.01117	   0.672
     335	 0.01231	 0.01105	  0.6709
     336	 0.01217	 0.01094	  0.6698
     337	 0.01203	 0.01084	  0.6687
     338	  0.0119	 0.01073	  0.6675
     339	 0.01176	 0.01063	  0.6664
     340	 0.01162	 0.01053	  0.6653
     341	 0.01148	 0.01043	  0.6643
     342	 0.01135	 0.01033	  0.6632
     343	 0.01122	 0.01023	  0.6621
     344	  0.0111	 0.01013	   0.661
     345	 0.01098	 0.01004	  0.6599
     346	 0.01087	0.009947	  0.6589
     347	 0.01075	0.009862	  0.6578
     348	 0.01064	0.009779	  0.6568
     349	 0.01053	0.009694	  0.6557
     350	 0.01041	0.009606	  0.6546
     351	 0.01029	0.009513	  0.6536
     352	 0.01017	0.009418	  0.6526
     353	 0.01005	0.009322	  0.6515
     354	0.009928	0.009227	  0.6505
     355	0.009812	0.009134	  0.6495
     356	  0.0097	0.009045	  0.6485
     357	0.009592	0.008959	  0.6474
     358	0.009486	0.008877	  0.6464
     359	 0.00938	0.008796	  0.6454
     360	0.009276	0.008717	  0.6444
     361	0.009172	0.008638	  0.6434
     362	0.009068	 0.00856	  0.6424
     363	0.008965	0.008481	  0.6414
     364	0.008862	0.008402	  0.6404
     365	0.008757	0.008321	  0.6395
     366	 0.00865	0.008237	  0.6385
     367	 0.00854	0.008148	  0.6375
     368	0.008424	0.008055	  0.6365
     369	0.008304	0.007957	  0.6356
     370	0.008181	0.007855	  0.6346
     371	0.008059	0.007753	  0.6337
     372	0.007942	0.007654	  0.6327
     373	0.007833	0.007561	  0.6318
     374	0.007734	0.007476	  0.6308
     375	0.007645	0.007399	  0.6299
     376	0.007565	0.007329	  0.6289
     377	0.007489	0.007262	   0.628
     378	0.007416	0.007196	  0.6271
     379	0.007342	0.007129	  0.6261
     380	0.007267	 0.00706	  0.6252
     381	0.007191	0.006989	  0.6243
     382	0.007115	0.006918	  0.6234
     383	0.007039	0.006847	  0.6225
     384	0.006963	0.006776	  0.6216
     385	0.006887	0.006705	  0.6207
     386	0.006808	0.006631	  0.6198
     387	0.006726	0.006554	  0.6189
     388	 0.00664	0.006474	   0.618
     389	0.006553	 0.00639	  0.6171
     390	0.006465	0.006307	  0.6162
     391	0.006379	0.006225	  0.6153
     392	0.006298	0.006148	  0.6145
     393	0.006223	0.006076	  0.6136
     394	0.006152	 0.00601	  0.6127
     395	0.006087	0.005948	  0.6118
     396	0.006025	0.005891	   0.611
     397	0.005967	0.005836	  0.6101
     398	0.005913	0.005785	  0.6093
     399	0.005863	0.005736	  0.6084
     400	0.005816	 0.00569	  0.6075
     401	0.005772	0.005645	  0.6067
     402	 0.00573	0.005601	  0.6059
     403	 0.00569	0.005558	   0.605
     404	 0.00565	0.005514	  0.6042
     405	0.005608	0.005468	  0.6033
     406	0.005564	 0.00542	  0.6025
     407	0.005518	0.005369	  0.6017
     408	0.005469	0.005317	  0.6009
     409	0.005419	0.005262	     0.6
     410	0.005369	0.005207	  0.5992
     411	0.005319	0.005153	  0.5984
     412	0.005271	0.005102	  0.5976
     413	0.005227	0.005053	  0.5968
     414	0.005185	0.005009	   0.596
     415	0.005146	0.004968	  0.5952
     416	0.005109	0.004931	  0.5944
     417	0.005071	0.004895	  0.5936
     418	0.005032	 0.00486	  0.5928
     419	0.004993	0.004825	   0.592
     420	0.004952	 0.00479	  0.5912
     421	 0.00491	0.004755	  0.5904
     422	0.004868	0.004719	  0.5896
     423	0.004825	0.004683	  0.5889
     424	0.004782	0.004648	  0.5881
     425	 0.00474	0.004614	  0.5873
     426	0.004699	0.004582	  0.5865
     427	 0.00466	0.004553	  0.5858
     428	0.004623	0.004527	   0.585
     429	0.004588	0.004502	  0.5842
     430	0.004552	0.004478	  0.5835
     431	0.004517	0.004452	  0.5827
     432	0.004479	0.004424	   0.582
     433	 0.00444	0.004393	  0.5812
     434	0.004399	0.004359	  0.5805
     435	0.004358	0.004325	  0.5797
     436	0.004317	0.004292	   0.579
     437	0.004279	0.004261	  0.5782
     438	0.004243	0.004232	  0.5775
     439	 0.00421	0.004206	  0.5768
     440	 0.00418	0.004182	   0.576
     441	0.004152	0.004159	  0.5753
     442	0.004125	0.004136	  0.5746
     443	  0.0041	0.004113	  0.5738
     444	0.004075	 0.00409	  0.5731
     445	 0.00405	0.004067	  0.5724
     446	0.004024	0.004044	  0.5717
     447	0.003997	0.004021	   0.571
     448	 0.00397	0.003998	  0.5702
     449	0.003942	0.003976	  0.5695
     450	0.003915	0.003955	  0.5688
     451	 0.00389	0.003935	  0.5681
     452	0.003866	0.003917	  0.5674
     453	0.003846	  0.0039	  0.5667
     454	0.003828	0.003885	   0.566
     455	0.003811	 0.00387	  0.5653
     456	0.003795	0.003855	  0.5646
     457	0.003779	0.003839	  0.5639
     458	0.003762	0.003822	  0.5632
     459	0.003744	0.003804	  0.5626
     460	0.003726	0.003786	  0.5619
     461	0.003707	0.003768	  0.5612
     462	0.003689	0.003751	  0.5605
     463	0.003672	0.003736	  0.5598
     464	0.003656	0.003723	  0.5592
     465	 0.00364	 0.00371	  0.5585
     466	0.003625	0.003698	  0.5578
     467	 0.00361	0.003686	  0.5572
     468	0.003594	0.003673	  0.5565
     469	0.003578	 0.00366	  0.5558
     470	0.003563	0.003647	  0.5552
     471	0.003547	0.003634	  0.5545
     472	0.003532	0.003622	  0.5538
     473	0.003517	0.003611	  0.5532
     474	0.003503	0.003601	  0.5525
     475	0.003489	0.003592	  0.5519
     476	0.003477	0.003584	  0.5512
     477	0.003466	0.003577	  0.5506
     478	0.003455	 0.00357	  0.5499
     479	0.003445	0.003563	  0.5493
     480	0.003434	0.003555	  0.5487
     481	0.003422	0.003546	   0.548
     482	 0.00341	0.003535	  0.5474
     483	0.003396	0.003523	  0.5468
     484	0.003381	0.003508	  0.5461
     485	0.003364	0.003491	  0.5455
     486	0.003346	0.003473	  0.5449
     487	0.003327	0.003454	  0.5442
     488	0.003308	0.003436	  0.5436
     489	0.003288	0.003419	   0.543
     490	0.003269	0.003405	  0.5424
     491	0.003251	0.003392	  0.5418
     492	0.003235	0.003381	  0.5411
     493	0.003219	0.003371	  0.5405
     494	0.003204	0.003361	  0.5399
     495	 0.00319	0.003349	  0.5393
     496	0.003176	0.003337	  0.5387
     497	 0.00316	0.003322	  0.5381
     498	0.003144	0.003306	  0.5375
     499	0.003126	0.003288	  0.5369
     500	0.003108	 0.00327	  0.5363
     501	0.003089	0.003252	  0.5357
     502	 0.00307	0.003235	  0.5351
     503	0.003052	0.003219	  0.5345
     504	0.003036	0.003205	  0.5339
     505	0.003021	0.003193	  0.5333
     506	0.003007	0.003182	  0.5327
     507	0.002994	0.003171	  0.5321
     508	0.002981	 0.00316	  0.5315
     509	0.002968	 0.00315	   0.531
     510	0.002955	 0.00314	  0.5304
     511	0.002944	 0.00313	  0.5298
     512	0.002933	 0.00312	  0.5292
     513	0.002924	0.003112	  0.5286
     514	0.002917	0.003104	  0.5281
     515	0.002911	0.003097	  0.5275
     516	0.002905	0.003091	  0.5269
     517	0.002899	0.003084	  0.5264
     518	0.002892	0.003078	  0.5258
     519	0.002883	0.003071	  0.5252
     520	0.002872	0.003063	  0.5246
     521	0.002859	0.003054	  0.5241
     522	0.002843	0.003043	  0.5235
     523	0.002827	 0.00303	   0.523
     524	0.002811	0.003017	  0.5224
     525	0.002795	0.003003	  0.5219
     526	0.002781	 0.00299	  0.5213
     527	0.002769	0.002977	  0.5207
     528	0.002758	0.002966	  0.5202
     529	0.002749	0.002955	  0.5196
     530	 0.00274	0.002944	  0.5191
     531	0.002731	0.002935	  0.5185
     532	0.002721	0.002925	   0.518
     533	 0.00271	0.002915	  0.5175
     534	0.002698	0.002905	  0.5169
     535	0.002686	0.002895	  0.5164
     536	0.002673	0.002885	  0.5158
     537	0.002661	0.002875	  0.5153
     538	 0.00265	0.002866	  0.5148
     539	0.002641	0.002859	  0.5142
     540	0.002634	0.002853	  0.5137
     541	0.002628	0.002848	  0.5132
     542	0.002623	0.002845	  0.5126
     543	0.002618	0.002842	  0.5121
     544	0.002613	0.002838	  0.5116
     545	0.002606	0.002833	  0.5111
     546	0.002598	0.002826	  0.5105
     547	 0.00259	0.002818	    0.51
     548	0.002581	0.002809	  0.5095
     549	0.002573	  0.0028	   0.509
     550	0.002566	0.002791	  0.5085
     551	 0.00256	0.002782	  0.5079
     552	0.002556	0.002774	  0.5074
     553	0.002553	0.002767	  0.5069
     554	 0.00255	 0.00276	  0.5064
     555	0.002547	0.002752	  0.5059
     556	0.002544	0.002744	  0.5054
     557	 0.00254	0.002735	  0.5049
     558	0.002534	0.002726	  0.5044
     559	0.002529	0.002716	  0.5039
     560	0.002523	0.002705	  0.5034
     561	0.002516	0.002694	  0.5029
     562	0.002508	0.002682	  0.5024
     563	  0.0025	0.002669	  0.5019
     564	 0.00249	0.002656	  0.5014
     565	0.002478	0.002643	  0.5009
     566	0.002466	 0.00263	  0.5004
     567	0.002454	0.002618	  0.4999
     568	0.002443	0.002608	  0.4994
     569	0.002434	  0.0026	  0.4989
     570	0.002426	0.002593	  0.4984
     571	0.002421	0.002588	  0.4979
     572	0.002416	0.002585	  0.4974
     573	0.002413	0.002582	  0.4969
     574	0.002409	0.002579	  0.4965
     575	0.002404	0.002575	   0.496
     576	0.002398	 0.00257	  0.4955
     577	0.002392	0.002563	   0.495
     578	0.002384	0.002555	  0.4945
     579	0.002376	0.002545	   0.494
     580	0.002368	0.002535	  0.4936
     581	 0.00236	0.002525	  0.4931
     582	0.002353	0.002517	  0.4926
     583	0.002347	0.002511	  0.4922
     584	0.002342	0.002507	  0.4917
     585	0.002339	0.002505	  0.4912
     586	0.002337	0.002505	  0.4907
     587	0.002336	0.002505	  0.4903
     588	0.002337	0.002506	  0.4898
     589	0.002338	0.002507	  0.4893
     590	 0.00234	0.002508	  0.4889
     591	0.002343	0.002509	  0.4884
     592	0.002347	0.002511	   0.488
     593	0.002351	0.002512	  0.4875
     594	0.002354	0.002513	   0.487
     595	0.002356	0.002514	  0.4866
     596	0.002358	0.002513	  0.4861
     597	0.002359	0.002512	  0.4857
     598	0.002359	0.002511	  0.4852
     599	 0.00236	0.002511	  0.4848
     600	 0.00236	0.002511	  0.4843
     601	 0.00236	0.002512	  0.4839
     602	0.002359	0.002512	  0.4834
     603	0.002357	0.002512	   0.483
     604	0.002354	0.002511	  0.4825
     605	0.002351	0.002508	  0.4821
     606	0.002346	0.002503	  0.4816
     607	 0.00234	0.002496	  0.4812
     608	0.002335	0.002488	  0.4807
     609	0.002329	0.002479	  0.4803
     610	0.002323	0.002469	  0.4798
     611	0.002317	0.002459	  0.4794
     612	0.002311	0.002448	   0.479
     613	0.002304	0.002438	  0.4785
     614	0.002297	0.002427	  0.4781
     615	 0.00229	0.002417	  0.4777
     616	0.002283	0.002409	  0.4772
     617	0.002279	0.002403	  0.4768
     618	0.002277	0.002399	  0.4764
     619	0.002278	0.002398	  0.4759
     620	0.002281	  0.0024	  0.4755
     621	0.002286	0.002404	  0.4751
     622	0.002292	0.002408	  0.4747
     623	0.002297	0.002412	  0.4742
     624	0.002301	0.002414	  0.4738
     625	0.002303	0.002413	  0.4734
     626	0.002304	0.002411	   0.473
     627	0.002304	0.002407	  0.4725
     628	0.002303	0.002403	  0.4721
     629	0.002301	0.002398	  0.4717
     630	0.002298	0.002392	  0.4713
     631	0.002295	0.002387	  0.4709
     632	 0.00229	0.002382	  0.4704
     633	0.002284	0.002376	    0.47
     634	0.002277	 0.00237	  0.4696
     635	0.002269	0.002363	  0.4692
     636	0.002261	0.002356	  0.4688
     637	0.002253	0.002348	  0.4684
     638	0.002245	0.002339	   0.468
     639	0.002238	 0.00233	  0.4675
     640	0.002232	0.002322	  0.4671
     641	0.002227	0.002315	  0.4667
     642	0.002222	0.002309	  0.4663
     643	0.002218	0.002305	  0.4659
     644	0.002214	0.002303	  0.4655
     645	0.002212	0.002301	  0.4651
     646	 0.00221	  0.0023	  0.4647
     647	0.002208	0.002301	  0.4643
     648	0.002206	0.002301	  0.4639
     649	0.002204	0.002301	  0.4635
     650	0.002202	0.002301	  0.4631
     651	0.002199	  0.0023	  0.4627
     652	0.002196	0.002299	  0.4623
     653	0.002191	0.002296	  0.4619
     654	0.002187	0.002292	  0.4615
     655	0.002183	0.002287	  0.4611
     656	 0.00218	0.002282	  0.4607
     657	0.002177	0.002277	  0.4603
     658	0.002175	0.002273	    0.46
     659	0.002175	 0.00227	  0.4596
     660	0.002174	0.002269	  0.4592
     661	0.002175	0.002268	  0.4588
     662	0.002175	0.002268	  0.4584
     663	0.002177	0.002269	   0.458
     664	 0.00218	 0.00227	  0.4576
     665	0.002185	0.002272	  0.4572
     666	0.002193	0.002274	  0.4569
     667	0.002202	0.002277	  0.4565
     668	0.002214	0.002279	  0.4561
     669	0.002225	0.002281	  0.4557
     670	0.002236	0.002282	  0.4553
     671	0.002245	0.002283	  0.4549
     672	0.002251	0.002281	  0.4546
     673	0.002252	0.002278	  0.4542
     674	 0.00225	0.002272	  0.4538
     675	0.002244	0.002265	  0.4534
     676	0.002235	0.002257	  0.4531
     677	0.002224	0.002248	  0.4527
     678	0.002212	 0.00224	  0.4523
     679	0.002201	0.002233	  0.4519
     680	0.002191	0.002228	  0.4516
     681	0.002183	0.002223	  0.4512
     682	0.002175	 0.00222	  0.4508
     683	0.002168	0.002217	  0.4505
     684	0.002162	0.002215	  0.4501
     685	0.002156	0.002213	  0.4497
     686	0.002149	0.002212	  0.4494
     687	0.002142	 0.00221	   0.449
     688	0.002135	0.002208	  0.4486
     689	0.002127	0.002205	  0.4483
     690	0.002119	0.002199	  0.4479
     691	0.002111	0.002191	  0.4475
     692	0.002103	0.002181	  0.4472
     693	0.002093	0.002169	  0.4468
     694	0.002083	0.002155	  0.4465
     695	 0.00207	 0.00214	  0.4461
     696	0.002057	0.002124	  0.4457
     697	0.002043	0.002109	  0.4454
     698	0.002028	0.002094	   0.445
     699	0.002014	0.002079	  0.4447
     700	0.002002	0.002065	  0.4443
     701	0.001992	0.002052	   0.444
     702	0.001983	 0.00204	  0.4436
     703	0.001976	0.002028	  0.4432
     704	0.001971	0.002017	  0.4429
     705	0.001966	0.002007	  0.4425
     706	0.001961	0.001998	  0.4422
     707	0.001957	0.001991	  0.4418
     708	0.001952	0.001984	  0.4415
     709	0.001948	 0.00198	  0.4411
     710	0.001946	0.001978	  0.4408
     711	0.001944	0.001979	  0.4405
     712	0.001943	0.001983	  0.4401
     713	0.001943	0.001988	  0.4398
     714	0.001943	0.001993	  0.4394
     715	0.001943	0.001997	  0.4391
     716	0.001942	0.001999	  0.4387
     717	0.001941	0.001998	  0.4384
     718	0.001938	0.001993	   0.438
     719	0.001934	0.001985	  0.4377
     720	0.001931	0.001977	  0.4374
     721	0.001929	0.001969	   0.437
     722	0.001929	0.001964	  0.4367
     723	0.001932	0.001962	  0.4363
     724	0.001939	0.001963	   0.436
     725	0.001948	0.001967	  0.4357
     726	0.001958	0.001971	  0.4353
     727	0.001968	0.001975	   0.435
     728	0.001977	0.001977	  0.4347
     729	0.001982	0.001975	  0.4343
     730	0.001983	0.001969	   0.434
     731	 0.00198	0.001961	  0.4337
     732	0.001974	0.001951	  0.4333
     733	0.001966	0.001942	   0.433
     734	0.001959	0.001935	  0.4327
     735	0.001953	 0.00193	  0.4324
     736	 0.00195	0.001928	   0.432
     737	0.001948	0.001927	  0.4317
     738	0.001947	0.001925	  0.4314
     739	0.001945	 0.00192	   0.431
     740	0.001941	0.001912	  0.4307
     741	0.001935	0.001901	  0.4304
     742	0.001926	0.001889	  0.4301
     743	0.001914	0.001877	  0.4297
     744	0.001901	0.001865	  0.4294
     745	0.001887	0.001856	  0.4291
     746	0.001872	0.001848	  0.4288
     747	0.001859	0.001842	  0.4285
     748	0.001847	0.001837	  0.4281
     749	0.001839	0.001834	  0.4278
     750	0.001834	0.001833	  0.4275
     751	0.001834	0.001833	  0.4272
     752	0.001837	0.001834	  0.4269
     753	0.001844	0.001836	  0.4265
     754	0.001852	0.001839	  0.4262
     755	 0.00186	0.001842	  0.4259
     756	0.001868	0.001845	  0.4256
     757	0.001875	0.001849	  0.4253
     758	0.001879	0.001852	   0.425
     759	0.001881	0.001854	  0.4247
     760	0.001878	0.001855	  0.4243
     761	0.001872	0.001853	   0.424
     762	0.001863	0.001848	  0.4237
     763	0.001854	 0.00184	  0.4234
     764	0.001844	0.001831	  0.4231
     765	0.001837	0.001821	  0.4228
     766	0.001833	0.001813	  0.4225
     767	0.001831	0.001808	  0.4222
     768	 0.00183	0.001805	  0.4219
     769	0.001828	0.001803	  0.4216
     770	0.001823	  0.0018	  0.4213
     771	0.001813	0.001793	  0.4209
     772	0.001797	 0.00178	  0.4206
     773	0.001777	0.001761	  0.4203
     774	0.001754	0.001737	    0.42
     775	 0.00173	 0.00171	  0.4197
     776	0.001709	0.001683	  0.4194
     777	0.001692	0.001661	  0.4191
     778	0.001679	0.001644	  0.4188
     779	0.001668	0.001634	  0.4185
     780	 0.00166	0.001628	  0.4182
     781	0.001651	0.001625	  0.4179
     782	0.001643	0.001625	  0.4176
     783	0.001634	0.001625	  0.4173
     784	0.001628	0.001627	   0.417
     785	0.001624	 0.00163	  0.4167
     786	0.001623	0.001634	  0.4164
     787	0.001625	0.001637	  0.4161
     788	0.001629	0.001641	  0.4158
     789	0.001634	0.001643	  0.4155
     790	0.001637	0.001643	  0.4153
     791	 0.00164	0.001643	   0.415
     792	 0.00164	0.001642	  0.4147
     793	0.001638	0.001642	  0.4144
     794	0.001636	0.001644	  0.4141
     795	0.001633	0.001649	  0.4138
     796	0.001631	0.001656	  0.4135
     797	0.001629	0.001663	  0.4132
     798	0.001631	 0.00167	  0.4129
     799	0.001636	0.001677	  0.4126
     800	0.001645	0.001684	  0.4123
     801	0.001659	0.001692	  0.4121
     802	0.001677	  0.0017	  0.4118
     803	0.001695	0.001709	  0.4115
     804	 0.00171	0.001717	  0.4112
     805	0.001717	0.001721	  0.4109
     806	0.001714	0.001718	  0.4106
     807	  0.0017	0.001706	  0.4103
     808	0.001676	0.001687	  0.4101
     809	0.001644	0.001661	  0.4098
     810	 0.00161	0.001632	  0.4095
     811	0.001577	0.001605	  0.4092
     812	 0.00155	0.001581	  0.4089
     813	0.001532	0.001563	  0.4086
     814	0.001523	0.001553	  0.4084
     815	0.001524	 0.00155	  0.4081
     816	0.001533	0.001554	  0.4078
     817	0.001548	0.001562	  0.4075
     818	0.001568	0.001574	  0.4072
     819	0.001579	0.001581	   0.407
     820	 0.00159	0.001588	  0.4067
     821	0.001609	0.001602	  0.4064
     822	 0.00162	 0.00161	  0.4061
     823	0.001622	0.001609	  0.4059
     824	0.001614	0.001599	  0.4056
     825	0.001596	0.001578	  0.4053
     826	0.001572	0.001549	   0.405
     827	0.001545	0.001516	  0.4048
     828	0.001522	0.001486	  0.4045
     829	0.001506	0.001466	  0.4042
     830	0.001503	0.001462	  0.4039
     831	0.001514	0.001478	  0.4037
     832	0.001539	0.001514	  0.4034
     833	0.001574	0.001564	  0.4031
     834	0.001611	0.001619	  0.4029
     835	0.001643	0.001668	  0.4026
     836	0.001662	  0.0017	  0.4023
     837	0.001664	0.001707	   0.402
     838	0.001647	0.001689	  0.4018
     839	0.001614	0.001646	  0.4015
     840	0.001567	0.001585	  0.4012
     841	0.001515	0.001516	   0.401
     842	0.001466	0.001452	  0.4007
     843	0.001425	  0.0014	  0.4004
     844	0.001397	0.001368	  0.4002
     845	0.001386	0.001357	  0.3999
     846	0.001389	0.001362	  0.3997
     847	0.001402	0.001376	  0.3994
     848	0.001423	0.001392	  0.3991
     849	0.001447	0.001407	  0.3989
     850	0.001475	0.001422	  0.3986
