/*
Particulate absorption and scattering spectra, normalized by SPM 
Scattering spectra from ac-s power-function fit 400-700 nm scaled by LISST-VSF scattering coefficient at 532 nm 
Total (a_p) and MeOH-extracted (a_d) absorption spectra from UV/VIS spectrophotometer measurements with GF/F filter inside 15-cm integrating sphere
Correction for filter-pad pathlength amplification from Stramski et al. 2015 

Lat, Lon = 70.596, -149.036
Date Time UTC = 11-Aug-2019 01:18:14
Depth = 2.3 m
SPM = 2.06 g/m3
POC = 156.38 mg/m3
PSD power-law exponent (~1.5-147 µm) = 4.33 
Scattering spectra power-function exponent (400-700 nm) = 0.435 

Created by Daniel Koestner on 15-Jan-2024 15:28:37
Data Version: V4_10-Nov-2023

Column 1: wavelength [nm]
Column 2: a_p [m^2/g]
Column 3: a_d [m^2/g]
Column 4: b_p [m^2/g]
*/
     290	  0.2355	  0.1656	   1.205
     291	  0.2358	  0.1647	   1.203
     292	  0.2353	  0.1637	   1.202
     293	  0.2346	  0.1627	     1.2
     294	  0.2333	  0.1616	   1.198
     295	  0.2317	  0.1605	   1.196
     296	  0.2298	  0.1594	   1.194
     297	  0.2279	  0.1583	   1.193
     298	   0.226	  0.1572	   1.191
     299	  0.2243	  0.1561	   1.189
     300	  0.2228	  0.1551	   1.188
     301	  0.2215	  0.1543	   1.186
     302	  0.2204	  0.1535	   1.184
     303	  0.2194	  0.1527	   1.182
     304	  0.2183	  0.1519	   1.181
     305	  0.2171	  0.1511	   1.179
     306	  0.2158	  0.1501	   1.177
     307	  0.2143	   0.149	   1.176
     308	  0.2128	  0.1479	   1.174
     309	  0.2112	  0.1468	   1.172
     310	  0.2096	  0.1457	   1.171
     311	  0.2082	  0.1447	   1.169
     312	  0.2069	  0.1438	   1.167
     313	  0.2058	   0.143	   1.166
     314	  0.2049	  0.1423	   1.164
     315	   0.204	  0.1416	   1.163
     316	  0.2032	  0.1409	   1.161
     317	  0.2023	  0.1401	   1.159
     318	  0.2014	  0.1392	   1.158
     319	  0.2004	  0.1383	   1.156
     320	  0.1993	  0.1373	   1.155
     321	  0.1983	  0.1364	   1.153
     322	  0.1972	  0.1356	   1.152
     323	  0.1962	  0.1349	    1.15
     324	  0.1953	  0.1343	   1.148
     325	  0.1944	  0.1338	   1.147
     326	  0.1934	  0.1333	   1.145
     327	  0.1924	  0.1328	   1.144
     328	  0.1914	  0.1321	   1.142
     329	  0.1902	  0.1315	   1.141
     330	  0.1891	  0.1307	   1.139
     331	   0.188	  0.1301	   1.138
     332	   0.187	  0.1294	   1.136
     333	  0.1861	  0.1289	   1.135
     334	  0.1853	  0.1285	   1.133
     335	  0.1846	  0.1283	   1.132
     336	  0.1841	  0.1281	    1.13
     337	  0.1836	   0.128	   1.129
     338	  0.1831	  0.1278	   1.127
     339	  0.1826	  0.1275	   1.126
     340	  0.1819	  0.1271	   1.125
     341	   0.181	  0.1266	   1.123
     342	    0.18	  0.1259	   1.122
     343	  0.1789	  0.1251	    1.12
     344	  0.1776	  0.1243	   1.119
     345	  0.1764	  0.1235	   1.117
     346	  0.1751	  0.1227	   1.116
     347	  0.1738	   0.122	   1.115
     348	  0.1725	  0.1213	   1.113
     349	  0.1713	  0.1206	   1.112
     350	  0.1701	    0.12	   1.111
     351	  0.1691	  0.1194	   1.109
     352	  0.1682	  0.1188	   1.108
     353	  0.1675	  0.1183	   1.106
     354	  0.1669	  0.1177	   1.105
     355	  0.1664	  0.1172	   1.104
     356	  0.1658	  0.1165	   1.102
     357	  0.1652	  0.1158	   1.101
     358	  0.1644	  0.1151	     1.1
     359	  0.1635	  0.1143	   1.098
     360	  0.1625	  0.1136	   1.097
     361	  0.1614	  0.1128	   1.096
     362	  0.1604	  0.1122	   1.094
     363	  0.1594	  0.1116	   1.093
     364	  0.1585	  0.1111	   1.092
     365	  0.1576	  0.1106	    1.09
     366	  0.1567	    0.11	   1.089
     367	  0.1558	  0.1094	   1.088
     368	  0.1548	  0.1088	   1.087
     369	  0.1538	  0.1082	   1.085
     370	  0.1528	  0.1075	   1.084
     371	  0.1518	  0.1069	   1.083
     372	  0.1508	  0.1064	   1.081
     373	  0.1499	  0.1058	    1.08
     374	   0.149	  0.1051	   1.079
     375	  0.1481	  0.1044	   1.078
     376	  0.1473	  0.1035	   1.076
     377	  0.1464	  0.1026	   1.075
     378	  0.1456	  0.1016	   1.074
     379	  0.1448	  0.1007	   1.073
     380	   0.144	  0.0998	   1.071
     381	  0.1431	 0.09896	    1.07
     382	  0.1421	 0.09815	   1.069
     383	  0.1411	 0.09736	   1.068
     384	    0.14	 0.09654	   1.067
     385	  0.1389	  0.0957	   1.065
     386	  0.1377	 0.09484	   1.064
     387	  0.1366	 0.09401	   1.063
     388	  0.1354	 0.09322	   1.062
     389	  0.1344	  0.0925	   1.061
     390	  0.1334	 0.09188	   1.059
     391	  0.1325	 0.09134	   1.058
     392	  0.1316	 0.09084	   1.057
     393	  0.1307	 0.09036	   1.056
     394	  0.1298	 0.08985	   1.055
     395	  0.1289	 0.08927	   1.054
     396	   0.128	 0.08861	   1.052
     397	  0.1271	 0.08789	   1.051
     398	  0.1262	 0.08715	    1.05
     399	  0.1254	 0.08643	   1.049
     400	  0.1246	 0.08578	   1.048
     401	   0.124	  0.0852	   1.047
     402	  0.1234	  0.0847	   1.046
     403	  0.1228	 0.08424	   1.044
     404	  0.1222	 0.08377	   1.043
     405	  0.1215	 0.08327	   1.042
     406	  0.1207	 0.08273	   1.041
     407	  0.1199	 0.08216	    1.04
     408	  0.1192	 0.08157	   1.039
     409	  0.1185	 0.08098	   1.038
     410	  0.1178	  0.0804	   1.037
     411	  0.1172	 0.07981	   1.036
     412	  0.1166	 0.07923	   1.034
     413	   0.116	 0.07864	   1.033
     414	  0.1153	 0.07805	   1.032
     415	  0.1147	 0.07749	   1.031
     416	  0.1141	 0.07697	    1.03
     417	  0.1134	 0.07649	   1.029
     418	  0.1128	 0.07607	   1.028
     419	  0.1121	 0.07567	   1.027
     420	  0.1114	 0.07525	   1.026
     421	  0.1106	  0.0748	   1.025
     422	  0.1099	 0.07429	   1.024
     423	  0.1091	 0.07369	   1.023
     424	  0.1083	   0.073	   1.022
     425	  0.1075	 0.07223	   1.021
     426	  0.1066	 0.07141	    1.02
     427	  0.1058	 0.07054	   1.019
     428	  0.1049	 0.06968	   1.017
     429	  0.1041	 0.06886	   1.016
     430	  0.1034	 0.06809	   1.015
     431	  0.1026	 0.06741	   1.014
     432	  0.1019	  0.0668	   1.013
     433	  0.1012	 0.06627	   1.012
     434	  0.1006	  0.0658	   1.011
     435	 0.09993	 0.06537	    1.01
     436	  0.0993	 0.06497	   1.009
     437	 0.09868	 0.06459	   1.008
     438	 0.09808	 0.06424	   1.007
     439	 0.09748	  0.0639	   1.006
     440	 0.09686	 0.06355	   1.005
     441	  0.0962	 0.06317	   1.004
     442	 0.09548	 0.06274	   1.003
     443	 0.09468	 0.06223	   1.002
     444	  0.0938	 0.06166	   1.001
     445	 0.09286	 0.06101	       1
     446	 0.09189	 0.06033	  0.9994
     447	 0.09092	 0.05965	  0.9984
     448	    0.09	 0.05901	  0.9975
     449	 0.08914	 0.05842	  0.9965
     450	 0.08838	  0.0579	  0.9955
     451	 0.08769	 0.05744	  0.9946
     452	 0.08707	 0.05703	  0.9936
     453	 0.08651	 0.05665	  0.9927
     454	 0.08597	 0.05629	  0.9917
     455	 0.08545	 0.05596	  0.9908
     456	 0.08495	 0.05565	  0.9898
     457	 0.08446	 0.05536	  0.9889
     458	 0.08398	  0.0551	  0.9879
     459	 0.08351	 0.05485	   0.987
     460	 0.08304	  0.0546	  0.9861
     461	 0.08256	 0.05432	  0.9851
     462	 0.08208	 0.05402	  0.9842
     463	 0.08159	 0.05369	  0.9833
     464	 0.08111	 0.05335	  0.9824
     465	 0.08064	 0.05302	  0.9814
     466	 0.08019	  0.0527	  0.9805
     467	 0.07976	 0.05241	  0.9796
     468	 0.07935	 0.05213	  0.9787
     469	 0.07894	 0.05186	  0.9778
     470	 0.07852	 0.05159	  0.9769
     471	  0.0781	 0.05132	   0.976
     472	 0.07767	 0.05105	  0.9751
     473	 0.07725	 0.05079	  0.9742
     474	 0.07683	 0.05054	  0.9733
     475	 0.07643	 0.05031	  0.9724
     476	 0.07604	 0.05008	  0.9715
     477	 0.07564	 0.04985	  0.9706
     478	 0.07522	  0.0496	  0.9697
     479	 0.07476	 0.04933	  0.9689
     480	 0.07425	 0.04904	   0.968
     481	  0.0737	 0.04873	  0.9671
     482	 0.07311	 0.04843	  0.9662
     483	 0.07251	 0.04813	  0.9654
     484	 0.07191	 0.04785	  0.9645
     485	 0.07133	 0.04759	  0.9636
     486	 0.07079	 0.04735	  0.9628
     487	 0.07029	 0.04713	  0.9619
     488	 0.06983	 0.04693	   0.961
     489	 0.06938	 0.04674	  0.9602
     490	 0.06894	 0.04656	  0.9593
     491	 0.06849	 0.04637	  0.9585
     492	 0.06801	 0.04617	  0.9576
     493	 0.06751	 0.04594	  0.9568
     494	 0.06698	  0.0457	  0.9559
     495	 0.06644	 0.04543	  0.9551
     496	 0.06589	 0.04514	  0.9543
     497	 0.06536	 0.04485	  0.9534
     498	 0.06484	 0.04455	  0.9526
     499	 0.06433	 0.04426	  0.9518
     500	 0.06381	 0.04398	  0.9509
     501	 0.06326	  0.0437	  0.9501
     502	 0.06269	 0.04342	  0.9493
     503	 0.06208	 0.04313	  0.9485
     504	 0.06145	 0.04283	  0.9477
     505	 0.06082	 0.04254	  0.9468
     506	 0.06021	 0.04225	   0.946
     507	 0.05964	 0.04197	  0.9452
     508	 0.05912	 0.04171	  0.9444
     509	 0.05865	 0.04148	  0.9436
     510	 0.05822	 0.04126	  0.9428
     511	 0.05781	 0.04106	   0.942
     512	 0.05742	 0.04086	  0.9412
     513	 0.05702	 0.04065	  0.9404
     514	 0.05661	 0.04042	  0.9396
     515	  0.0562	 0.04019	  0.9388
     516	 0.05577	 0.03995	   0.938
     517	 0.05534	 0.03971	  0.9372
     518	 0.05492	 0.03948	  0.9364
     519	 0.05449	 0.03924	  0.9356
     520	 0.05407	 0.03901	  0.9349
     521	 0.05365	 0.03876	  0.9341
     522	 0.05322	 0.03849	  0.9333
     523	 0.05279	 0.03821	  0.9325
     524	 0.05236	 0.03793	  0.9317
     525	 0.05194	 0.03765	   0.931
     526	 0.05153	 0.03739	  0.9302
     527	 0.05113	 0.03715	  0.9294
     528	 0.05073	 0.03693	  0.9287
     529	 0.05033	 0.03673	  0.9279
     530	 0.04992	 0.03654	  0.9271
     531	 0.04952	 0.03637	  0.9264
     532	 0.04912	  0.0362	  0.9256
     533	 0.04874	 0.03604	  0.9249
     534	 0.04838	 0.03588	  0.9241
     535	 0.04804	 0.03572	  0.9234
     536	 0.04773	 0.03556	  0.9226
     537	 0.04743	 0.03538	  0.9219
     538	 0.04713	 0.03519	  0.9211
     539	 0.04684	 0.03499	  0.9204
     540	 0.04655	 0.03479	  0.9196
     541	 0.04624	 0.03459	  0.9189
     542	 0.04594	 0.03439	  0.9182
     543	 0.04563	 0.03421	  0.9174
     544	 0.04531	 0.03402	  0.9167
     545	 0.04499	 0.03384	   0.916
     546	 0.04465	 0.03364	  0.9152
     547	  0.0443	 0.03343	  0.9145
     548	 0.04391	 0.03321	  0.9138
     549	 0.04351	 0.03297	  0.9131
     550	  0.0431	 0.03272	  0.9123
     551	  0.0427	 0.03248	  0.9116
     552	 0.04234	 0.03226	  0.9109
     553	 0.04204	 0.03208	  0.9102
     554	  0.0418	 0.03193	  0.9095
     555	 0.04161	 0.03182	  0.9087
     556	 0.04147	 0.03173	   0.908
     557	 0.04136	 0.03167	  0.9073
     558	 0.04124	  0.0316	  0.9066
     559	 0.04112	 0.03154	  0.9059
     560	 0.04098	 0.03148	  0.9052
     561	 0.04083	 0.03142	  0.9045
     562	 0.04068	 0.03136	  0.9038
     563	 0.04052	  0.0313	  0.9031
     564	 0.04037	 0.03125	  0.9024
     565	 0.04022	 0.03119	  0.9017
     566	 0.04007	 0.03113	   0.901
     567	 0.03992	 0.03105	  0.9003
     568	 0.03976	 0.03097	  0.8996
     569	 0.03961	 0.03087	   0.899
     570	 0.03945	 0.03077	  0.8983
     571	 0.03929	 0.03067	  0.8976
     572	 0.03914	 0.03057	  0.8969
     573	 0.03898	 0.03046	  0.8962
     574	 0.03882	 0.03034	  0.8955
     575	 0.03864	 0.03021	  0.8949
     576	 0.03846	 0.03007	  0.8942
     577	 0.03827	 0.02992	  0.8935
     578	 0.03809	 0.02977	  0.8928
     579	 0.03792	 0.02963	  0.8922
     580	 0.03777	 0.02951	  0.8915
     581	 0.03763	  0.0294	  0.8908
     582	 0.03749	  0.0293	  0.8902
     583	 0.03736	  0.0292	  0.8895
     584	 0.03721	 0.02908	  0.8888
     585	 0.03706	 0.02896	  0.8882
     586	  0.0369	 0.02882	  0.8875
     587	 0.03674	 0.02867	  0.8869
     588	 0.03658	 0.02851	  0.8862
     589	 0.03642	 0.02837	  0.8855
     590	 0.03628	 0.02823	  0.8849
     591	 0.03614	 0.02809	  0.8842
     592	 0.03601	 0.02797	  0.8836
     593	 0.03588	 0.02785	  0.8829
     594	 0.03575	 0.02775	  0.8823
     595	 0.03563	 0.02766	  0.8817
     596	 0.03551	 0.02758	   0.881
     597	  0.0354	 0.02752	  0.8804
     598	 0.03528	 0.02747	  0.8797
     599	 0.03517	 0.02744	  0.8791
     600	 0.03505	  0.0274	  0.8785
     601	 0.03492	 0.02737	  0.8778
     602	  0.0348	 0.02733	  0.8772
     603	 0.03469	 0.02728	  0.8765
     604	 0.03459	 0.02724	  0.8759
     605	  0.0345	 0.02719	  0.8753
     606	 0.03443	 0.02714	  0.8747
     607	 0.03438	  0.0271	   0.874
     608	 0.03433	 0.02706	  0.8734
     609	 0.03428	 0.02701	  0.8728
     610	 0.03421	 0.02696	  0.8722
     611	 0.03414	  0.0269	  0.8715
     612	 0.03405	 0.02682	  0.8709
     613	 0.03396	 0.02674	  0.8703
     614	 0.03385	 0.02664	  0.8697
     615	 0.03374	 0.02654	  0.8691
     616	 0.03362	 0.02641	  0.8685
     617	 0.03349	 0.02628	  0.8678
     618	 0.03336	 0.02613	  0.8672
     619	 0.03321	 0.02598	  0.8666
     620	 0.03307	 0.02582	   0.866
     621	 0.03294	 0.02569	  0.8654
     622	 0.03282	 0.02557	  0.8648
     623	 0.03272	 0.02549	  0.8642
     624	 0.03264	 0.02543	  0.8636
     625	 0.03257	  0.0254	   0.863
     626	 0.03252	 0.02537	  0.8624
     627	 0.03248	 0.02534	  0.8618
     628	 0.03244	 0.02531	  0.8612
     629	 0.03241	 0.02528	  0.8606
     630	 0.03238	 0.02524	    0.86
     631	 0.03235	 0.02522	  0.8594
     632	 0.03231	 0.02521	  0.8588
     633	 0.03226	 0.02521	  0.8582
     634	 0.03219	 0.02522	  0.8576
     635	 0.03212	 0.02523	  0.8571
     636	 0.03203	 0.02522	  0.8565
     637	 0.03193	 0.02518	  0.8559
     638	 0.03182	 0.02511	  0.8553
     639	 0.03172	 0.02501	  0.8547
     640	 0.03162	 0.02489	  0.8541
     641	 0.03153	 0.02476	  0.8536
     642	 0.03146	 0.02465	   0.853
     643	 0.03139	 0.02457	  0.8524
     644	 0.03134	 0.02452	  0.8518
     645	 0.03131	  0.0245	  0.8513
     646	 0.03128	  0.0245	  0.8507
     647	 0.03126	 0.02452	  0.8501
     648	 0.03124	 0.02452	  0.8495
     649	  0.0312	 0.02449	   0.849
     650	 0.03114	 0.02442	  0.8484
     651	 0.03105	 0.02432	  0.8478
     652	 0.03095	 0.02419	  0.8473
     653	 0.03085	 0.02405	  0.8467
     654	 0.03074	  0.0239	  0.8461
     655	 0.03066	 0.02376	  0.8456
     656	 0.03059	 0.02363	   0.845
     657	 0.03056	  0.0235	  0.8445
     658	 0.03056	 0.02339	  0.8439
     659	 0.03059	 0.02327	  0.8433
     660	 0.03065	 0.02316	  0.8428
     661	 0.03072	 0.02306	  0.8422
     662	 0.03081	 0.02296	  0.8417
     663	  0.0309	 0.02288	  0.8411
     664	 0.03101	 0.02281	  0.8406
     665	 0.03112	 0.02275	    0.84
     666	 0.03123	  0.0227	  0.8395
     667	 0.03134	 0.02267	  0.8389
     668	 0.03144	 0.02264	  0.8384
     669	 0.03153	 0.02262	  0.8378
     670	  0.0316	  0.0226	  0.8373
     671	 0.03165	  0.0226	  0.8367
     672	 0.03168	  0.0226	  0.8362
     673	 0.03167	  0.0226	  0.8357
     674	 0.03162	  0.0226	  0.8351
     675	 0.03151	 0.02257	  0.8346
     676	 0.03135	 0.02253	   0.834
     677	 0.03113	 0.02246	  0.8335
     678	 0.03086	 0.02236	   0.833
     679	 0.03055	 0.02225	  0.8324
     680	 0.03022	 0.02215	  0.8319
     681	 0.02987	 0.02206	  0.8314
     682	 0.02952	 0.02199	  0.8309
     683	 0.02918	 0.02196	  0.8303
     684	 0.02885	 0.02194	  0.8298
     685	 0.02853	 0.02194	  0.8293
     686	 0.02824	 0.02194	  0.8287
     687	 0.02796	 0.02195	  0.8282
     688	 0.02771	 0.02195	  0.8277
     689	 0.02747	 0.02195	  0.8272
     690	 0.02725	 0.02195	  0.8266
     691	 0.02702	 0.02193	  0.8261
     692	 0.02678	  0.0219	  0.8256
     693	 0.02651	 0.02185	  0.8251
     694	 0.02624	 0.02179	  0.8246
     695	 0.02598	 0.02172	  0.8241
     696	 0.02575	 0.02167	  0.8235
     697	 0.02556	 0.02163	   0.823
     698	 0.02543	 0.02163	  0.8225
     699	 0.02535	 0.02165	   0.822
     700	 0.02529	 0.02167	  0.8215
     701	 0.02524	  0.0217	   0.821
     702	 0.02518	 0.02171	  0.8205
     703	 0.02511	  0.0217	    0.82
     704	 0.02503	 0.02167	  0.8195
     705	 0.02495	 0.02164	   0.819
     706	 0.02489	 0.02162	  0.8184
     707	 0.02485	 0.02162	  0.8179
     708	 0.02483	 0.02163	  0.8174
     709	 0.02483	 0.02165	  0.8169
     710	 0.02483	 0.02168	  0.8164
     711	 0.02481	 0.02169	  0.8159
     712	 0.02477	 0.02167	  0.8154
     713	 0.02468	 0.02162	  0.8149
     714	 0.02455	 0.02154	  0.8144
     715	 0.02438	 0.02143	   0.814
     716	 0.02417	 0.02131	  0.8135
     717	 0.02394	 0.02118	   0.813
     718	 0.02371	 0.02107	  0.8125
     719	  0.0235	 0.02098	   0.812
     720	 0.02333	 0.02091	  0.8115
     721	 0.02319	 0.02088	   0.811
     722	 0.02309	 0.02085	  0.8105
     723	 0.02302	 0.02083	    0.81
     724	 0.02298	 0.02081	  0.8095
     725	 0.02294	 0.02077	   0.809
     726	 0.02293	 0.02072	  0.8086
     727	 0.02292	 0.02066	  0.8081
     728	 0.02294	 0.02062	  0.8076
     729	 0.02295	 0.02058	  0.8071
     730	 0.02297	 0.02054	  0.8066
     731	 0.02296	 0.02051	  0.8062
     732	 0.02292	 0.02046	  0.8057
     733	 0.02284	 0.02039	  0.8052
     734	 0.02271	 0.02029	  0.8047
     735	 0.02255	 0.02016	  0.8042
     736	 0.02237	 0.02002	  0.8038
     737	  0.0222	 0.01987	  0.8033
     738	 0.02204	 0.01975	  0.8028
     739	 0.02192	 0.01966	  0.8023
     740	 0.02183	 0.01961	  0.8019
     741	 0.02176	 0.01958	  0.8014
     742	  0.0217	 0.01958	  0.8009
     743	 0.02162	 0.01958	  0.8005
     744	 0.02154	 0.01958	     0.8
     745	 0.02144	 0.01956	  0.7995
     746	 0.02132	 0.01951	  0.7991
     747	 0.02121	 0.01944	  0.7986
     748	 0.02112	 0.01935	  0.7981
     749	 0.02104	 0.01926	  0.7977
     750	 0.02098	 0.01916	  0.7972
     751	 0.02092	 0.01909	  0.7967
     752	 0.02088	 0.01903	  0.7963
     753	 0.02083	   0.019	  0.7958
     754	 0.02078	 0.01901	  0.7954
     755	 0.02073	 0.01904	  0.7949
     756	 0.02069	 0.01909	  0.7945
     757	 0.02066	 0.01914	   0.794
     758	 0.02064	 0.01919	  0.7935
     759	 0.02063	 0.01921	  0.7931
     760	 0.02061	 0.01921	  0.7926
     761	 0.02058	 0.01916	  0.7922
     762	 0.02052	 0.01907	  0.7917
     763	 0.02045	 0.01897	  0.7913
     764	 0.02037	 0.01887	  0.7908
     765	 0.02028	 0.01878	  0.7904
     766	  0.0202	 0.01873	  0.7899
     767	 0.02013	 0.01872	  0.7895
     768	 0.02007	 0.01873	   0.789
     769	 0.02002	 0.01876	  0.7886
     770	 0.01998	  0.0188	  0.7881
     771	 0.01996	 0.01882	  0.7877
     772	 0.01995	 0.01883	  0.7872
     773	 0.01998	 0.01882	  0.7868
     774	 0.02003	 0.01881	  0.7864
     775	 0.02009	 0.01879	  0.7859
     776	 0.02016	 0.01877	  0.7855
     777	 0.02022	 0.01875	   0.785
     778	 0.02025	 0.01872	  0.7846
     779	 0.02024	 0.01868	  0.7842
     780	 0.02021	 0.01863	  0.7837
     781	 0.02014	 0.01856	  0.7833
     782	 0.02005	 0.01848	  0.7829
     783	 0.01994	  0.0184	  0.7824
     784	 0.01981	 0.01832	   0.782
     785	 0.01968	 0.01824	  0.7816
     786	 0.01954	 0.01819	  0.7811
     787	 0.01942	 0.01815	  0.7807
     788	 0.01932	 0.01814	  0.7803
     789	 0.01924	 0.01816	  0.7798
     790	 0.01919	  0.0182	  0.7794
     791	 0.01916	 0.01826	   0.779
     792	 0.01915	 0.01833	  0.7785
     793	 0.01913	 0.01839	  0.7781
     794	  0.0191	 0.01842	  0.7777
     795	 0.01905	 0.01843	  0.7773
     796	 0.01895	  0.0184	  0.7768
     797	 0.01882	 0.01834	  0.7764
     798	 0.01866	 0.01825	   0.776
     799	 0.01848	 0.01815	  0.7756
     800	  0.0183	 0.01804	  0.7751
     801	 0.01813	 0.01793	  0.7747
     802	 0.01797	 0.01783	  0.7743
     803	 0.01785	 0.01773	  0.7739
     804	 0.01776	 0.01764	  0.7735
     805	  0.0177	 0.01754	   0.773
     806	 0.01766	 0.01745	  0.7726
     807	 0.01764	 0.01734	  0.7722
     808	 0.01762	 0.01721	  0.7718
     809	 0.01761	 0.01707	  0.7714
     810	 0.01759	 0.01691	   0.771
     811	 0.01757	 0.01675	  0.7706
     812	 0.01755	  0.0166	  0.7701
     813	 0.01756	 0.01649	  0.7697
     814	 0.01759	 0.01643	  0.7693
     815	 0.01764	 0.01643	  0.7689
     816	  0.0177	 0.01648	  0.7685
     817	 0.01775	 0.01655	  0.7681
     818	 0.01776	 0.01662	  0.7677
     819	 0.01773	 0.01667	  0.7673
     820	 0.01763	 0.01667	  0.7669
     821	 0.01748	 0.01663	  0.7665
     822	  0.0173	 0.01656	  0.7661
     823	  0.0171	 0.01648	  0.7656
     824	 0.01692	 0.01642	  0.7652
     825	 0.01678	  0.0164	  0.7648
     826	  0.0167	 0.01643	  0.7644
     827	  0.0167	 0.01652	   0.764
     828	 0.01675	 0.01665	  0.7636
     829	 0.01683	 0.01679	  0.7632
     830	 0.01692	 0.01692	  0.7628
     831	   0.017	 0.01701	  0.7624
     832	 0.01703	 0.01704	   0.762
     833	   0.017	 0.01701	  0.7616
     834	 0.01692	 0.01692	  0.7612
     835	 0.01678	 0.01679	  0.7608
     836	  0.0166	 0.01664	  0.7604
     837	 0.01638	 0.01649	  0.7601
     838	 0.01614	 0.01637	  0.7597
     839	  0.0159	 0.01628	  0.7593
     840	 0.01568	 0.01626	  0.7589
     841	 0.01552	 0.01632	  0.7585
     842	 0.01542	 0.01647	  0.7581
     843	  0.0154	 0.01671	  0.7577
     844	 0.01547	 0.01705	  0.7573
     845	 0.01561	 0.01746	  0.7569
     846	 0.01581	 0.01792	  0.7565
     847	 0.01603	 0.01838	  0.7561
     848	 0.01624	 0.01878	  0.7557
     849	 0.01637	 0.01906	  0.7554
     850	 0.01638	 0.01916	   0.755
