/*
Particulate absorption and scattering spectra, normalized by SPM 
Scattering spectra from ac-s power-function fit 400-700 nm scaled by LISST-VSF scattering coefficient at 532 nm 
Total (a_p) and MeOH-extracted (a_d) absorption spectra from UV/VIS spectrophotometer measurements with GF/F filter inside 15-cm integrating sphere
Correction for filter-pad pathlength amplification from Stramski et al. 2015 

Lat, Lon = 70.550, -148.100
Date Time UTC = 10-Aug-2019 04:23:04
Depth = 1.5 m
SPM = 1.85 g/m3
POC = 158.36 mg/m3
PSD power-law exponent (~1.5-147 µm) = 3.95 
Scattering spectra power-function exponent (400-700 nm) = 0.405 

Created by Daniel Koestner on 15-Jan-2024 15:28:38
Data Version: V4_10-Nov-2023

Column 1: wavelength [nm]
Column 2: a_p [m^2/g]
Column 3: a_d [m^2/g]
Column 4: b_p [m^2/g]
*/
     290	  0.1702	  0.1555	  0.7079
     291	  0.1686	  0.1548	  0.7069
     292	  0.1672	  0.1541	   0.706
     293	  0.1659	  0.1534	   0.705
     294	  0.1646	  0.1528	   0.704
     295	  0.1634	  0.1521	  0.7031
     296	  0.1622	  0.1514	  0.7021
     297	  0.1611	  0.1506	  0.7011
     298	    0.16	  0.1498	  0.7002
     299	  0.1589	  0.1489	  0.6992
     300	  0.1578	   0.148	  0.6983
     301	  0.1567	  0.1471	  0.6973
     302	  0.1556	  0.1461	  0.6964
     303	  0.1545	  0.1451	  0.6955
     304	  0.1534	  0.1441	  0.6946
     305	  0.1524	  0.1432	  0.6936
     306	  0.1513	  0.1423	  0.6927
     307	  0.1503	  0.1414	  0.6918
     308	  0.1493	  0.1405	  0.6909
     309	  0.1483	  0.1396	    0.69
     310	  0.1473	  0.1388	  0.6891
     311	  0.1463	  0.1379	  0.6882
     312	  0.1454	  0.1371	  0.6873
     313	  0.1446	  0.1363	  0.6864
     314	  0.1438	  0.1355	  0.6855
     315	  0.1429	  0.1348	  0.6846
     316	  0.1421	   0.134	  0.6838
     317	  0.1413	  0.1331	  0.6829
     318	  0.1404	  0.1323	   0.682
     319	  0.1395	  0.1314	  0.6811
     320	  0.1387	  0.1306	  0.6803
     321	   0.138	  0.1299	  0.6794
     322	  0.1373	  0.1293	  0.6786
     323	  0.1367	  0.1288	  0.6777
     324	  0.1363	  0.1285	  0.6769
     325	  0.1359	  0.1282	   0.676
     326	  0.1355	  0.1279	  0.6752
     327	  0.1352	  0.1277	  0.6744
     328	  0.1348	  0.1273	  0.6735
     329	  0.1344	  0.1269	  0.6727
     330	   0.134	  0.1263	  0.6719
     331	  0.1334	  0.1256	   0.671
     332	  0.1328	  0.1248	  0.6702
     333	   0.132	  0.1239	  0.6694
     334	  0.1311	   0.123	  0.6686
     335	  0.1303	  0.1222	  0.6678
     336	  0.1294	  0.1214	   0.667
     337	  0.1286	  0.1208	  0.6662
     338	  0.1278	  0.1203	  0.6654
     339	  0.1271	  0.1199	  0.6646
     340	  0.1264	  0.1194	  0.6638
     341	  0.1257	  0.1189	   0.663
     342	  0.1251	  0.1184	  0.6622
     343	  0.1244	  0.1178	  0.6614
     344	  0.1237	  0.1171	  0.6607
     345	  0.1231	  0.1164	  0.6599
     346	  0.1224	  0.1158	  0.6591
     347	  0.1218	  0.1152	  0.6583
     348	  0.1213	  0.1146	  0.6576
     349	  0.1208	  0.1142	  0.6568
     350	  0.1202	  0.1137	  0.6561
     351	  0.1197	  0.1133	  0.6553
     352	  0.1192	  0.1128	  0.6545
     353	  0.1187	  0.1124	  0.6538
     354	  0.1182	  0.1119	  0.6531
     355	  0.1177	  0.1113	  0.6523
     356	  0.1171	  0.1107	  0.6516
     357	  0.1166	  0.1102	  0.6508
     358	   0.116	  0.1095	  0.6501
     359	  0.1154	  0.1089	  0.6494
     360	  0.1147	  0.1083	  0.6486
     361	   0.114	  0.1077	  0.6479
     362	  0.1133	   0.107	  0.6472
     363	  0.1125	  0.1064	  0.6464
     364	  0.1117	  0.1058	  0.6457
     365	  0.1109	  0.1052	   0.645
     366	  0.1101	  0.1046	  0.6443
     367	  0.1093	  0.1039	  0.6436
     368	  0.1086	  0.1032	  0.6429
     369	  0.1079	  0.1026	  0.6422
     370	  0.1072	  0.1019	  0.6415
     371	  0.1066	  0.1013	  0.6408
     372	  0.1061	  0.1007	  0.6401
     373	  0.1055	  0.1001	  0.6394
     374	  0.1049	 0.09954	  0.6387
     375	  0.1042	  0.0989	   0.638
     376	  0.1035	  0.0982	  0.6373
     377	  0.1028	 0.09743	  0.6366
     378	   0.102	  0.0966	  0.6359
     379	  0.1012	 0.09573	  0.6353
     380	  0.1004	 0.09484	  0.6346
     381	 0.09968	 0.09395	  0.6339
     382	 0.09897	 0.09308	  0.6332
     383	 0.09828	 0.09223	  0.6326
     384	  0.0976	  0.0914	  0.6319
     385	 0.09691	 0.09059	  0.6312
     386	  0.0962	 0.08981	  0.6306
     387	 0.09546	 0.08905	  0.6299
     388	 0.09469	 0.08833	  0.6293
     389	 0.09389	 0.08763	  0.6286
     390	 0.09309	 0.08696	   0.628
     391	  0.0923	 0.08631	  0.6273
     392	 0.09154	 0.08567	  0.6267
     393	 0.09082	 0.08503	   0.626
     394	 0.09016	 0.08439	  0.6254
     395	 0.08956	 0.08375	  0.6247
     396	   0.089	 0.08311	  0.6241
     397	 0.08849	 0.08249	  0.6234
     398	   0.088	 0.08189	  0.6228
     399	 0.08751	  0.0813	  0.6222
     400	 0.08702	 0.08072	  0.6216
     401	 0.08653	 0.08015	  0.6209
     402	 0.08604	 0.07959	  0.6203
     403	 0.08555	 0.07905	  0.6197
     404	 0.08509	 0.07854	  0.6191
     405	 0.08465	 0.07807	  0.6184
     406	 0.08423	 0.07763	  0.6178
     407	 0.08382	 0.07723	  0.6172
     408	 0.08342	 0.07683	  0.6166
     409	   0.083	 0.07642	   0.616
     410	 0.08256	 0.07597	  0.6154
     411	 0.08212	 0.07546	  0.6148
     412	 0.08167	  0.0749	  0.6142
     413	 0.08122	  0.0743	  0.6136
     414	 0.08078	 0.07367	   0.613
     415	 0.08033	 0.07303	  0.6124
     416	 0.07987	 0.07239	  0.6118
     417	 0.07938	 0.07175	  0.6112
     418	 0.07886	 0.07111	  0.6106
     419	 0.07831	 0.07049	    0.61
     420	 0.07774	 0.06988	  0.6094
     421	 0.07717	  0.0693	  0.6088
     422	  0.0766	 0.06874	  0.6082
     423	 0.07605	 0.06821	  0.6076
     424	 0.07552	  0.0677	  0.6071
     425	 0.07498	 0.06719	  0.6065
     426	 0.07446	 0.06668	  0.6059
     427	 0.07394	 0.06616	  0.6053
     428	 0.07342	 0.06563	  0.6048
     429	 0.07292	  0.0651	  0.6042
     430	 0.07242	 0.06456	  0.6036
     431	 0.07194	 0.06403	  0.6031
     432	 0.07146	 0.06351	  0.6025
     433	 0.07097	 0.06297	  0.6019
     434	 0.07047	 0.06243	  0.6014
     435	 0.06996	 0.06188	  0.6008
     436	 0.06944	 0.06132	  0.6003
     437	 0.06894	 0.06077	  0.5997
     438	 0.06845	 0.06024	  0.5991
     439	 0.06797	 0.05973	  0.5986
     440	 0.06751	 0.05924	   0.598
     441	 0.06703	 0.05876	  0.5975
     442	 0.06653	 0.05827	  0.5969
     443	 0.06599	 0.05776	  0.5964
     444	 0.06541	 0.05723	  0.5959
     445	  0.0648	  0.0567	  0.5953
     446	 0.06419	 0.05618	  0.5948
     447	 0.06362	 0.05569	  0.5942
     448	 0.06309	 0.05527	  0.5937
     449	 0.06262	  0.0549	  0.5932
     450	 0.06221	 0.05459	  0.5926
     451	 0.06185	 0.05431	  0.5921
     452	 0.06152	 0.05405	  0.5916
     453	  0.0612	 0.05378	   0.591
     454	 0.06089	 0.05349	  0.5905
     455	 0.06058	 0.05317	    0.59
     456	 0.06026	 0.05284	  0.5895
     457	 0.05993	  0.0525	  0.5889
     458	 0.05959	 0.05215	  0.5884
     459	 0.05924	 0.05182	  0.5879
     460	 0.05887	 0.05149	  0.5874
     461	 0.05848	 0.05117	  0.5869
     462	 0.05808	 0.05086	  0.5863
     463	 0.05767	 0.05056	  0.5858
     464	 0.05725	 0.05026	  0.5853
     465	 0.05685	 0.04996	  0.5848
     466	 0.05645	 0.04966	  0.5843
     467	 0.05608	 0.04936	  0.5838
     468	 0.05573	 0.04907	  0.5833
     469	  0.0554	 0.04879	  0.5828
     470	  0.0551	 0.04852	  0.5823
     471	 0.05482	 0.04826	  0.5818
     472	 0.05456	 0.04802	  0.5813
     473	  0.0543	  0.0478	  0.5808
     474	 0.05404	  0.0476	  0.5803
     475	 0.05377	  0.0474	  0.5798
     476	 0.05349	  0.0472	  0.5793
     477	 0.05318	 0.04699	  0.5788
     478	 0.05286	 0.04676	  0.5783
     479	 0.05251	 0.04651	  0.5778
     480	 0.05214	 0.04623	  0.5773
     481	 0.05177	 0.04594	  0.5769
     482	 0.05139	 0.04565	  0.5764
     483	 0.05103	 0.04537	  0.5759
     484	 0.05069	 0.04511	  0.5754
     485	 0.05038	 0.04487	  0.5749
     486	 0.05008	 0.04465	  0.5745
     487	  0.0498	 0.04442	   0.574
     488	  0.0495	 0.04419	  0.5735
     489	 0.04919	 0.04394	   0.573
     490	 0.04885	 0.04366	  0.5726
     491	 0.04849	 0.04336	  0.5721
     492	 0.04809	 0.04305	  0.5716
     493	 0.04768	 0.04272	  0.5711
     494	 0.04726	  0.0424	  0.5707
     495	 0.04685	 0.04208	  0.5702
     496	 0.04645	 0.04178	  0.5697
     497	 0.04607	  0.0415	  0.5693
     498	 0.04573	 0.04124	  0.5688
     499	 0.04541	   0.041	  0.5684
     500	 0.04512	 0.04077	  0.5679
     501	 0.04485	 0.04055	  0.5674
     502	 0.04457	 0.04033	   0.567
     503	 0.04428	 0.04011	  0.5665
     504	 0.04396	 0.03987	  0.5661
     505	 0.04363	 0.03962	  0.5656
     506	 0.04328	 0.03937	  0.5652
     507	 0.04291	  0.0391	  0.5647
     508	 0.04255	 0.03884	  0.5643
     509	 0.04219	 0.03858	  0.5638
     510	 0.04185	 0.03833	  0.5634
     511	 0.04151	 0.03807	  0.5629
     512	 0.04119	 0.03782	  0.5625
     513	 0.04089	 0.03756	   0.562
     514	 0.04059	  0.0373	  0.5616
     515	  0.0403	 0.03704	  0.5611
     516	 0.04001	 0.03678	  0.5607
     517	 0.03973	 0.03652	  0.5603
     518	 0.03945	 0.03627	  0.5598
     519	 0.03918	 0.03603	  0.5594
     520	  0.0389	 0.03581	  0.5589
     521	 0.03864	  0.0356	  0.5585
     522	 0.03837	  0.0354	  0.5581
     523	 0.03811	 0.03521	  0.5576
     524	 0.03784	 0.03501	  0.5572
     525	 0.03758	  0.0348	  0.5568
     526	 0.03731	 0.03459	  0.5564
     527	 0.03704	 0.03438	  0.5559
     528	 0.03677	 0.03417	  0.5555
     529	 0.03651	 0.03397	  0.5551
     530	 0.03626	 0.03378	  0.5547
     531	 0.03602	 0.03361	  0.5542
     532	  0.0358	 0.03346	  0.5538
     533	  0.0356	 0.03332	  0.5534
     534	 0.03541	 0.03318	   0.553
     535	 0.03521	 0.03303	  0.5526
     536	 0.03501	 0.03287	  0.5521
     537	 0.03481	  0.0327	  0.5517
     538	 0.03458	 0.03251	  0.5513
     539	 0.03435	 0.03232	  0.5509
     540	 0.03411	 0.03213	  0.5505
     541	 0.03386	 0.03193	  0.5501
     542	 0.03361	 0.03173	  0.5497
     543	 0.03335	 0.03153	  0.5492
     544	  0.0331	 0.03133	  0.5488
     545	 0.03286	 0.03113	  0.5484
     546	 0.03264	 0.03094	   0.548
     547	 0.03243	 0.03076	  0.5476
     548	 0.03225	 0.03061	  0.5472
     549	 0.03208	 0.03048	  0.5468
     550	 0.03193	 0.03038	  0.5464
     551	 0.03178	  0.0303	   0.546
     552	 0.03164	 0.03022	  0.5456
     553	  0.0315	 0.03014	  0.5452
     554	 0.03134	 0.03005	  0.5448
     555	 0.03118	 0.02992	  0.5444
     556	   0.031	 0.02977	   0.544
     557	 0.03081	 0.02959	  0.5436
     558	 0.03062	 0.02939	  0.5432
     559	 0.03044	  0.0292	  0.5428
     560	 0.03027	 0.02901	  0.5424
     561	 0.03013	 0.02884	   0.542
     562	 0.03001	  0.0287	  0.5417
     563	 0.02991	 0.02856	  0.5413
     564	 0.02981	 0.02844	  0.5409
     565	 0.02972	 0.02831	  0.5405
     566	 0.02963	 0.02819	  0.5401
     567	 0.02953	 0.02805	  0.5397
     568	 0.02943	 0.02792	  0.5393
     569	 0.02933	 0.02779	  0.5389
     570	 0.02922	 0.02767	  0.5386
     571	 0.02911	 0.02756	  0.5382
     572	   0.029	 0.02746	  0.5378
     573	 0.02888	 0.02736	  0.5374
     574	 0.02875	 0.02728	   0.537
     575	 0.02861	 0.02719	  0.5367
     576	 0.02846	  0.0271	  0.5363
     577	 0.02831	   0.027	  0.5359
     578	 0.02817	 0.02689	  0.5355
     579	 0.02804	 0.02679	  0.5352
     580	 0.02792	 0.02667	  0.5348
     581	 0.02781	 0.02656	  0.5344
     582	 0.02771	 0.02644	   0.534
     583	 0.02761	 0.02632	  0.5337
     584	 0.02753	 0.02621	  0.5333
     585	 0.02744	  0.0261	  0.5329
     586	 0.02736	 0.02601	  0.5326
     587	  0.0273	 0.02593	  0.5322
     588	 0.02724	 0.02588	  0.5318
     589	 0.02719	 0.02584	  0.5315
     590	 0.02714	 0.02581	  0.5311
     591	 0.02709	 0.02578	  0.5307
     592	 0.02703	 0.02572	  0.5304
     593	 0.02695	 0.02563	    0.53
     594	 0.02685	 0.02552	  0.5297
     595	 0.02673	 0.02539	  0.5293
     596	  0.0266	 0.02525	  0.5289
     597	 0.02645	  0.0251	  0.5286
     598	 0.02631	 0.02495	  0.5282
     599	 0.02616	 0.02482	  0.5279
     600	 0.02602	  0.0247	  0.5275
     601	 0.02591	  0.0246	  0.5271
     602	 0.02581	 0.02453	  0.5268
     603	 0.02573	 0.02448	  0.5264
     604	 0.02567	 0.02445	  0.5261
     605	 0.02562	 0.02442	  0.5257
     606	 0.02558	  0.0244	  0.5254
     607	 0.02553	 0.02436	   0.525
     608	 0.02547	 0.02431	  0.5247
     609	  0.0254	 0.02424	  0.5243
     610	 0.02533	 0.02416	   0.524
     611	 0.02526	 0.02407	  0.5236
     612	 0.02518	 0.02398	  0.5233
     613	 0.02511	 0.02391	  0.5229
     614	 0.02504	 0.02383	  0.5226
     615	 0.02497	 0.02376	  0.5223
     616	  0.0249	 0.02369	  0.5219
     617	 0.02481	 0.02361	  0.5216
     618	 0.02472	 0.02351	  0.5212
     619	 0.02462	  0.0234	  0.5209
     620	 0.02453	 0.02329	  0.5205
     621	 0.02445	 0.02317	  0.5202
     622	 0.02438	 0.02306	  0.5199
     623	 0.02432	 0.02296	  0.5195
     624	 0.02428	 0.02287	  0.5192
     625	 0.02424	  0.0228	  0.5189
     626	 0.02421	 0.02274	  0.5185
     627	 0.02417	 0.02268	  0.5182
     628	 0.02412	 0.02263	  0.5179
     629	 0.02406	 0.02258	  0.5175
     630	   0.024	 0.02253	  0.5172
     631	 0.02394	 0.02247	  0.5169
     632	 0.02387	 0.02241	  0.5165
     633	 0.02381	 0.02234	  0.5162
     634	 0.02374	 0.02227	  0.5159
     635	 0.02368	 0.02219	  0.5155
     636	 0.02362	  0.0221	  0.5152
     637	 0.02356	 0.02202	  0.5149
     638	 0.02351	 0.02194	  0.5146
     639	 0.02346	 0.02187	  0.5142
     640	 0.02342	 0.02181	  0.5139
     641	 0.02338	 0.02175	  0.5136
     642	 0.02334	  0.0217	  0.5133
     643	  0.0233	 0.02164	  0.5129
     644	 0.02326	 0.02159	  0.5126
     645	 0.02323	 0.02153	  0.5123
     646	 0.02321	 0.02149	   0.512
     647	  0.0232	 0.02146	  0.5116
     648	 0.02321	 0.02144	  0.5113
     649	 0.02323	 0.02142	   0.511
     650	 0.02324	 0.02141	  0.5107
     651	 0.02325	 0.02138	  0.5104
     652	 0.02324	 0.02135	  0.5101
     653	 0.02321	 0.02129	  0.5097
     654	 0.02316	 0.02122	  0.5094
     655	 0.02311	 0.02114	  0.5091
     656	 0.02305	 0.02104	  0.5088
     657	   0.023	 0.02095	  0.5085
     658	 0.02297	 0.02085	  0.5082
     659	 0.02295	 0.02075	  0.5079
     660	 0.02296	 0.02066	  0.5075
     661	 0.02299	 0.02057	  0.5072
     662	 0.02303	 0.02049	  0.5069
     663	  0.0231	 0.02042	  0.5066
     664	 0.02317	 0.02035	  0.5063
     665	 0.02326	 0.02029	   0.506
     666	 0.02333	 0.02024	  0.5057
     667	  0.0234	 0.02018	  0.5054
     668	 0.02345	 0.02013	  0.5051
     669	 0.02348	 0.02009	  0.5048
     670	 0.02349	 0.02004	  0.5045
     671	 0.02347	    0.02	  0.5042
     672	 0.02343	 0.01996	  0.5039
     673	 0.02336	 0.01993	  0.5036
     674	 0.02327	  0.0199	  0.5033
     675	 0.02314	 0.01986	   0.503
     676	 0.02299	 0.01981	  0.5026
     677	 0.02282	 0.01975	  0.5023
     678	 0.02262	 0.01968	   0.502
     679	 0.02241	 0.01959	  0.5018
     680	 0.02219	 0.01949	  0.5015
     681	 0.02198	 0.01939	  0.5012
     682	 0.02176	 0.01929	  0.5009
     683	 0.02154	 0.01919	  0.5006
     684	 0.02133	 0.01911	  0.5003
     685	 0.02113	 0.01904	     0.5
     686	 0.02093	 0.01899	  0.4997
     687	 0.02074	 0.01896	  0.4994
     688	 0.02056	 0.01893	  0.4991
     689	 0.02039	 0.01891	  0.4988
     690	 0.02022	 0.01889	  0.4985
     691	 0.02005	 0.01885	  0.4982
     692	 0.01989	  0.0188	  0.4979
     693	 0.01974	 0.01874	  0.4976
     694	 0.01959	 0.01867	  0.4973
     695	 0.01947	 0.01861	   0.497
     696	 0.01936	 0.01855	  0.4968
     697	 0.01928	 0.01852	  0.4965
     698	 0.01921	  0.0185	  0.4962
     699	 0.01916	 0.01849	  0.4959
     700	 0.01911	  0.0185	  0.4956
     701	 0.01906	  0.0185	  0.4953
     702	   0.019	 0.01849	   0.495
     703	 0.01893	 0.01847	  0.4947
     704	 0.01886	 0.01843	  0.4945
     705	 0.01879	 0.01838	  0.4942
     706	 0.01873	 0.01832	  0.4939
     707	 0.01867	 0.01825	  0.4936
     708	 0.01862	 0.01817	  0.4933
     709	 0.01856	 0.01809	   0.493
     710	 0.01848	 0.01801	  0.4928
     711	  0.0184	 0.01792	  0.4925
     712	  0.0183	 0.01784	  0.4922
     713	 0.01821	 0.01776	  0.4919
     714	 0.01812	 0.01769	  0.4916
     715	 0.01805	 0.01763	  0.4914
     716	   0.018	 0.01758	  0.4911
     717	 0.01798	 0.01755	  0.4908
     718	 0.01797	 0.01752	  0.4905
     719	 0.01798	  0.0175	  0.4903
     720	 0.01801	  0.0175	    0.49
     721	 0.01803	 0.01749	  0.4897
     722	 0.01805	 0.01749	  0.4894
     723	 0.01805	 0.01748	  0.4892
     724	 0.01803	 0.01745	  0.4889
     725	 0.01798	  0.0174	  0.4886
     726	 0.01789	 0.01733	  0.4883
     727	 0.01778	 0.01723	  0.4881
     728	 0.01766	 0.01713	  0.4878
     729	 0.01754	 0.01704	  0.4875
     730	 0.01743	 0.01696	  0.4873
     731	 0.01733	 0.01691	   0.487
     732	 0.01726	 0.01688	  0.4867
     733	  0.0172	 0.01687	  0.4865
     734	 0.01716	 0.01688	  0.4862
     735	 0.01712	 0.01688	  0.4859
     736	 0.01708	 0.01687	  0.4856
     737	 0.01703	 0.01684	  0.4854
     738	 0.01698	  0.0168	  0.4851
     739	 0.01691	 0.01674	  0.4848
     740	 0.01682	 0.01665	  0.4846
     741	 0.01672	 0.01655	  0.4843
     742	 0.01662	 0.01644	  0.4841
     743	 0.01652	 0.01633	  0.4838
     744	 0.01644	 0.01624	  0.4835
     745	 0.01638	 0.01616	  0.4833
     746	 0.01634	  0.0161	   0.483
     747	 0.01633	 0.01606	  0.4827
     748	 0.01634	 0.01605	  0.4825
     749	 0.01635	 0.01604	  0.4822
     750	 0.01634	 0.01602	   0.482
     751	 0.01633	 0.01599	  0.4817
     752	 0.01628	 0.01593	  0.4814
     753	 0.01622	 0.01585	  0.4812
     754	 0.01614	 0.01576	  0.4809
     755	 0.01604	 0.01566	  0.4807
     756	 0.01595	 0.01556	  0.4804
     757	 0.01587	 0.01549	  0.4802
     758	 0.01581	 0.01543	  0.4799
     759	 0.01576	  0.0154	  0.4796
     760	 0.01573	 0.01538	  0.4794
     761	 0.01571	 0.01538	  0.4791
     762	  0.0157	  0.0154	  0.4789
     763	  0.0157	 0.01543	  0.4786
     764	 0.01571	 0.01548	  0.4784
     765	 0.01572	 0.01555	  0.4781
     766	 0.01575	 0.01562	  0.4779
     767	 0.01577	 0.01569	  0.4776
     768	 0.01578	 0.01575	  0.4774
     769	 0.01578	 0.01577	  0.4771
     770	 0.01578	 0.01577	  0.4769
     771	 0.01576	 0.01574	  0.4766
     772	 0.01573	  0.0157	  0.4764
     773	 0.01571	 0.01565	  0.4761
     774	 0.01568	  0.0156	  0.4759
     775	 0.01564	 0.01553	  0.4756
     776	 0.01559	 0.01545	  0.4754
     777	  0.0155	 0.01535	  0.4751
     778	 0.01539	 0.01521	  0.4749
     779	 0.01525	 0.01506	  0.4746
     780	 0.01509	  0.0149	  0.4744
     781	 0.01494	 0.01474	  0.4741
     782	 0.01481	 0.01461	  0.4739
     783	 0.01471	 0.01451	  0.4736
     784	 0.01465	 0.01445	  0.4734
     785	 0.01461	 0.01442	  0.4731
     786	  0.0146	 0.01441	  0.4729
     787	 0.01459	 0.01441	  0.4727
     788	 0.01459	 0.01442	  0.4724
     789	 0.01459	 0.01443	  0.4722
     790	 0.01458	 0.01445	  0.4719
     791	 0.01456	 0.01448	  0.4717
     792	 0.01455	 0.01451	  0.4714
     793	 0.01454	 0.01455	  0.4712
     794	 0.01453	 0.01458	   0.471
     795	 0.01451	 0.01459	  0.4707
     796	 0.01448	 0.01458	  0.4705
     797	 0.01442	 0.01455	  0.4703
     798	 0.01436	  0.0145	    0.47
     799	  0.0143	 0.01445	  0.4698
     800	 0.01425	  0.0144	  0.4695
     801	 0.01422	 0.01437	  0.4693
     802	 0.01421	 0.01434	  0.4691
     803	 0.01423	 0.01432	  0.4688
     804	 0.01427	  0.0143	  0.4686
     805	 0.01431	 0.01427	  0.4684
     806	 0.01434	 0.01424	  0.4681
     807	 0.01436	 0.01418	  0.4679
     808	 0.01436	 0.01413	  0.4676
     809	 0.01435	 0.01406	  0.4674
     810	 0.01432	   0.014	  0.4672
     811	 0.01427	 0.01394	  0.4669
     812	 0.01421	 0.01388	  0.4667
     813	 0.01414	 0.01383	  0.4665
     814	 0.01406	 0.01376	  0.4663
     815	 0.01396	 0.01369	   0.466
     816	 0.01387	 0.01363	  0.4658
     817	 0.01379	 0.01357	  0.4656
     818	 0.01372	 0.01353	  0.4653
     819	 0.01369	 0.01353	  0.4651
     820	 0.01369	 0.01356	  0.4649
     821	 0.01372	 0.01362	  0.4646
     822	 0.01377	 0.01369	  0.4644
     823	 0.01382	 0.01376	  0.4642
     824	 0.01385	  0.0138	   0.464
     825	 0.01386	  0.0138	  0.4637
     826	 0.01383	 0.01377	  0.4635
     827	 0.01378	 0.01369	  0.4633
     828	 0.01369	 0.01359	   0.463
     829	 0.01359	 0.01348	  0.4628
     830	 0.01347	 0.01338	  0.4626
     831	 0.01336	 0.01328	  0.4624
     832	 0.01325	 0.01319	  0.4621
     833	 0.01316	 0.01311	  0.4619
     834	 0.01307	 0.01304	  0.4617
     835	 0.01299	 0.01295	  0.4615
     836	 0.01291	 0.01287	  0.4612
     837	 0.01283	 0.01278	   0.461
     838	 0.01272	  0.0127	  0.4608
     839	  0.0126	 0.01264	  0.4606
     840	 0.01247	 0.01258	  0.4604
     841	 0.01233	 0.01253	  0.4601
     842	 0.01219	 0.01247	  0.4599
     843	 0.01206	 0.01242	  0.4597
     844	 0.01197	 0.01238	  0.4595
     845	 0.01193	 0.01237	  0.4593
     846	 0.01196	 0.01243	   0.459
     847	 0.01205	 0.01258	  0.4588
     848	 0.01218	 0.01281	  0.4586
     849	 0.01235	  0.0131	  0.4584
     850	 0.01252	 0.01342	  0.4582
