/*
Scattering Phase Functions [1/sr] at 532 nm from LISST-VSF (SN 1475), Percentiles and mean
Volume scattering function corrected and extrapolated to 180ยบ following Koestner et al. 2018 

Dilution-corrected (if applicable) IOPs [1/m], Percentiles and mean;
bbp = 0.126493	0.130007	0.133980	0.138653	0.143805	0.134625
bp = 6.998357	7.150355	7.292337	7.418131	7.753240	7.640044
cp = 7.666593	7.757265	7.870536	7.984760	9.170330	9.524194

Lat, Lon = 70.276, -147.211
Date Time UTC = 09-Sep-2018 17:44:12
Depth = 1.6 m
SPM = 8.20 g/m3
POC/SPM = 0.04 

Created by Daniel Koestner on 15-Jan-2024 15:28:34
Data Version: V4_10-Nov-2023

Column 1: Angle [deg]
Column 2: 10th Percentile Data
Column 3: 25th Percentile Data
Column 4: 50th Percentile Data
Column 5: 75th Percentile Data
Column 6: 90th Percentile Data
Column 7: Mean Data
*/
 0.08357	   850.2	   856.8	   866.3	   887.5	    2008	    2404
 0.09861	   760.2	   764.6	   773.1	   791.8	    1764	    2084
  0.1164	   663.2	   665.3	   672.4	   688.4	    1486	    1728
  0.1373	   564.7	   564.5	   569.5	   582.4	    1178	    1349
  0.1621	   474.6	   472.4	   475.2	   484.2	     871	    1002
  0.1912	   397.3	     394	   394.9	   399.5	     612	   740.1
  0.2257	   330.7	   327.3	   326.8	   327.9	   423.6	   554.8
  0.2663	   275.7	   272.7	   271.4	   270.7	   307.1	   427.9
  0.3143	   231.3	   228.7	   227.1	   225.9	   239.8	   323.1
  0.3708	   196.5	   194.3	   192.7	   191.5	   196.5	   250.5
  0.4376	   165.3	   163.3	   161.9	   160.7	   161.2	   189.6
  0.5164	   137.1	   135.4	   134.3	   133.2	     131	   149.5
  0.6094	   111.5	   110.1	   109.3	   108.3	   105.9	   114.6
  0.7191	   89.31	   88.24	   87.49	   86.88	   84.42	   89.92
  0.8486	      72	   71.25	   70.47	   70.07	   68.07	   69.68
   1.001	   57.33	   56.69	   56.06	   55.82	   54.25	   54.85
   1.182	   46.52	   45.92	   45.44	   45.16	   44.08	   43.91
   1.394	   36.79	    36.3	   35.98	    35.8	   35.04	   34.64
   1.645	    29.5	   29.16	   28.87	    28.7	   28.08	   27.71
   1.941	   23.17	   22.96	   22.69	    22.5	   21.98	   21.74
    2.29	   18.06	   17.83	   17.67	   17.59	   17.26	   16.91
   2.701	   14.88	   14.67	   14.51	   14.34	   14.01	   13.87
   3.185	   11.44	   11.27	   11.15	   11.08	   10.78	   10.67
   3.756	   9.442	   9.307	   9.196	   9.132	   8.918	   8.807
   4.428	   6.324	   6.216	   6.134	   6.117	     5.9	   5.881
   5.218	   5.068	       5	   4.945	   4.897	   4.721	   4.719
   6.146	   3.932	   3.884	   3.857	   3.822	   3.673	   3.678
   7.232	   2.848	   2.818	   2.772	   2.747	   2.673	   2.657
   8.502	   2.016	   2.007	    1.99	    1.98	   1.937	   1.903
   9.981	   1.431	   1.433	   1.433	   1.431	   1.407	   1.367
   11.69	    1.02	   1.028	   1.036	   1.039	   1.026	  0.9862
   13.67	  0.7313	  0.7411	  0.7526	  0.7577	  0.7526	  0.7152
      15	  0.5993	  0.6094	  0.6218	  0.6275	  0.6251	  0.5902
      16	  0.5276	   0.537	  0.5405	  0.5529	  0.5565	  0.5194
      17	  0.4531	  0.4624	  0.4711	  0.4832	  0.4803	  0.4511
      18	  0.3949	  0.4048	  0.4159	  0.4163	  0.4162	  0.3925
      19	  0.3437	  0.3532	  0.3622	  0.3675	  0.3593	  0.3431
      20	  0.3058	  0.3109	  0.3203	  0.3209	  0.3157	   0.302
      21	  0.2716	  0.2765	  0.2812	  0.2829	   0.275	  0.2661
      22	  0.2391	  0.2427	  0.2498	   0.248	  0.2421	  0.2349
      23	  0.2107	  0.2177	  0.2219	  0.2232	  0.2156	  0.2093
      24	  0.1894	  0.1928	  0.1981	  0.1993	  0.1928	   0.187
      25	  0.1699	   0.173	  0.1786	  0.1789	  0.1741	  0.1685
      26	   0.153	  0.1557	  0.1594	  0.1622	  0.1569	  0.1516
      27	  0.1379	  0.1418	  0.1461	  0.1458	  0.1439	  0.1369
      28	  0.1243	  0.1292	  0.1314	   0.132	    0.13	  0.1243
      29	  0.1144	  0.1166	  0.1186	  0.1197	  0.1162	  0.1124
      30	   0.101	  0.1073	  0.1086	  0.1096	  0.1083	  0.1028
      31	 0.09516	 0.09825	 0.09923	  0.1006	 0.09911	 0.09428
      32	 0.08627	 0.08921	 0.09249	 0.09249	 0.08994	 0.08638
      33	 0.07937	 0.08276	 0.08449	   0.085	 0.08299	 0.07953
      34	 0.07286	 0.07711	 0.07672	 0.07752	 0.07629	 0.07307
      35	 0.06822	 0.07064	 0.07039	 0.07158	 0.06956	  0.0672
      36	 0.06364	 0.06442	  0.0661	 0.06575	  0.0653	 0.06225
      37	 0.05863	 0.05995	 0.06151	 0.06208	 0.05982	 0.05804
      38	 0.05496	 0.05557	 0.05674	 0.05697	 0.05553	 0.05366
      39	  0.0493	 0.05253	 0.05262	 0.05293	 0.05101	 0.04968
      40	 0.04553	 0.04836	 0.04893	 0.04925	 0.04839	 0.04619
      41	 0.04318	  0.0451	 0.04623	 0.04668	 0.04526	 0.04356
      42	 0.04047	  0.0429	   0.043	 0.04343	 0.04257	 0.04064
      43	 0.03789	 0.03874	 0.03977	 0.04044	 0.03937	 0.03776
      44	 0.03481	 0.03655	 0.03716	 0.03759	 0.03666	 0.03514
      45	 0.03251	 0.03434	  0.0349	  0.0352	 0.03502	 0.03297
      46	 0.03184	 0.03267	 0.03245	 0.03317	 0.03252	 0.03113
      47	 0.03055	 0.03071	 0.03046	 0.03088	 0.03035	 0.02927
      48	   0.029	 0.02861	 0.02854	 0.02894	  0.0282	  0.0274
      49	 0.02685	 0.02663	 0.02654	 0.02681	 0.02603	 0.02552
      50	 0.02508	  0.0251	 0.02518	 0.02517	 0.02462	 0.02407
      51	 0.02385	 0.02403	 0.02392	 0.02387	 0.02363	 0.02288
      52	  0.0227	 0.02257	 0.02263	 0.02258	  0.0223	  0.0216
      53	 0.02138	 0.02111	 0.02125	 0.02161	 0.02149	  0.0205
      54	 0.02024	 0.02013	 0.02033	 0.02044	  0.0205	 0.01946
      55	  0.0193	 0.01908	 0.01937	 0.01949	 0.01914	 0.01848
      56	 0.01847	  0.0183	 0.01811	 0.01833	 0.01789	 0.01751
      57	 0.01737	 0.01727	 0.01722	 0.01747	 0.01725	 0.01661
      58	 0.01672	 0.01657	 0.01655	 0.01655	 0.01635	 0.01588
      59	 0.01574	  0.0156	 0.01564	   0.016	 0.01595	 0.01514
      60	 0.01497	 0.01488	 0.01489	 0.01493	 0.01498	 0.01431
      61	 0.01433	 0.01425	 0.01425	 0.01447	 0.01422	 0.01376
      62	 0.01352	 0.01355	 0.01366	 0.01389	 0.01396	  0.0132
      63	 0.01287	 0.01289	 0.01301	  0.0131	 0.01307	 0.01252
      64	 0.01229	 0.01232	 0.01229	 0.01255	 0.01253	 0.01194
      65	 0.01137	 0.01185	 0.01189	 0.01207	 0.01216	 0.01143
      66	 0.01096	 0.01129	 0.01134	 0.01163	 0.01147	 0.01089
      67	 0.01066	  0.0108	 0.01088	 0.01105	 0.01089	 0.01042
      68	  0.0102	 0.01024	 0.01038	 0.01062	 0.01048	0.009962
      69	0.009875	 0.00983	0.009945	  0.0102	0.009973	0.009561
      70	0.009446	 0.00939	0.009364	 0.00967	0.009468	0.009112
      71	0.008972	0.008876	0.009145	0.009296	0.009222	0.008748
      72	0.008608	0.008655	0.008816	0.008916	0.008915	0.008404
      73	0.008384	0.008339	0.008312	0.008581	0.008452	0.008054
      74	0.007919	0.007904	 0.00804	0.008205	0.008108	 0.00772
      75	0.007557	0.007612	0.007741	0.007897	0.007906	0.007458
      76	0.007385	0.007424	0.007509	0.007537	0.007645	0.007194
      77	0.007098	0.007112	0.007192	0.007337	0.007262	0.006923
      78	0.006902	0.006917	0.006936	0.006995	0.006896	0.006652
      79	0.006595	0.006601	0.006613	0.006837	0.006677	0.006398
      80	0.006383	0.006399	0.006401	0.006575	0.006622	0.006192
      81	0.006082	0.006139	0.006207	0.006416	0.006336	0.005987
      82	0.005972	 0.00593	0.005939	0.006273	0.006143	0.005791
      83	0.005716	0.005748	0.005774	0.005977	0.005945	0.005607
      84	0.005469	0.005563	0.005594	0.005817	0.005853	0.005415
      85	0.005208	0.005394	0.005504	0.005548	0.005684	0.005281
      86	0.005245	0.005214	0.005353	0.005498	0.005548	0.005139
      87	0.005095	0.005169	0.005124	0.005262	0.005238	0.004953
      88	0.004938	0.004903	 0.00501	0.005101	 0.00516	0.004793
      89	0.004717	0.004733	0.004819	0.004924	0.004995	0.004641
      90	0.004553	0.004615	0.004725	0.004823	0.004716	0.004504
      91	0.004369	  0.0045	 0.00457	0.004623	0.004564	0.004353
      92	0.004356	0.004352	0.004469	0.004528	0.004527	0.004265
      93	0.004249	 0.00421	0.004283	  0.0044	0.004376	0.004118
      94	0.004011	0.004141	0.004161	0.004247	0.004219	0.003991
      95	 0.00406	0.004043	0.004107	0.004184	0.004175	 0.00394
      96	0.003946	0.003961	0.004021	0.004052	0.003974	0.003835
      97	0.003806	0.003911	0.003891	0.004014	0.003971	0.003751
      98	0.003703	0.003808	0.003788	 0.00395	0.003886	 0.00366
      99	0.003566	0.003647	 0.00369	0.003831	0.003815	0.003549
     100	0.003507	 0.00354	0.003666	0.003685	0.003756	 0.00348
     101	0.003422	 0.00348	0.003523	0.003615	0.003566	0.003387
     102	0.003408	0.003437	0.003461	0.003563	0.003487	0.003321
     103	  0.0033	0.003384	0.003412	0.003507	0.003421	0.003276
     104	0.003214	0.003286	0.003321	0.003314	  0.0033	0.003164
     105	0.003216	0.003209	0.003247	0.003284	0.003213	  0.0031
     106	0.003114	0.003118	0.003175	0.003214	0.003222	0.003041
     107	0.003058	0.003083	0.003134	0.003198	0.003204	0.003002
     108	0.002993	0.003016	0.003072	0.003102	0.003123	0.002939
     109	0.002976	0.002966	0.002974	0.003033	0.003121	0.002874
     110	0.002895	0.002913	0.002955	0.002972	 0.00298	0.002822
     111	0.002846	0.002861	0.002879	0.002918	0.002915	0.002777
     112	 0.00282	0.002845	0.002872	0.002969	0.002895	0.002767
     113	 0.00281	0.002828	0.002839	0.002866	0.002892	0.002728
     114	 0.00278	0.002765	0.002818	0.002847	0.002847	0.002687
     115	0.002781	0.002765	 0.00277	0.002796	0.002721	 0.00265
     116	0.002706	0.002687	0.002738	0.002753	0.002725	0.002611
     117	0.002596	0.002647	0.002676	0.002727	0.002714	0.002565
     118	  0.0026	0.002607	0.002624	0.002694	0.002723	 0.00254
     119	  0.0026	0.002612	0.002621	0.002654	0.002625	0.002522
     120	0.002578	0.002558	0.002569	0.002631	0.002625	0.002482
     121	0.002495	0.002534	0.002564	 0.00263	0.002634	0.002463
     122	0.002491	  0.0025	0.002519	0.002645	0.002621	0.002441
     123	0.002509	0.002495	0.002499	0.002586	 0.00254	0.002434
     124	0.002456	 0.00246	0.002504	0.002561	0.002548	0.002401
     125	 0.00245	 0.00245	 0.00248	0.002533	0.002505	0.002378
     126	0.002422	0.002408	0.002432	0.002487	0.002502	0.002348
     127	 0.00241	0.002385	0.002419	0.002455	 0.00241	0.002323
     128	0.002334	0.002362	0.002439	0.002446	0.002402	0.002305
     129	0.002383	0.002383	0.002414	0.002431	0.002416	0.002309
     130	 0.00242	0.002394	0.002416	0.002458	0.002424	0.002314
     131	  0.0024	0.002386	 0.00239	 0.00238	0.002343	 0.00228
     132	 0.00241	0.002382	0.002381	0.002406	0.002351	0.002288
     133	0.002435	0.002404	0.002396	0.002404	0.002354	0.002299
     134	0.002427	0.002424	0.002406	 0.00244	0.002453	0.002321
     135	0.002459	0.002433	0.002454	0.002489	0.002449	0.002359
     136	 0.00249	 0.00247	0.002477	0.002516	0.002444	0.002376
     137	0.002523	0.002506	0.002495	0.002495	0.002481	0.002396
     138	0.002512	0.002498	0.002488	  0.0025	0.002526	0.002399
     139	0.002508	0.002503	0.002514	0.002523	 0.00252	0.002409
     140	0.002475	0.002499	0.002497	0.002525	0.002549	 0.00241
     141	0.002451	0.002473	0.002501	0.002529	0.002462	0.002392
     142	0.002475	0.002482	0.002513	0.002501	0.002425	0.002388
     143	0.002458	0.002453	0.002459	0.002506	 0.00245	0.002365
     144	 0.00244	0.002436	0.002472	0.002493	0.002459	0.002357
     145	 0.00246	0.002463	0.002484	0.002541	0.002489	0.002388
     146	0.002457	 0.00246	0.002481	0.002538	0.002486	0.002385
     147	0.002454	0.002457	0.002478	0.002535	0.002483	0.002382
     148	0.002452	0.002455	0.002476	0.002532	0.002481	 0.00238
     149	 0.00245	0.002453	0.002474	 0.00253	0.002479	0.002378
     150	0.002448	0.002451	0.002472	0.002528	0.002477	0.002376
     151	0.002446	0.002449	 0.00247	0.002526	0.002475	0.002374
     152	0.002444	0.002447	0.002468	0.002525	0.002473	0.002373
     153	0.002443	0.002446	0.002467	0.002523	0.002472	0.002371
     154	0.002441	0.002445	0.002465	0.002522	 0.00247	 0.00237
     155	 0.00244	0.002443	0.002464	0.002521	0.002469	0.002369
     156	0.002439	0.002442	0.002463	0.002519	0.002468	0.002368
     157	0.002438	0.002441	0.002462	0.002518	0.002467	0.002367
     158	0.002437	 0.00244	0.002461	0.002518	0.002466	0.002366
     159	0.002436	 0.00244	 0.00246	0.002517	0.002466	0.002365
     160	0.002436	0.002439	 0.00246	0.002516	0.002465	0.002365
     161	0.002435	0.002438	0.002459	0.002516	0.002464	0.002364
     162	0.002435	0.002438	0.002459	0.002515	0.002464	0.002364
     163	0.002434	0.002438	0.002458	0.002515	0.002463	0.002363
     164	0.002434	0.002437	0.002458	0.002514	0.002463	0.002363
     165	0.002433	0.002437	0.002458	0.002514	0.002463	0.002363
     166	0.002433	0.002437	0.002457	0.002514	0.002462	0.002362
     167	0.002433	0.002436	0.002457	0.002513	0.002462	0.002362
     168	0.002433	0.002436	0.002457	0.002513	0.002462	0.002362
     169	0.002433	0.002436	0.002457	0.002513	0.002462	0.002362
     170	0.002432	0.002436	0.002456	0.002513	0.002462	0.002362
     171	0.002432	0.002436	0.002456	0.002513	0.002462	0.002361
     172	0.002432	0.002435	0.002456	0.002513	0.002461	0.002361
     173	0.002432	0.002435	0.002456	0.002513	0.002461	0.002361
     174	0.002432	0.002435	0.002456	0.002512	0.002461	0.002361
     175	0.002432	0.002435	0.002456	0.002512	0.002461	0.002361
     176	0.002432	0.002435	0.002456	0.002512	0.002461	0.002361
     177	0.002432	0.002435	0.002456	0.002512	0.002461	0.002361
     178	0.002432	0.002435	0.002456	0.002512	0.002461	0.002361
     179	0.002432	0.002435	0.002456	0.002512	0.002461	0.002361
     180	0.002432	0.002435	0.002456	0.002512	0.002461	0.002361
