/*
Particulate absorption and scattering spectra, normalized by SPM 
Scattering spectra from ac-s power-function fit 400-700 nm scaled by LISST-VSF scattering coefficient at 532 nm 
Total (a_p) and MeOH-extracted (a_d) absorption spectra from UV/VIS spectrophotometer measurements with GF/F filter inside 15-cm integrating sphere
Correction for filter-pad pathlength amplification from Stramski et al. 2015 

Lat, Lon = 70.402, -147.540
Date Time UTC = 10-Sep-2018 20:08:59
Depth = 1.4 m
SPM = 3.61 g/m3
POC = 234.24 mg/m3
PSD power-law exponent (~1.5-147 µm) = 4.19 
Scattering spectra power-function exponent (400-700 nm) = 0.579 

Created by Daniel Koestner on 15-Jan-2024 15:28:38
Data Version: V4_10-Nov-2023

Column 1: wavelength [nm]
Column 2: a_p [m^2/g]
Column 3: a_d [m^2/g]
Column 4: b_p [m^2/g]
*/
     290	  0.2919	  0.2582	   1.377
     291	  0.2888	  0.2549	   1.374
     292	  0.2859	  0.2519	   1.372
     293	  0.2831	   0.249	   1.369
     294	  0.2804	  0.2464	   1.366
     295	  0.2779	   0.244	   1.363
     296	  0.2756	  0.2418	   1.361
     297	  0.2735	  0.2398	   1.358
     298	  0.2716	   0.238	   1.355
     299	  0.2698	  0.2364	   1.353
     300	  0.2682	  0.2348	    1.35
     301	  0.2666	  0.2333	   1.348
     302	  0.2651	  0.2318	   1.345
     303	  0.2637	  0.2304	   1.342
     304	  0.2623	  0.2289	    1.34
     305	   0.261	  0.2275	   1.337
     306	  0.2598	  0.2262	   1.335
     307	  0.2587	  0.2249	   1.332
     308	  0.2578	  0.2238	    1.33
     309	   0.257	  0.2228	   1.327
     310	  0.2563	  0.2219	   1.325
     311	  0.2555	  0.2212	   1.322
     312	  0.2546	  0.2205	    1.32
     313	  0.2535	  0.2199	   1.317
     314	  0.2523	  0.2192	   1.315
     315	  0.2508	  0.2184	   1.313
     316	  0.2492	  0.2174	    1.31
     317	  0.2476	  0.2163	   1.308
     318	  0.2461	  0.2151	   1.305
     319	  0.2446	  0.2138	   1.303
     320	  0.2432	  0.2125	   1.301
     321	   0.242	  0.2112	   1.298
     322	  0.2408	  0.2099	   1.296
     323	  0.2396	  0.2086	   1.294
     324	  0.2384	  0.2073	   1.291
     325	  0.2373	  0.2061	   1.289
     326	  0.2361	   0.205	   1.287
     327	  0.2351	   0.204	   1.284
     328	  0.2341	   0.203	   1.282
     329	  0.2331	  0.2021	    1.28
     330	  0.2323	  0.2013	   1.278
     331	  0.2315	  0.2005	   1.275
     332	  0.2307	  0.1997	   1.273
     333	  0.2298	  0.1989	   1.271
     334	   0.229	   0.198	   1.269
     335	  0.2281	  0.1972	   1.267
     336	  0.2273	  0.1964	   1.264
     337	  0.2265	  0.1957	   1.262
     338	  0.2258	  0.1949	    1.26
     339	  0.2251	  0.1942	   1.258
     340	  0.2245	  0.1935	   1.256
     341	  0.2239	  0.1928	   1.254
     342	  0.2232	  0.1921	   1.252
     343	  0.2225	  0.1913	   1.249
     344	  0.2216	  0.1905	   1.247
     345	  0.2206	  0.1896	   1.245
     346	  0.2195	  0.1887	   1.243
     347	  0.2184	  0.1878	   1.241
     348	  0.2172	  0.1869	   1.239
     349	   0.216	   0.186	   1.237
     350	  0.2148	  0.1851	   1.235
     351	  0.2137	  0.1842	   1.233
     352	  0.2127	  0.1833	   1.231
     353	  0.2116	  0.1823	   1.229
     354	  0.2107	  0.1813	   1.227
     355	  0.2097	  0.1803	   1.225
     356	  0.2088	  0.1793	   1.223
     357	  0.2078	  0.1783	   1.221
     358	  0.2069	  0.1773	   1.219
     359	   0.206	  0.1762	   1.217
     360	  0.2049	  0.1751	   1.215
     361	  0.2039	   0.174	   1.213
     362	  0.2028	  0.1728	   1.211
     363	  0.2017	  0.1717	   1.209
     364	  0.2007	  0.1706	   1.207
     365	  0.1997	  0.1696	   1.205
     366	  0.1988	  0.1687	   1.203
     367	  0.1979	  0.1677	   1.201
     368	  0.1971	  0.1668	     1.2
     369	  0.1962	  0.1659	   1.198
     370	  0.1954	  0.1649	   1.196
     371	  0.1945	  0.1639	   1.194
     372	  0.1936	  0.1627	   1.192
     373	  0.1927	  0.1615	    1.19
     374	  0.1916	  0.1603	   1.188
     375	  0.1905	  0.1589	   1.187
     376	  0.1892	  0.1575	   1.185
     377	  0.1879	  0.1561	   1.183
     378	  0.1865	  0.1546	   1.181
     379	  0.1851	  0.1532	   1.179
     380	  0.1837	  0.1517	   1.177
     381	  0.1824	  0.1503	   1.176
     382	  0.1811	   0.149	   1.174
     383	  0.1798	  0.1477	   1.172
     384	  0.1787	  0.1465	    1.17
     385	  0.1776	  0.1453	   1.169
     386	  0.1765	  0.1442	   1.167
     387	  0.1755	  0.1431	   1.165
     388	  0.1746	   0.142	   1.163
     389	  0.1737	  0.1409	   1.162
     390	  0.1729	  0.1398	    1.16
     391	  0.1721	  0.1387	   1.158
     392	  0.1713	  0.1376	   1.156
     393	  0.1704	  0.1365	   1.155
     394	  0.1696	  0.1355	   1.153
     395	  0.1687	  0.1344	   1.151
     396	  0.1678	  0.1333	    1.15
     397	  0.1668	  0.1321	   1.148
     398	  0.1659	  0.1309	   1.146
     399	  0.1649	  0.1297	   1.145
     400	   0.164	  0.1285	   1.143
     401	  0.1631	  0.1273	   1.141
     402	  0.1622	   0.126	    1.14
     403	  0.1613	  0.1247	   1.138
     404	  0.1604	  0.1234	   1.136
     405	  0.1596	  0.1221	   1.135
     406	  0.1588	  0.1208	   1.133
     407	  0.1582	  0.1196	   1.132
     408	  0.1576	  0.1186	    1.13
     409	  0.1573	  0.1177	   1.128
     410	   0.157	  0.1169	   1.127
     411	  0.1568	  0.1163	   1.125
     412	  0.1566	  0.1157	   1.124
     413	  0.1563	  0.1151	   1.122
     414	  0.1559	  0.1144	    1.12
     415	  0.1554	  0.1137	   1.119
     416	  0.1548	   0.113	   1.117
     417	  0.1542	  0.1121	   1.116
     418	  0.1535	  0.1112	   1.114
     419	  0.1527	  0.1102	   1.113
     420	   0.152	  0.1091	   1.111
     421	  0.1512	   0.108	    1.11
     422	  0.1503	  0.1069	   1.108
     423	  0.1495	  0.1057	   1.107
     424	  0.1487	  0.1046	   1.105
     425	  0.1479	  0.1035	   1.104
     426	  0.1471	  0.1025	   1.102
     427	  0.1463	  0.1014	   1.101
     428	  0.1456	  0.1005	   1.099
     429	   0.145	 0.09949	   1.098
     430	  0.1444	 0.09852	   1.096
     431	  0.1439	 0.09753	   1.095
     432	  0.1435	 0.09652	   1.093
     433	   0.143	  0.0955	   1.092
     434	  0.1425	 0.09447	    1.09
     435	   0.142	 0.09347	   1.089
     436	  0.1413	  0.0925	   1.087
     437	  0.1406	 0.09158	   1.086
     438	  0.1399	 0.09074	   1.084
     439	   0.139	 0.08999	   1.083
     440	  0.1382	 0.08932	   1.082
     441	  0.1373	 0.08872	    1.08
     442	  0.1364	 0.08816	   1.079
     443	  0.1355	 0.08762	   1.077
     444	  0.1346	 0.08706	   1.076
     445	  0.1336	 0.08647	   1.075
     446	  0.1326	 0.08584	   1.073
     447	  0.1315	 0.08518	   1.072
     448	  0.1305	 0.08452	    1.07
     449	  0.1294	 0.08387	   1.069
     450	  0.1285	 0.08325	   1.068
     451	  0.1276	 0.08269	   1.066
     452	  0.1268	 0.08218	   1.065
     453	  0.1261	 0.08171	   1.063
     454	  0.1255	 0.08128	   1.062
     455	  0.1249	 0.08088	   1.061
     456	  0.1244	 0.08048	   1.059
     457	   0.124	 0.08007	   1.058
     458	  0.1235	 0.07964	   1.057
     459	  0.1231	 0.07918	   1.055
     460	  0.1226	 0.07869	   1.054
     461	  0.1221	 0.07819	   1.053
     462	  0.1215	 0.07769	   1.051
     463	   0.121	 0.07721	    1.05
     464	  0.1205	 0.07674	   1.049
     465	  0.1199	  0.0763	   1.047
     466	  0.1194	 0.07587	   1.046
     467	  0.1187	 0.07543	   1.045
     468	  0.1181	 0.07497	   1.044
     469	  0.1173	 0.07448	   1.042
     470	  0.1165	 0.07397	   1.041
     471	  0.1157	 0.07345	    1.04
     472	  0.1148	 0.07295	   1.038
     473	   0.114	 0.07249	   1.037
     474	  0.1132	 0.07208	   1.036
     475	  0.1124	 0.07172	   1.035
     476	  0.1116	 0.07141	   1.033
     477	  0.1108	 0.07113	   1.032
     478	  0.1099	 0.07086	   1.031
     479	  0.1091	 0.07058	    1.03
     480	  0.1082	 0.07028	   1.028
     481	  0.1073	 0.06995	   1.027
     482	  0.1065	 0.06959	   1.026
     483	  0.1056	 0.06919	   1.025
     484	  0.1048	 0.06877	   1.023
     485	   0.104	 0.06833	   1.022
     486	  0.1031	 0.06787	   1.021
     487	  0.1023	 0.06743	    1.02
     488	  0.1014	 0.06699	   1.019
     489	  0.1004	 0.06656	   1.017
     490	 0.09949	 0.06615	   1.016
     491	 0.09853	 0.06573	   1.015
     492	 0.09756	 0.06532	   1.014
     493	 0.09659	 0.06488	   1.013
     494	 0.09563	 0.06444	   1.011
     495	 0.09469	 0.06398	    1.01
     496	 0.09374	 0.06351	   1.009
     497	  0.0928	 0.06304	   1.008
     498	 0.09184	 0.06257	   1.007
     499	 0.09088	 0.06212	   1.006
     500	 0.08991	 0.06169	   1.004
     501	 0.08893	 0.06127	   1.003
     502	 0.08796	 0.06087	   1.002
     503	   0.087	 0.06048	   1.001
     504	 0.08605	  0.0601	  0.9997
     505	 0.08513	 0.05971	  0.9986
     506	 0.08421	 0.05932	  0.9974
     507	 0.08331	 0.05892	  0.9963
     508	  0.0824	 0.05851	  0.9952
     509	 0.08151	  0.0581	   0.994
     510	 0.08062	 0.05768	  0.9929
     511	 0.07975	 0.05727	  0.9918
     512	 0.07891	 0.05688	  0.9907
     513	  0.0781	 0.05652	  0.9895
     514	 0.07732	 0.05616	  0.9884
     515	 0.07658	 0.05582	  0.9873
     516	 0.07586	 0.05548	  0.9862
     517	 0.07518	 0.05512	  0.9851
     518	 0.07451	 0.05476	   0.984
     519	 0.07386	 0.05438	  0.9829
     520	 0.07322	 0.05399	  0.9818
     521	 0.07258	 0.05359	  0.9807
     522	 0.07194	  0.0532	  0.9796
     523	 0.07128	  0.0528	  0.9785
     524	 0.07061	 0.05239	  0.9775
     525	 0.06992	 0.05199	  0.9764
     526	 0.06921	 0.05158	  0.9753
     527	 0.06851	 0.05118	  0.9742
     528	 0.06782	  0.0508	  0.9732
     529	 0.06715	 0.05043	  0.9721
     530	 0.06652	 0.05008	   0.971
     531	 0.06591	 0.04976	    0.97
     532	 0.06532	 0.04944	  0.9689
     533	 0.06475	 0.04914	  0.9679
     534	 0.06417	 0.04883	  0.9668
     535	  0.0636	 0.04852	  0.9658
     536	 0.06302	  0.0482	  0.9647
     537	 0.06243	 0.04787	  0.9637
     538	 0.06184	 0.04755	  0.9626
     539	 0.06127	 0.04724	  0.9616
     540	 0.06072	 0.04694	  0.9606
     541	 0.06019	 0.04665	  0.9595
     542	 0.05969	 0.04637	  0.9585
     543	  0.0592	 0.04609	  0.9575
     544	  0.0587	 0.04579	  0.9565
     545	  0.0582	 0.04548	  0.9555
     546	 0.05768	 0.04514	  0.9544
     547	 0.05714	 0.04479	  0.9534
     548	 0.05659	 0.04444	  0.9524
     549	 0.05606	 0.04411	  0.9514
     550	 0.05555	 0.04381	  0.9504
     551	 0.05508	 0.04356	  0.9494
     552	 0.05464	 0.04334	  0.9484
     553	 0.05423	 0.04316	  0.9474
     554	 0.05382	 0.04299	  0.9464
     555	  0.0534	 0.04283	  0.9454
     556	 0.05299	 0.04266	  0.9445
     557	 0.05256	  0.0425	  0.9435
     558	 0.05214	 0.04232	  0.9425
     559	 0.05173	 0.04215	  0.9415
     560	 0.05136	 0.04199	  0.9405
     561	 0.05102	 0.04183	  0.9396
     562	 0.05072	 0.04168	  0.9386
     563	 0.05044	 0.04153	  0.9376
     564	 0.05018	 0.04137	  0.9367
     565	 0.04992	  0.0412	  0.9357
     566	 0.04965	   0.041	  0.9348
     567	 0.04937	 0.04079	  0.9338
     568	 0.04908	 0.04056	  0.9328
     569	 0.04879	 0.04032	  0.9319
     570	 0.04851	 0.04008	   0.931
     571	 0.04825	 0.03986	    0.93
     572	 0.04801	 0.03966	  0.9291
     573	 0.04778	 0.03948	  0.9281
     574	 0.04757	 0.03931	  0.9272
     575	 0.04736	 0.03916	  0.9263
     576	 0.04717	 0.03901	  0.9253
     577	 0.04698	 0.03886	  0.9244
     578	 0.04681	 0.03871	  0.9235
     579	 0.04665	 0.03856	  0.9225
     580	 0.04652	 0.03842	  0.9216
     581	  0.0464	 0.03828	  0.9207
     582	 0.04631	 0.03816	  0.9198
     583	 0.04622	 0.03804	  0.9189
     584	 0.04613	 0.03794	   0.918
     585	 0.04603	 0.03784	   0.917
     586	 0.04592	 0.03774	  0.9161
     587	 0.04579	 0.03763	  0.9152
     588	 0.04564	 0.03751	  0.9143
     589	 0.04549	 0.03739	  0.9134
     590	 0.04534	 0.03726	  0.9125
     591	 0.04519	 0.03712	  0.9116
     592	 0.04504	 0.03698	  0.9107
     593	 0.04487	 0.03683	  0.9099
     594	  0.0447	 0.03667	   0.909
     595	  0.0445	 0.03652	  0.9081
     596	 0.04429	 0.03636	  0.9072
     597	 0.04406	  0.0362	  0.9063
     598	 0.04382	 0.03605	  0.9054
     599	 0.04357	 0.03588	  0.9046
     600	 0.04333	 0.03571	  0.9037
     601	  0.0431	 0.03553	  0.9028
     602	 0.04288	 0.03535	   0.902
     603	 0.04267	 0.03517	  0.9011
     604	  0.0425	   0.035	  0.9002
     605	 0.04236	 0.03484	  0.8994
     606	 0.04224	 0.03472	  0.8985
     607	 0.04216	 0.03461	  0.8976
     608	 0.04209	 0.03452	  0.8968
     609	 0.04202	 0.03443	  0.8959
     610	 0.04195	 0.03433	  0.8951
     611	 0.04186	 0.03422	  0.8942
     612	 0.04178	  0.0341	  0.8934
     613	  0.0417	 0.03397	  0.8925
     614	 0.04163	 0.03384	  0.8917
     615	 0.04159	 0.03374	  0.8909
     616	 0.04156	 0.03365	    0.89
     617	 0.04155	 0.03358	  0.8892
     618	 0.04155	 0.03352	  0.8884
     619	 0.04155	 0.03346	  0.8875
     620	 0.04153	 0.03338	  0.8867
     621	 0.04149	 0.03327	  0.8859
     622	 0.04143	 0.03315	   0.885
     623	 0.04135	   0.033	  0.8842
     624	 0.04127	 0.03284	  0.8834
     625	 0.04119	 0.03268	  0.8826
     626	 0.04112	 0.03253	  0.8818
     627	 0.04105	  0.0324	  0.8809
     628	   0.041	 0.03229	  0.8801
     629	 0.04096	 0.03219	  0.8793
     630	 0.04093	  0.0321	  0.8785
     631	 0.04088	   0.032	  0.8777
     632	 0.04083	 0.03189	  0.8769
     633	 0.04077	 0.03178	  0.8761
     634	 0.04071	 0.03166	  0.8753
     635	 0.04066	 0.03154	  0.8745
     636	 0.04063	 0.03143	  0.8737
     637	 0.04063	 0.03133	  0.8729
     638	 0.04064	 0.03126	  0.8721
     639	 0.04067	 0.03121	  0.8713
     640	 0.04071	 0.03118	  0.8705
     641	 0.04073	 0.03115	  0.8697
     642	 0.04074	 0.03112	   0.869
     643	 0.04071	 0.03108	  0.8682
     644	 0.04066	 0.03102	  0.8674
     645	 0.04058	 0.03094	  0.8666
     646	 0.04049	 0.03085	  0.8658
     647	 0.04041	 0.03075	  0.8651
     648	 0.04035	 0.03065	  0.8643
     649	 0.04031	 0.03056	  0.8635
     650	 0.04031	 0.03048	  0.8627
     651	 0.04035	 0.03042	   0.862
     652	 0.04042	 0.03038	  0.8612
     653	 0.04054	 0.03034	  0.8605
     654	 0.04069	 0.03029	  0.8597
     655	  0.0409	 0.03024	  0.8589
     656	 0.04117	 0.03018	  0.8582
     657	 0.04151	  0.0301	  0.8574
     658	 0.04195	 0.03002	  0.8567
     659	 0.04248	 0.02994	  0.8559
     660	 0.04311	 0.02986	  0.8552
     661	 0.04383	 0.02978	  0.8544
     662	 0.04461	  0.0297	  0.8537
     663	 0.04544	 0.02962	  0.8529
     664	 0.04629	 0.02953	  0.8522
     665	 0.04713	 0.02942	  0.8514
     666	 0.04795	  0.0293	  0.8507
     667	 0.04873	 0.02916	  0.8499
     668	 0.04946	 0.02903	  0.8492
     669	 0.05014	  0.0289	  0.8485
     670	 0.05074	 0.02878	  0.8477
     671	 0.05126	 0.02868	   0.847
     672	 0.05168	 0.02859	  0.8463
     673	 0.05197	 0.02852	  0.8455
     674	 0.05211	 0.02846	  0.8448
     675	 0.05208	  0.0284	  0.8441
     676	 0.05186	 0.02833	  0.8434
     677	 0.05145	 0.02826	  0.8426
     678	 0.05083	 0.02817	  0.8419
     679	 0.05002	 0.02808	  0.8412
     680	 0.04904	 0.02799	  0.8405
     681	 0.04791	  0.0279	  0.8398
     682	 0.04668	 0.02782	  0.8391
     683	 0.04536	 0.02776	  0.8383
     684	 0.04401	 0.02772	  0.8376
     685	 0.04264	  0.0277	  0.8369
     686	 0.04129	 0.02768	  0.8362
     687	 0.03996	 0.02766	  0.8355
     688	 0.03869	 0.02763	  0.8348
     689	 0.03747	 0.02759	  0.8341
     690	 0.03632	 0.02752	  0.8334
     691	 0.03525	 0.02745	  0.8327
     692	 0.03426	 0.02736	   0.832
     693	 0.03337	 0.02727	  0.8313
     694	 0.03257	 0.02717	  0.8306
     695	 0.03186	 0.02708	  0.8299
     696	 0.03123	 0.02699	  0.8292
     697	 0.03068	  0.0269	  0.8286
     698	  0.0302	 0.02682	  0.8279
     699	 0.02977	 0.02674	  0.8272
     700	  0.0294	 0.02667	  0.8265
     701	 0.02908	  0.0266	  0.8258
     702	 0.02881	 0.02654	  0.8251
     703	 0.02859	 0.02647	  0.8244
     704	 0.02841	  0.0264	  0.8238
     705	 0.02825	 0.02632	  0.8231
     706	 0.02811	 0.02623	  0.8224
     707	 0.02797	 0.02613	  0.8217
     708	 0.02782	 0.02602	  0.8211
     709	 0.02767	 0.02591	  0.8204
     710	  0.0275	  0.0258	  0.8197
     711	 0.02733	 0.02569	  0.8191
     712	 0.02716	 0.02559	  0.8184
     713	 0.02701	 0.02549	  0.8177
     714	 0.02688	 0.02541	  0.8171
     715	 0.02677	 0.02533	  0.8164
     716	 0.02667	 0.02525	  0.8157
     717	 0.02658	 0.02517	  0.8151
     718	 0.02649	 0.02509	  0.8144
     719	 0.02638	 0.02501	  0.8138
     720	 0.02626	 0.02492	  0.8131
     721	 0.02612	 0.02484	  0.8125
     722	 0.02598	 0.02477	  0.8118
     723	 0.02584	  0.0247	  0.8112
     724	 0.02573	 0.02465	  0.8105
     725	 0.02563	 0.02459	  0.8099
     726	 0.02554	 0.02454	  0.8092
     727	 0.02546	 0.02448	  0.8086
     728	 0.02538	 0.02441	  0.8079
     729	 0.02528	 0.02432	  0.8073
     730	 0.02516	 0.02422	  0.8066
     731	 0.02504	 0.02411	   0.806
     732	  0.0249	   0.024	  0.8054
     733	 0.02477	 0.02389	  0.8047
     734	 0.02465	 0.02378	  0.8041
     735	 0.02454	 0.02367	  0.8035
     736	 0.02445	 0.02356	  0.8028
     737	 0.02437	 0.02345	  0.8022
     738	 0.02429	 0.02333	  0.8016
     739	 0.02421	 0.02321	  0.8009
     740	 0.02412	  0.0231	  0.8003
     741	 0.02402	 0.02301	  0.7997
     742	 0.02392	 0.02295	  0.7991
     743	 0.02383	 0.02293	  0.7984
     744	 0.02375	 0.02295	  0.7978
     745	 0.02371	   0.023	  0.7972
     746	 0.02369	 0.02309	  0.7966
     747	 0.02371	 0.02319	   0.796
     748	 0.02377	  0.0233	  0.7953
     749	 0.02384	 0.02341	  0.7947
     750	 0.02392	 0.02349	  0.7941
     751	 0.02397	 0.02353	  0.7935
     752	 0.02398	 0.02351	  0.7929
     753	 0.02393	 0.02343	  0.7923
     754	  0.0238	 0.02326	  0.7917
     755	 0.02361	 0.02304	  0.7911
     756	 0.02337	 0.02277	  0.7905
     757	 0.02312	 0.02248	  0.7898
     758	 0.02288	 0.02221	  0.7892
     759	 0.02268	 0.02199	  0.7886
     760	 0.02254	 0.02183	   0.788
     761	 0.02245	 0.02173	  0.7874
     762	 0.02243	  0.0217	  0.7868
     763	 0.02244	 0.02172	  0.7862
     764	 0.02246	 0.02176	  0.7856
     765	 0.02247	 0.02181	  0.7851
     766	 0.02244	 0.02184	  0.7845
     767	 0.02238	 0.02184	  0.7839
     768	 0.02228	 0.02182	  0.7833
     769	 0.02216	 0.02177	  0.7827
     770	 0.02203	  0.0217	  0.7821
     771	 0.02193	 0.02165	  0.7815
     772	 0.02188	 0.02163	  0.7809
     773	  0.0219	 0.02164	  0.7803
     774	 0.02197	 0.02169	  0.7798
     775	 0.02206	 0.02175	  0.7792
     776	 0.02215	  0.0218	  0.7786
     777	  0.0222	 0.02181	   0.778
     778	  0.0222	 0.02177	  0.7774
     779	 0.02213	 0.02169	  0.7768
     780	 0.02202	 0.02157	  0.7763
     781	 0.02188	 0.02144	  0.7757
     782	 0.02173	 0.02131	  0.7751
     783	 0.02158	 0.02119	  0.7745
     784	 0.02141	 0.02107	   0.774
     785	 0.02123	 0.02095	  0.7734
     786	 0.02102	 0.02081	  0.7728
     787	 0.02081	 0.02067	  0.7723
     788	 0.02062	 0.02054	  0.7717
     789	 0.02048	 0.02044	  0.7711
     790	 0.02041	 0.02038	  0.7706
     791	 0.02041	 0.02035	    0.77
     792	 0.02047	 0.02035	  0.7694
     793	 0.02055	 0.02035	  0.7689
     794	 0.02063	 0.02033	  0.7683
     795	 0.02068	 0.02027	  0.7678
     796	 0.02069	 0.02017	  0.7672
     797	 0.02067	 0.02004	  0.7666
     798	 0.02062	 0.01992	  0.7661
     799	 0.02056	 0.01981	  0.7655
     800	 0.02049	 0.01975	   0.765
     801	 0.02042	 0.01973	  0.7644
     802	 0.02036	 0.01976	  0.7639
     803	 0.02031	 0.01982	  0.7633
     804	 0.02027	 0.01991	  0.7628
     805	 0.02025	 0.02001	  0.7622
     806	 0.02025	 0.02011	  0.7617
     807	 0.02028	  0.0202	  0.7611
     808	 0.02032	 0.02028	  0.7606
     809	 0.02037	 0.02033	    0.76
     810	 0.02043	 0.02035	  0.7595
     811	 0.02048	 0.02035	  0.7589
     812	 0.02052	 0.02033	  0.7584
     813	 0.02052	 0.02029	  0.7579
     814	 0.02049	 0.02024	  0.7573
     815	 0.02042	 0.02019	  0.7568
     816	  0.0203	 0.02013	  0.7562
     817	 0.02015	 0.02008	  0.7557
     818	 0.01996	 0.02002	  0.7552
     819	 0.01976	 0.01998	  0.7546
     820	 0.01954	 0.01994	  0.7541
     821	 0.01933	 0.01989	  0.7536
     822	 0.01912	 0.01982	   0.753
     823	 0.01892	 0.01971	  0.7525
     824	 0.01874	 0.01956	   0.752
     825	 0.01859	 0.01937	  0.7515
     826	 0.01848	 0.01916	  0.7509
     827	 0.01842	 0.01895	  0.7504
     828	  0.0184	 0.01876	  0.7499
     829	 0.01841	 0.01861	  0.7494
     830	 0.01843	 0.01849	  0.7488
     831	 0.01843	 0.01838	  0.7483
     832	 0.01839	 0.01828	  0.7478
     833	 0.01832	 0.01818	  0.7473
     834	 0.01821	 0.01807	  0.7467
     835	 0.01808	 0.01798	  0.7462
     836	 0.01794	  0.0179	  0.7457
     837	  0.0178	 0.01785	  0.7452
     838	 0.01767	 0.01781	  0.7447
     839	 0.01757	 0.01777	  0.7442
     840	 0.01749	 0.01772	  0.7437
     841	 0.01746	 0.01763	  0.7431
     842	 0.01745	 0.01751	  0.7426
     843	 0.01746	 0.01737	  0.7421
     844	 0.01747	 0.01724	  0.7416
     845	 0.01747	 0.01714	  0.7411
     846	 0.01745	  0.0171	  0.7406
     847	 0.01743	 0.01712	  0.7401
     848	  0.0174	 0.01719	  0.7396
     849	 0.01738	 0.01726	  0.7391
     850	 0.01739	 0.01728	  0.7386
