/*
Particulate absorption and scattering spectra, normalized by SPM 
Scattering spectra from ac-s power-function fit 400-700 nm scaled by LISST-VSF scattering coefficient at 532 nm 
Total (a_p) and MeOH-extracted (a_d) absorption spectra from UV/VIS spectrophotometer measurements with GF/F filter inside 15-cm integrating sphere
Correction for filter-pad pathlength amplification from Stramski et al. 2015 

Lat, Lon = 70.550, -148.100
Date Time UTC = 12-Aug-2019 22:50:32
Depth = 16.5 m
SPM = 8.35 g/m3
POC = 210.43 mg/m3
PSD power-law exponent (~1.5-147 µm) = 3.74 
Scattering spectra power-function exponent (400-700 nm) = 0.538 

Created by Daniel Koestner on 15-Jan-2024 15:28:38
Data Version: V4_10-Nov-2023

Column 1: wavelength [nm]
Column 2: a_p [m^2/g]
Column 3: a_d [m^2/g]
Column 4: b_p [m^2/g]
*/
     290	  0.1687	  0.1361	   1.666
     291	  0.1679	  0.1359	   1.663
     292	  0.1672	  0.1356	    1.66
     293	  0.1664	  0.1353	   1.657
     294	  0.1656	  0.1348	   1.654
     295	  0.1647	  0.1343	   1.651
     296	  0.1639	  0.1337	   1.648
     297	   0.163	  0.1331	   1.645
     298	  0.1621	  0.1324	   1.642
     299	  0.1611	  0.1317	   1.639
     300	  0.1601	   0.131	   1.636
     301	  0.1591	  0.1302	   1.633
     302	  0.1581	  0.1295	   1.631
     303	  0.1571	  0.1287	   1.628
     304	  0.1561	  0.1279	   1.625
     305	  0.1552	  0.1272	   1.622
     306	  0.1543	  0.1264	   1.619
     307	  0.1535	  0.1257	   1.616
     308	  0.1527	   0.125	   1.613
     309	  0.1519	  0.1243	   1.611
     310	  0.1511	  0.1236	   1.608
     311	  0.1503	   0.123	   1.605
     312	  0.1495	  0.1223	   1.602
     313	  0.1487	  0.1217	   1.599
     314	  0.1479	  0.1211	   1.597
     315	  0.1471	  0.1206	   1.594
     316	  0.1464	  0.1201	   1.591
     317	  0.1458	  0.1197	   1.589
     318	  0.1451	  0.1194	   1.586
     319	  0.1445	  0.1191	   1.583
     320	  0.1438	  0.1188	   1.581
     321	  0.1431	  0.1185	   1.578
     322	  0.1424	  0.1182	   1.575
     323	  0.1418	  0.1179	   1.573
     324	  0.1411	  0.1175	    1.57
     325	  0.1406	  0.1172	   1.567
     326	    0.14	  0.1168	   1.565
     327	  0.1395	  0.1165	   1.562
     328	   0.139	  0.1161	    1.56
     329	  0.1385	  0.1157	   1.557
     330	  0.1379	  0.1152	   1.555
     331	  0.1372	  0.1146	   1.552
     332	  0.1364	   0.114	    1.55
     333	  0.1356	  0.1132	   1.547
     334	  0.1347	  0.1125	   1.545
     335	   0.134	  0.1118	   1.542
     336	  0.1332	  0.1111	    1.54
     337	  0.1326	  0.1105	   1.537
     338	   0.132	  0.1099	   1.535
     339	  0.1315	  0.1094	   1.532
     340	   0.131	   0.109	    1.53
     341	  0.1304	  0.1085	   1.527
     342	  0.1298	   0.108	   1.525
     343	  0.1291	  0.1075	   1.523
     344	  0.1284	   0.107	    1.52
     345	  0.1276	  0.1065	   1.518
     346	  0.1269	   0.106	   1.516
     347	  0.1262	  0.1055	   1.513
     348	  0.1255	   0.105	   1.511
     349	  0.1249	  0.1045	   1.508
     350	  0.1243	  0.1041	   1.506
     351	  0.1237	  0.1036	   1.504
     352	  0.1231	  0.1031	   1.502
     353	  0.1225	  0.1027	   1.499
     354	  0.1219	  0.1022	   1.497
     355	  0.1213	  0.1017	   1.495
     356	  0.1207	  0.1012	   1.492
     357	  0.1201	  0.1007	    1.49
     358	  0.1194	  0.1001	   1.488
     359	  0.1188	 0.09957	   1.486
     360	  0.1181	 0.09901	   1.484
     361	  0.1175	 0.09846	   1.481
     362	  0.1168	  0.0979	   1.479
     363	  0.1161	 0.09734	   1.477
     364	  0.1154	 0.09677	   1.475
     365	  0.1147	 0.09618	   1.473
     366	   0.114	 0.09556	    1.47
     367	  0.1133	  0.0949	   1.468
     368	  0.1126	 0.09421	   1.466
     369	  0.1118	  0.0935	   1.464
     370	  0.1111	 0.09279	   1.462
     371	  0.1104	 0.09209	    1.46
     372	  0.1097	  0.0914	   1.458
     373	   0.109	 0.09072	   1.455
     374	  0.1082	 0.09002	   1.453
     375	  0.1074	 0.08929	   1.451
     376	  0.1066	 0.08851	   1.449
     377	  0.1058	 0.08769	   1.447
     378	  0.1049	 0.08684	   1.445
     379	  0.1039	   0.086	   1.443
     380	   0.103	 0.08519	   1.441
     381	  0.1021	 0.08442	   1.439
     382	  0.1012	 0.08371	   1.437
     383	  0.1003	 0.08306	   1.435
     384	 0.09946	 0.08245	   1.433
     385	 0.09865	 0.08187	   1.431
     386	 0.09788	  0.0813	   1.429
     387	 0.09713	 0.08073	   1.427
     388	 0.09641	 0.08017	   1.425
     389	 0.09571	 0.07959	   1.423
     390	 0.09503	 0.07901	   1.421
     391	 0.09435	 0.07842	   1.419
     392	 0.09368	 0.07781	   1.417
     393	   0.093	  0.0772	   1.415
     394	 0.09231	 0.07658	   1.413
     395	 0.09163	 0.07596	   1.411
     396	 0.09094	 0.07536	   1.409
     397	 0.09028	 0.07476	   1.407
     398	 0.08964	 0.07419	   1.406
     399	 0.08902	 0.07363	   1.404
     400	 0.08841	  0.0731	   1.402
     401	 0.08782	 0.07259	     1.4
     402	 0.08723	  0.0721	   1.398
     403	 0.08664	 0.07164	   1.396
     404	 0.08607	 0.07121	   1.394
     405	  0.0855	  0.0708	   1.392
     406	 0.08495	  0.0704	   1.391
     407	 0.08442	 0.07001	   1.389
     408	 0.08389	  0.0696	   1.387
     409	 0.08337	 0.06918	   1.385
     410	 0.08284	 0.06874	   1.383
     411	  0.0823	  0.0683	   1.381
     412	 0.08177	 0.06785	    1.38
     413	 0.08123	 0.06741	   1.378
     414	  0.0807	 0.06696	   1.376
     415	 0.08017	 0.06652	   1.374
     416	 0.07964	 0.06608	   1.373
     417	 0.07912	 0.06562	   1.371
     418	 0.07859	 0.06514	   1.369
     419	 0.07805	 0.06465	   1.367
     420	 0.07752	 0.06416	   1.365
     421	 0.07698	 0.06366	   1.364
     422	 0.07645	 0.06318	   1.362
     423	 0.07592	  0.0627	    1.36
     424	 0.07539	 0.06222	   1.359
     425	 0.07486	 0.06175	   1.357
     426	 0.07433	 0.06127	   1.355
     427	  0.0738	 0.06078	   1.353
     428	 0.07328	 0.06031	   1.352
     429	 0.07278	 0.05985	    1.35
     430	 0.07229	 0.05941	   1.348
     431	 0.07182	 0.05899	   1.347
     432	 0.07134	 0.05859	   1.345
     433	 0.07085	  0.0582	   1.343
     434	 0.07035	 0.05782	   1.342
     435	 0.06983	 0.05743	    1.34
     436	 0.06931	 0.05703	   1.338
     437	  0.0688	 0.05663	   1.337
     438	 0.06829	 0.05622	   1.335
     439	 0.06781	  0.0558	   1.333
     440	 0.06734	 0.05539	   1.332
     441	 0.06686	 0.05498	    1.33
     442	 0.06637	 0.05457	   1.329
     443	 0.06586	 0.05416	   1.327
     444	 0.06532	 0.05376	   1.325
     445	 0.06477	 0.05338	   1.324
     446	 0.06421	 0.05301	   1.322
     447	 0.06369	 0.05266	    1.32
     448	 0.06322	 0.05234	   1.319
     449	  0.0628	 0.05205	   1.317
     450	 0.06244	 0.05176	   1.316
     451	 0.06213	  0.0515	   1.314
     452	 0.06184	 0.05124	   1.313
     453	 0.06156	 0.05098	   1.311
     454	 0.06128	 0.05073	    1.31
     455	 0.06099	 0.05049	   1.308
     456	 0.06069	 0.05024	   1.306
     457	 0.06038	    0.05	   1.305
     458	 0.06007	 0.04976	   1.303
     459	 0.05976	  0.0495	   1.302
     460	 0.05944	 0.04924	     1.3
     461	 0.05912	 0.04898	   1.299
     462	 0.05878	  0.0487	   1.297
     463	 0.05843	 0.04842	   1.296
     464	 0.05809	 0.04815	   1.294
     465	 0.05775	 0.04788	   1.293
     466	 0.05744	 0.04763	   1.291
     467	 0.05715	 0.04739	    1.29
     468	 0.05689	 0.04717	   1.288
     469	 0.05665	 0.04697	   1.287
     470	 0.05643	 0.04678	   1.285
     471	 0.05622	 0.04661	   1.284
     472	   0.056	 0.04644	   1.282
     473	 0.05578	 0.04626	   1.281
     474	 0.05554	 0.04609	   1.279
     475	 0.05529	 0.04592	   1.278
     476	 0.05503	 0.04573	   1.277
     477	 0.05476	 0.04555	   1.275
     478	 0.05447	 0.04536	   1.274
     479	 0.05418	 0.04516	   1.272
     480	 0.05388	 0.04496	   1.271
     481	 0.05357	 0.04476	   1.269
     482	 0.05328	 0.04457	   1.268
     483	 0.05299	 0.04438	   1.267
     484	 0.05271	  0.0442	   1.265
     485	 0.05244	 0.04403	   1.264
     486	 0.05217	 0.04385	   1.262
     487	  0.0519	 0.04367	   1.261
     488	 0.05161	 0.04347	    1.26
     489	  0.0513	 0.04325	   1.258
     490	 0.05099	 0.04301	   1.257
     491	 0.05066	 0.04274	   1.255
     492	 0.05033	 0.04246	   1.254
     493	    0.05	 0.04218	   1.253
     494	 0.04968	 0.04189	   1.251
     495	 0.04936	 0.04162	    1.25
     496	 0.04904	 0.04136	   1.249
     497	 0.04873	 0.04113	   1.247
     498	 0.04843	 0.04091	   1.246
     499	 0.04814	 0.04072	   1.245
     500	 0.04786	 0.04053	   1.243
     501	 0.04759	 0.04035	   1.242
     502	 0.04732	 0.04016	   1.241
     503	 0.04705	 0.03997	   1.239
     504	 0.04677	 0.03975	   1.238
     505	 0.04649	 0.03953	   1.237
     506	  0.0462	  0.0393	   1.235
     507	 0.04591	 0.03907	   1.234
     508	 0.04562	 0.03884	   1.233
     509	 0.04534	 0.03862	   1.231
     510	 0.04506	 0.03841	    1.23
     511	 0.04479	  0.0382	   1.229
     512	 0.04453	   0.038	   1.228
     513	 0.04428	  0.0378	   1.226
     514	 0.04403	 0.03761	   1.225
     515	 0.04379	 0.03742	   1.224
     516	 0.04354	 0.03723	   1.222
     517	 0.04329	 0.03704	   1.221
     518	 0.04304	 0.03685	    1.22
     519	 0.04278	 0.03667	   1.219
     520	 0.04254	 0.03649	   1.217
     521	 0.04229	 0.03632	   1.216
     522	 0.04206	 0.03616	   1.215
     523	 0.04182	 0.03601	   1.214
     524	 0.04159	 0.03585	   1.212
     525	 0.04135	 0.03569	   1.211
     526	 0.04112	 0.03552	    1.21
     527	 0.04088	 0.03535	   1.209
     528	 0.04064	 0.03517	   1.207
     529	  0.0404	 0.03499	   1.206
     530	 0.04018	 0.03482	   1.205
     531	 0.03996	 0.03467	   1.204
     532	 0.03975	 0.03452	   1.202
     533	 0.03955	  0.0344	   1.201
     534	 0.03935	 0.03427	     1.2
     535	 0.03916	 0.03414	   1.199
     536	 0.03896	   0.034	   1.198
     537	 0.03876	 0.03385	   1.196
     538	 0.03856	 0.03369	   1.195
     539	 0.03836	 0.03353	   1.194
     540	 0.03815	 0.03336	   1.193
     541	 0.03794	 0.03319	   1.192
     542	 0.03773	 0.03302	    1.19
     543	 0.03752	 0.03286	   1.189
     544	 0.03731	  0.0327	   1.188
     545	 0.03711	 0.03254	   1.187
     546	 0.03691	 0.03238	   1.186
     547	 0.03673	 0.03224	   1.185
     548	 0.03657	 0.03211	   1.183
     549	 0.03641	 0.03201	   1.182
     550	 0.03627	 0.03191	   1.181
     551	 0.03614	 0.03183	    1.18
     552	   0.036	 0.03176	   1.179
     553	 0.03586	 0.03168	   1.178
     554	 0.03571	 0.03159	   1.177
     555	 0.03554	 0.03148	   1.175
     556	 0.03537	 0.03136	   1.174
     557	 0.03519	 0.03124	   1.173
     558	 0.03502	 0.03112	   1.172
     559	 0.03486	 0.03101	   1.171
     560	 0.03472	 0.03091	    1.17
     561	  0.0346	 0.03083	   1.169
     562	 0.03449	 0.03075	   1.168
     563	 0.03438	 0.03069	   1.166
     564	 0.03427	 0.03062	   1.165
     565	 0.03415	 0.03054	   1.164
     566	 0.03401	 0.03045	   1.163
     567	 0.03386	 0.03035	   1.162
     568	  0.0337	 0.03024	   1.161
     569	 0.03353	 0.03012	    1.16
     570	 0.03337	 0.03001	   1.159
     571	 0.03322	  0.0299	   1.158
     572	 0.03307	  0.0298	   1.156
     573	 0.03294	 0.02971	   1.155
     574	 0.03281	 0.02961	   1.154
     575	 0.03269	 0.02951	   1.153
     576	 0.03257	  0.0294	   1.152
     577	 0.03246	 0.02929	   1.151
     578	 0.03235	 0.02918	    1.15
     579	 0.03225	 0.02907	   1.149
     580	 0.03214	 0.02896	   1.148
     581	 0.03203	 0.02886	   1.147
     582	 0.03193	 0.02875	   1.146
     583	 0.03182	 0.02866	   1.145
     584	 0.03171	 0.02856	   1.144
     585	  0.0316	 0.02848	   1.143
     586	 0.03149	  0.0284	   1.142
     587	  0.0314	 0.02833	   1.141
     588	 0.03132	 0.02827	   1.139
     589	 0.03124	 0.02822	   1.138
     590	 0.03116	 0.02817	   1.137
     591	 0.03109	 0.02812	   1.136
     592	 0.03101	 0.02806	   1.135
     593	 0.03091	 0.02799	   1.134
     594	 0.03081	  0.0279	   1.133
     595	 0.03069	  0.0278	   1.132
     596	 0.03056	 0.02769	   1.131
     597	 0.03042	 0.02757	    1.13
     598	 0.03028	 0.02746	   1.129
     599	 0.03014	 0.02734	   1.128
     600	 0.03001	 0.02724	   1.127
     601	 0.02989	 0.02715	   1.126
     602	  0.0298	 0.02707	   1.125
     603	 0.02973	 0.02702	   1.124
     604	 0.02968	 0.02697	   1.123
     605	 0.02964	 0.02694	   1.122
     606	 0.02962	  0.0269	   1.121
     607	 0.02959	 0.02686	    1.12
     608	 0.02954	  0.0268	   1.119
     609	 0.02948	 0.02673	   1.118
     610	 0.02941	 0.02664	   1.117
     611	 0.02932	 0.02655	   1.116
     612	 0.02922	 0.02646	   1.115
     613	 0.02912	 0.02637	   1.114
     614	 0.02903	 0.02629	   1.113
     615	 0.02894	 0.02621	   1.112
     616	 0.02885	 0.02614	   1.111
     617	 0.02876	 0.02606	    1.11
     618	 0.02866	 0.02598	   1.109
     619	 0.02857	 0.02591	   1.108
     620	 0.02848	 0.02583	   1.107
     621	 0.02839	 0.02575	   1.106
     622	 0.02831	 0.02569	   1.106
     623	 0.02824	 0.02563	   1.105
     624	 0.02818	 0.02558	   1.104
     625	 0.02813	 0.02554	   1.103
     626	 0.02809	 0.02549	   1.102
     627	 0.02804	 0.02544	   1.101
     628	 0.02798	 0.02538	     1.1
     629	 0.02792	 0.02531	   1.099
     630	 0.02786	 0.02525	   1.098
     631	 0.02779	 0.02517	   1.097
     632	 0.02771	  0.0251	   1.096
     633	 0.02762	 0.02503	   1.095
     634	 0.02753	 0.02495	   1.094
     635	 0.02744	 0.02487	   1.093
     636	 0.02734	 0.02478	   1.092
     637	 0.02726	  0.0247	   1.091
     638	 0.02718	 0.02462	   1.091
     639	  0.0271	 0.02456	    1.09
     640	 0.02704	 0.02449	   1.089
     641	 0.02697	 0.02444	   1.088
     642	 0.02691	  0.0244	   1.087
     643	 0.02684	 0.02436	   1.086
     644	 0.02678	 0.02433	   1.085
     645	 0.02673	  0.0243	   1.084
     646	 0.02669	 0.02429	   1.083
     647	 0.02666	 0.02427	   1.082
     648	 0.02664	 0.02426	   1.081
     649	 0.02662	 0.02425	   1.081
     650	  0.0266	 0.02423	    1.08
     651	 0.02657	  0.0242	   1.079
     652	 0.02653	 0.02415	   1.078
     653	 0.02647	 0.02408	   1.077
     654	  0.0264	   0.024	   1.076
     655	 0.02632	 0.02391	   1.075
     656	 0.02625	 0.02381	   1.074
     657	 0.02619	 0.02372	   1.073
     658	 0.02614	 0.02363	   1.073
     659	 0.02611	 0.02355	   1.072
     660	 0.02609	 0.02347	   1.071
     661	 0.02609	 0.02341	    1.07
     662	  0.0261	 0.02334	   1.069
     663	 0.02611	 0.02329	   1.068
     664	 0.02612	 0.02323	   1.067
     665	 0.02613	 0.02318	   1.066
     666	 0.02612	 0.02313	   1.066
     667	 0.02611	 0.02307	   1.065
     668	 0.02609	 0.02302	   1.064
     669	 0.02606	 0.02296	   1.063
     670	 0.02603	 0.02291	   1.062
     671	 0.02599	 0.02286	   1.061
     672	 0.02594	 0.02282	    1.06
     673	 0.02589	 0.02277	    1.06
     674	 0.02582	 0.02273	   1.059
     675	 0.02574	 0.02268	   1.058
     676	 0.02564	 0.02263	   1.057
     677	 0.02554	 0.02257	   1.056
     678	 0.02543	  0.0225	   1.055
     679	 0.02531	 0.02244	   1.055
     680	 0.02519	 0.02237	   1.054
     681	 0.02506	 0.02231	   1.053
     682	 0.02492	 0.02224	   1.052
     683	 0.02479	 0.02219	   1.051
     684	 0.02465	 0.02213	    1.05
     685	 0.02451	 0.02208	    1.05
     686	 0.02437	 0.02203	   1.049
     687	 0.02423	 0.02199	   1.048
     688	  0.0241	 0.02194	   1.047
     689	 0.02396	  0.0219	   1.046
     690	 0.02382	 0.02185	   1.046
     691	 0.02368	 0.02179	   1.045
     692	 0.02354	 0.02173	   1.044
     693	  0.0234	 0.02165	   1.043
     694	 0.02326	 0.02158	   1.042
     695	 0.02315	 0.02152	   1.041
     696	 0.02305	 0.02147	   1.041
     697	 0.02297	 0.02143	    1.04
     698	 0.02291	 0.02141	   1.039
     699	 0.02286	 0.02139	   1.038
     700	 0.02281	 0.02137	   1.037
     701	 0.02274	 0.02135	   1.037
     702	 0.02266	 0.02131	   1.036
     703	 0.02258	 0.02126	   1.035
     704	 0.02248	 0.02119	   1.034
     705	 0.02239	 0.02113	   1.034
     706	 0.02231	 0.02107	   1.033
     707	 0.02225	 0.02102	   1.032
     708	 0.02219	 0.02098	   1.031
     709	 0.02214	 0.02094	    1.03
     710	 0.02209	 0.02089	    1.03
     711	 0.02202	 0.02083	   1.029
     712	 0.02194	 0.02076	   1.028
     713	 0.02185	 0.02069	   1.027
     714	 0.02176	 0.02061	   1.026
     715	 0.02166	 0.02053	   1.026
     716	 0.02158	 0.02046	   1.025
     717	 0.02151	  0.0204	   1.024
     718	 0.02145	 0.02035	   1.023
     719	 0.02142	  0.0203	   1.023
     720	 0.02138	 0.02027	   1.022
     721	 0.02136	 0.02025	   1.021
     722	 0.02133	 0.02023	    1.02
     723	 0.02129	 0.02022	    1.02
     724	 0.02123	  0.0202	   1.019
     725	 0.02117	 0.02017	   1.018
     726	  0.0211	 0.02012	   1.017
     727	 0.02102	 0.02007	   1.017
     728	 0.02094	 0.02001	   1.016
     729	 0.02087	 0.01994	   1.015
     730	  0.0208	 0.01989	   1.014
     731	 0.02075	 0.01985	   1.014
     732	 0.02071	 0.01982	   1.013
     733	 0.02067	  0.0198	   1.012
     734	 0.02063	 0.01979	   1.011
     735	 0.02058	 0.01976	   1.011
     736	 0.02053	 0.01972	    1.01
     737	 0.02047	 0.01966	   1.009
     738	  0.0204	 0.01957	   1.008
     739	 0.02032	 0.01946	   1.008
     740	 0.02023	 0.01934	   1.007
     741	 0.02013	 0.01921	   1.006
     742	 0.02003	 0.01909	   1.005
     743	 0.01992	 0.01898	   1.005
     744	 0.01983	 0.01889	   1.004
     745	 0.01974	 0.01882	   1.003
     746	 0.01967	 0.01879	   1.003
     747	 0.01962	 0.01878	   1.002
     748	 0.01959	 0.01879	   1.001
     749	 0.01957	 0.01881	       1
     750	 0.01954	 0.01883	  0.9997
     751	 0.01951	 0.01884	   0.999
     752	 0.01946	 0.01883	  0.9982
     753	 0.01938	 0.01878	  0.9975
     754	 0.01929	 0.01872	  0.9968
     755	 0.01917	 0.01864	  0.9961
     756	 0.01906	 0.01855	  0.9954
     757	 0.01895	 0.01847	  0.9947
     758	 0.01886	 0.01839	   0.994
     759	 0.01879	 0.01832	  0.9933
     760	 0.01875	 0.01827	  0.9926
     761	 0.01873	 0.01822	  0.9919
     762	 0.01872	 0.01818	  0.9912
     763	 0.01873	 0.01814	  0.9905
     764	 0.01876	 0.01811	  0.9898
     765	 0.01879	  0.0181	  0.9891
     766	 0.01883	  0.0181	  0.9884
     767	 0.01888	 0.01811	  0.9877
     768	 0.01891	 0.01813	   0.987
     769	 0.01894	 0.01816	  0.9863
     770	 0.01895	 0.01819	  0.9856
     771	 0.01894	 0.01823	  0.9849
     772	 0.01892	 0.01825	  0.9843
     773	 0.01889	 0.01827	  0.9836
     774	 0.01884	 0.01826	  0.9829
     775	 0.01877	 0.01824	  0.9822
     776	 0.01868	 0.01819	  0.9815
     777	 0.01856	 0.01811	  0.9808
     778	 0.01842	   0.018	  0.9802
     779	 0.01826	 0.01788	  0.9795
     780	  0.0181	 0.01775	  0.9788
     781	 0.01794	 0.01763	  0.9781
     782	  0.0178	 0.01752	  0.9775
     783	 0.01769	 0.01744	  0.9768
     784	  0.0176	 0.01738	  0.9761
     785	 0.01754	 0.01734	  0.9755
     786	  0.0175	 0.01731	  0.9748
     787	 0.01748	  0.0173	  0.9741
     788	 0.01746	  0.0173	  0.9735
     789	 0.01747	 0.01731	  0.9728
     790	 0.01749	 0.01732	  0.9721
     791	 0.01753	 0.01733	  0.9715
     792	 0.01758	 0.01735	  0.9708
     793	 0.01764	 0.01735	  0.9701
     794	 0.01769	 0.01734	  0.9695
     795	 0.01772	 0.01732	  0.9688
     796	 0.01772	 0.01727	  0.9682
     797	 0.01768	  0.0172	  0.9675
     798	 0.01761	 0.01713	  0.9669
     799	 0.01751	 0.01705	  0.9662
     800	  0.0174	 0.01697	  0.9656
     801	  0.0173	 0.01691	  0.9649
     802	 0.01721	 0.01687	  0.9643
     803	 0.01714	 0.01686	  0.9636
     804	 0.01711	 0.01686	   0.963
     805	 0.01709	 0.01688	  0.9623
     806	 0.01709	 0.01693	  0.9617
     807	 0.01711	 0.01697	  0.9611
     808	 0.01712	 0.01701	  0.9604
     809	 0.01712	 0.01704	  0.9598
     810	  0.0171	 0.01704	  0.9591
     811	 0.01706	   0.017	  0.9585
     812	 0.01701	 0.01693	  0.9579
     813	 0.01693	 0.01683	  0.9572
     814	 0.01684	 0.01672	  0.9566
     815	 0.01675	 0.01659	   0.956
     816	 0.01667	 0.01648	  0.9553
     817	  0.0166	 0.01638	  0.9547
     818	 0.01656	 0.01632	  0.9541
     819	 0.01654	 0.01628	  0.9535
     820	 0.01654	 0.01628	  0.9528
     821	 0.01655	  0.0163	  0.9522
     822	 0.01657	 0.01634	  0.9516
     823	 0.01658	 0.01638	   0.951
     824	 0.01657	 0.01641	  0.9503
     825	 0.01654	 0.01642	  0.9497
     826	 0.01648	 0.01641	  0.9491
     827	 0.01639	 0.01638	  0.9485
     828	 0.01628	 0.01632	  0.9479
     829	 0.01616	 0.01625	  0.9473
     830	 0.01603	 0.01616	  0.9466
     831	  0.0159	 0.01607	   0.946
     832	 0.01579	 0.01599	  0.9454
     833	  0.0157	  0.0159	  0.9448
     834	 0.01562	 0.01581	  0.9442
     835	 0.01556	 0.01573	  0.9436
     836	  0.0155	 0.01564	   0.943
     837	 0.01545	 0.01556	  0.9424
     838	 0.01539	 0.01548	  0.9418
     839	 0.01532	 0.01541	  0.9412
     840	 0.01523	 0.01535	  0.9406
     841	 0.01513	  0.0153	    0.94
     842	 0.01502	 0.01525	  0.9394
     843	 0.01491	 0.01522	  0.9388
     844	 0.01482	  0.0152	  0.9382
     845	 0.01478	 0.01521	  0.9376
     846	 0.01481	 0.01525	   0.937
     847	  0.0149	 0.01535	  0.9364
     848	 0.01502	 0.01548	  0.9358
     849	 0.01514	 0.01565	  0.9352
     850	 0.01524	 0.01582	  0.9346
