/*
Scattering Phase Functions [1/sr] at 532 nm from LISST-VSF (SN 1475), Percentiles and mean
Volume scattering function corrected and extrapolated to 180ยบ following Koestner et al. 2018 

Dilution-corrected (if applicable) IOPs [1/m], Percentiles and mean;
bbp = 0.099943	0.106485	0.114504	0.123783	0.145001	0.118812
bp = 5.724335	5.895930	6.046843	6.192299	6.383018	6.053092
cp = 5.555974	6.076994	6.186260	6.253050	6.382693	6.100542

Lat, Lon = 70.464, -148.522
Date Time UTC = 13-Aug-2019 20:32:00
Depth = 6.4 m
SPM = 7.45 g/m3
POC/SPM = 0.03 

Created by Daniel Koestner on 15-Jan-2024 15:28:34
Data Version: V4_10-Nov-2023

Column 1: Angle [deg]
Column 2: 10th Percentile Data
Column 3: 25th Percentile Data
Column 4: 50th Percentile Data
Column 5: 75th Percentile Data
Column 6: 90th Percentile Data
Column 7: Mean Data
*/
 0.08357	    1087	    1082	    1154	    1199	    1232	    1153
 0.09861	   963.3	   959.7	    1015	    1052	    1078	    1015
  0.1164	   826.2	   824.2	     862	   890.5	   907.9	   863.2
  0.1373	   679.4	   679.1	   699.3	   718.2	   727.9	   701.2
  0.1621	   539.7	   540.4	   547.1	   556.8	   560.5	   548.8
  0.1912	   424.1	   424.4	   424.4	     427	   427.2	   425.2
  0.2257	   337.1	   335.9	   334.2	   333.2	   331.4	   334.1
  0.2663	   275.1	   272.8	   271.6	   269.9	   267.2	     271
  0.3143	   229.5	   227.2	     226	   224.6	   221.6	   225.6
  0.3708	   195.4	   193.8	   192.8	   191.7	   188.6	   192.4
  0.4376	   167.3	   165.7	   164.6	   163.2	   160.2	   164.2
  0.5164	   142.4	   141.4	   140.5	   139.1	   136.3	     140
  0.6094	   120.9	   119.8	   118.6	   117.3	   114.9	   118.2
  0.7191	   100.7	   100.2	   99.42	    98.3	    96.2	   98.88
  0.8486	    84.8	   83.96	    83.1	      82	   80.17	   82.69
   1.001	    69.5	   69.03	   68.63	   67.62	   66.09	   68.07
   1.182	   57.45	   56.66	   56.22	   55.36	   54.06	   55.88
   1.394	   46.04	   45.61	   45.37	   44.67	   43.66	   44.98
   1.645	   36.91	    36.3	   36.07	    35.5	   34.68	   35.83
   1.941	   28.74	   28.06	   27.84	   27.43	   26.79	   27.74
    2.29	   22.12	   22.19	   22.03	   21.62	   21.17	   21.78
   2.701	   17.64	   17.28	   17.08	   16.85	    16.5	   17.04
   3.185	   13.34	   13.38	   13.21	   13.02	   12.74	   13.12
   3.756	   10.51	   10.32	   10.15	   10.03	   9.889	   10.16
   4.428	   7.108	   7.084	   6.985	   6.867	   6.765	   6.958
   5.218	   5.198	   5.169	   5.094	   5.035	   4.983	   5.087
   6.146	   3.925	   3.923	   3.869	   3.838	   3.779	   3.862
   7.232	   2.721	    2.75	   2.742	   2.707	   2.688	   2.717
   8.502	   1.838	   1.855	   1.853	   1.841	   1.836	   1.843
   9.981	   1.246	   1.256	   1.257	   1.256	   1.258	   1.254
   11.69	  0.8482	  0.8543	  0.8564	   0.861	  0.8662	  0.8575
   13.67	  0.5813	  0.5848	  0.5872	  0.5939	  0.6001	  0.5901
      15	  0.4637	  0.4662	  0.4686	  0.4756	  0.4818	  0.4719
      16	  0.4038	  0.4084	  0.4089	  0.4181	   0.424	  0.4121
      17	  0.3632	  0.3591	  0.3608	  0.3605	  0.3666	  0.3613
      18	  0.3175	  0.3184	  0.3204	  0.3193	  0.3198	  0.3201
      19	   0.275	  0.2799	  0.2854	  0.2878	  0.2883	  0.2838
      20	  0.2426	  0.2495	  0.2533	  0.2516	  0.2528	  0.2506
      21	  0.2142	  0.2198	  0.2245	  0.2249	   0.227	  0.2224
      22	  0.1944	  0.1959	  0.1989	  0.2003	  0.2006	  0.1978
      23	  0.1727	  0.1743	  0.1757	  0.1766	  0.1801	  0.1757
      24	  0.1566	  0.1567	  0.1564	  0.1602	  0.1625	  0.1589
      25	  0.1419	   0.142	  0.1443	  0.1444	  0.1533	  0.1453
      26	  0.1294	  0.1303	  0.1327	  0.1341	  0.1363	  0.1328
      27	  0.1208	  0.1206	  0.1199	  0.1254	  0.1251	  0.1222
      28	  0.1075	   0.109	  0.1112	  0.1144	  0.1159	  0.1113
      29	 0.09844	  0.1005	   0.101	  0.1042	  0.1062	  0.1024
      30	 0.09236	 0.09239	 0.09191	 0.09536	 0.09639	   0.094
      31	 0.08334	 0.08398	 0.08425	 0.08674	 0.08834	 0.08536
      32	 0.07612	 0.07656	 0.07792	 0.08049	 0.08099	 0.07889
      33	 0.07038	 0.07095	  0.0715	 0.07536	  0.0781	 0.07334
      34	 0.06387	 0.06567	  0.0668	 0.07079	 0.07205	 0.06825
      35	 0.05962	 0.06115	 0.06186	 0.06315	 0.06606	 0.06242
      36	 0.05542	 0.05611	 0.05723	 0.05869	 0.06032	 0.05759
      37	 0.05119	 0.05294	 0.05402	 0.05459	 0.05618	 0.05396
      38	 0.04861	 0.04852	 0.05041	 0.05143	  0.0528	 0.05075
      39	 0.04505	 0.04626	 0.04719	   0.048	  0.0481	 0.04739
      40	 0.04278	 0.04276	  0.0437	 0.04491	 0.04681	 0.04474
      41	 0.03992	 0.04027	  0.0406	 0.04214	 0.04527	 0.04163
      42	 0.03638	 0.03662	 0.03859	 0.04024	 0.04108	 0.03859
      43	 0.03492	 0.03481	 0.03628	 0.03637	  0.0383	 0.03627
      44	 0.03356	 0.03369	 0.03396	 0.03554	 0.03706	 0.03482
      45	 0.03189	 0.03175	 0.03218	 0.03286	 0.03447	 0.03276
      46	 0.02973	 0.02968	  0.0303	  0.0316	 0.03203	 0.03067
      47	 0.02744	 0.02741	 0.02855	 0.02891	 0.03061	 0.02857
      48	 0.02591	 0.02645	 0.02677	 0.02767	 0.02881	  0.0273
      49	 0.02416	 0.02428	 0.02533	 0.02565	 0.02646	 0.02548
      50	 0.02251	 0.02333	 0.02413	 0.02454	 0.02712	 0.02435
      51	 0.02171	 0.02171	 0.02285	 0.02472	 0.02473	 0.02315
      52	 0.02126	 0.02103	  0.0217	 0.02206	 0.02301	 0.02166
      53	 0.01938	 0.01978	 0.02045	 0.02105	 0.02139	 0.02053
      54	 0.01868	 0.01909	 0.01936	 0.02035	 0.02073	 0.01985
      55	 0.01764	 0.01781	 0.01868	 0.02009	  0.0201	 0.01884
      56	 0.01659	 0.01686	 0.01749	 0.01863	 0.01963	  0.0179
      57	 0.01616	 0.01645	 0.01696	  0.0178	 0.02046	 0.01751
      58	 0.01545	 0.01581	 0.01631	 0.01752	 0.01857	 0.01691
      59	  0.0148	   0.015	 0.01573	 0.01649	 0.01878	 0.01628
      60	  0.0139	  0.0142	 0.01453	  0.0155	 0.01625	 0.01512
      61	 0.01283	 0.01312	 0.01364	 0.01427	  0.0152	 0.01403
      62	 0.01168	 0.01259	 0.01282	 0.01378	 0.01438	 0.01315
      63	 0.01124	 0.01188	 0.01249	 0.01313	  0.0134	 0.01247
      64	 0.01142	 0.01144	 0.01214	 0.01273	 0.01339	 0.01227
      65	 0.01086	 0.01127	 0.01181	  0.0124	 0.01282	 0.01194
      66	 0.01044	 0.01062	 0.01135	 0.01204	 0.01441	 0.01177
      67	0.009915	 0.01046	 0.01074	 0.01133	 0.01232	 0.01112
      68	0.009587	0.009629	 0.01012	 0.01042	  0.0115	 0.01041
      69	0.009153	0.009362	0.009539	 0.01028	 0.01088	  0.0099
      70	0.008706	0.008981	0.009251	 0.00995	 0.01014	0.009421
      71	0.008285	0.008548	 0.00883	0.009382	0.009634	0.008944
      72	0.008239	0.008173	 0.00836	0.008771	0.008904	0.008519
      73	 0.00766	0.007802	0.008054	0.008506	0.008865	0.008286
      74	0.007308	0.007338	0.007601	0.007934	0.009309	0.007954
      75	0.007013	0.007113	0.007451	0.008008	  0.0083	0.007679
      76	0.006665	0.007018	0.007149	0.007344	0.007795	0.007316
      77	0.006289	0.006711	 0.00677	0.007324	0.007585	0.007059
      78	0.006102	 0.00626	0.006654	0.007091	0.008462	0.006994
      79	0.006024	0.006136	0.006429	0.007132	0.008644	0.006855
      80	0.005919	 0.00596	0.006349	0.006758	0.006962	0.006413
      81	 0.00575	 0.00583	0.006025	0.006456	0.006785	0.006183
      82	0.005553	 0.00569	0.005948	 0.00652	0.006652	0.006072
      83	0.005282	 0.00546	0.005764	0.006205	0.006437	0.006032
      84	0.005226	0.005347	0.005616	0.006044	0.007006	0.005877
      85	0.005153	0.005298	0.005453	0.006076	0.006329	0.005698
      86	0.004958	0.005009	0.005263	0.005568	0.006061	0.005414
      87	0.004725	0.004854	0.005044	0.005288	0.005644	0.005145
      88	0.004601	0.004641	0.004854	0.005033	0.005494	0.005006
      89	0.004506	0.004612	 0.00478	 0.00508	0.005528	0.004935
      90	0.004326	0.004581	0.004849	0.005234	0.005902	0.004979
      91	0.004193	0.004445	0.004726	0.004988	 0.00691	0.005098
      92	0.004214	0.004411	0.004626	0.004997	0.005716	0.004874
      93	 0.00401	0.004173	0.004371	0.004723	0.005365	0.004695
      94	0.003961	0.003999	0.004236	0.004616	 0.00529	0.004432
      95	0.003847	0.003967	0.004118	0.004318	0.005098	0.004248
      96	0.003812	0.003858	0.004056	0.004234	0.004493	0.004225
      97	0.003675	0.003818	0.003932	0.004007	0.004307	0.003989
      98	0.003519	0.003665	0.003877	0.003992	0.004184	0.003913
      99	0.003419	0.003605	0.003829	0.003929	0.004089	 0.00382
     100	0.003285	0.003583	0.003671	0.003819	0.003939	0.003705
     101	0.003188	0.003338	0.003541	0.003652	0.004028	0.003618
     102	0.003344	0.003406	0.003553	0.003705	0.005024	 0.00378
     103	0.003201	0.003226	0.003676	0.003887	0.005124	0.003878
     104	 0.00317	0.003186	0.003343	0.003604	0.003988	0.003523
     105	0.003127	0.003147	0.003237	0.003517	0.003783	0.003402
     106	0.003017	0.003066	0.003196	0.003392	0.003724	0.003307
     107	0.002974	 0.00299	0.003123	0.003315	0.003467	0.003271
     108	 0.00286	0.003031	0.003121	0.003371	0.003906	0.003317
     109	 0.00276	 0.00294	0.003057	0.003242	0.003637	0.003245
     110	0.002858	0.002888	0.003023	0.003098	0.003293	0.003091
     111	0.002826	0.002799	0.003009	0.003111	 0.00366	0.003089
     112	0.002719	 0.00272	0.002941	0.003174	0.004114	0.003136
     113	0.002694	0.002771	0.002877	0.003294	0.004097	0.003118
     114	0.002606	0.002662	0.002835	0.002902	0.003891	0.002991
     115	0.002646	0.002733	0.002838	0.002985	0.003224	0.002923
     116	0.002644	0.002746	0.002848	0.002904	0.003614	0.002931
     117	0.002646	0.002656	0.002834	0.003027	0.003809	0.002964
     118	0.002521	0.002658	0.002857	0.003132	0.003586	0.002986
     119	 0.00254	0.002599	0.002803	0.002971	0.003266	 0.00285
     120	0.002468	0.002569	0.002728	0.002844	0.003035	0.002759
     121	0.002579	0.002645	0.002685	0.002886	0.003257	0.002783
     122	 0.00252	0.002671	0.002719	0.002816	0.003232	0.002792
     123	0.002485	0.002645	0.002684	0.002771	0.003109	0.002732
     124	0.002423	0.002475	0.002563	0.002677	0.003274	0.002656
     125	0.002431	0.002475	0.002567	0.002709	0.002773	0.002619
     126	0.002404	0.002469	0.002584	0.002711	 0.00276	 0.00259
     127	0.002372	 0.00249	0.002532	0.002634	0.002784	0.002569
     128	 0.00237	0.002464	0.002569	0.002678	0.002733	0.002565
     129	0.002354	0.002427	 0.00253	0.002649	  0.0029	0.002572
     130	0.002296	0.002408	0.002492	0.002706	0.003079	0.002605
     131	0.002241	0.002334	 0.00254	0.002658	0.002879	0.002554
     132	0.002258	0.002372	0.002425	0.002653	0.002912	 0.00255
     133	0.002267	 0.00244	0.002607	0.002641	0.002813	0.002648
     134	0.002224	 0.00242	0.002494	0.002674	0.002885	0.002614
     135	0.002426	0.002431	0.002534	0.002624	0.002769	0.002612
     136	0.002381	0.002514	0.002582	 0.00267	0.003203	0.002658
     137	0.002422	 0.00252	0.002646	0.002775	0.002857	0.002684
     138	0.002334	0.002474	0.002601	0.002668	0.002949	0.002624
     139	0.002362	0.002462	0.002552	0.002796	0.002956	0.002627
     140	0.002361	0.002466	0.002551	0.002688	0.003002	0.002621
     141	0.002358	0.002469	0.002552	 0.00266	0.003013	0.002686
     142	0.002431	0.002426	0.002562	0.002621	0.002707	0.002647
     143	0.002438	0.002435	0.002604	0.002693	0.002877	0.002591
     144	0.002311	 0.00246	0.002516	0.002783	0.003375	0.002688
     145	0.002372	0.002431	0.002545	0.002768	0.002933	0.002632
     146	0.002369	0.002428	0.002542	0.002765	0.002929	0.002629
     147	0.002366	0.002425	0.002539	0.002762	0.002926	0.002626
     148	0.002364	0.002423	0.002537	0.002759	0.002923	0.002623
     149	0.002362	0.002421	0.002534	0.002757	0.002921	0.002621
     150	 0.00236	0.002419	0.002532	0.002754	0.002918	0.002618
     151	0.002358	0.002417	 0.00253	0.002752	0.002916	0.002616
     152	0.002357	0.002415	0.002529	 0.00275	0.002914	0.002615
     153	0.002355	0.002414	0.002527	0.002749	0.002912	0.002613
     154	0.002354	0.002413	0.002526	0.002747	0.002911	0.002611
     155	0.002353	0.002411	0.002524	0.002746	0.002909	 0.00261
     156	0.002352	 0.00241	0.002523	0.002745	0.002908	0.002609
     157	0.002351	0.002409	0.002522	0.002744	0.002907	0.002608
     158	 0.00235	0.002409	0.002521	0.002743	0.002906	0.002607
     159	 0.00235	0.002408	 0.00252	0.002742	0.002905	0.002606
     160	0.002349	0.002407	 0.00252	0.002741	0.002904	0.002605
     161	0.002348	0.002407	0.002519	 0.00274	0.002904	0.002605
     162	0.002348	0.002406	0.002518	 0.00274	0.002903	0.002604
     163	0.002347	0.002406	0.002518	0.002739	0.002902	0.002604
     164	0.002347	0.002405	0.002517	0.002739	0.002902	0.002603
     165	0.002347	0.002405	0.002517	0.002738	0.002902	0.002603
     166	0.002347	0.002405	0.002517	0.002738	0.002901	0.002602
     167	0.002346	0.002404	0.002516	0.002738	0.002901	0.002602
     168	0.002346	0.002404	0.002516	0.002737	0.002901	0.002602
     169	0.002346	0.002404	0.002516	0.002737	  0.0029	0.002602
     170	0.002346	0.002404	0.002516	0.002737	  0.0029	0.002601
     171	0.002346	0.002404	0.002516	0.002737	  0.0029	0.002601
     172	0.002346	0.002404	0.002516	0.002737	  0.0029	0.002601
     173	0.002346	0.002404	0.002515	0.002737	  0.0029	0.002601
     174	0.002345	0.002404	0.002515	0.002736	  0.0029	0.002601
     175	0.002345	0.002403	0.002515	0.002736	  0.0029	0.002601
     176	0.002345	0.002403	0.002515	0.002736	  0.0029	0.002601
     177	0.002345	0.002403	0.002515	0.002736	  0.0029	0.002601
     178	0.002345	0.002403	0.002515	0.002736	  0.0029	0.002601
     179	0.002345	0.002403	0.002515	0.002736	  0.0029	0.002601
     180	0.002345	0.002403	0.002515	0.002736	  0.0029	0.002601
