/*
Particulate absorption and scattering spectra, normalized by SPM 
Scattering spectra from ac-s power-function fit 400-700 nm scaled by LISST-VSF scattering coefficient at 532 nm 
Total (a_p) and MeOH-extracted (a_d) absorption spectra from UV/VIS spectrophotometer measurements with GF/F filter inside 15-cm integrating sphere
Correction for filter-pad pathlength amplification from Stramski et al. 2015 

Lat, Lon = 70.428, -148.800
Date Time UTC = 13-Aug-2019 19:24:17
Depth = 0.7 m
SPM = 11.99 g/m3
POC = 387.93 mg/m3
PSD power-law exponent (~1.5-147 µm) = 3.87 
Scattering spectra power-function exponent (400-700 nm) = 0.456 

Created by Daniel Koestner on 15-Jan-2024 15:28:37
Data Version: V4_10-Nov-2023

Column 1: wavelength [nm]
Column 2: a_p [m^2/g]
Column 3: a_d [m^2/g]
Column 4: b_p [m^2/g]
*/
     290	  0.1914	  0.1493	   1.223
     291	  0.1912	  0.1491	   1.221
     292	  0.1907	  0.1488	   1.219
     293	  0.1902	  0.1484	   1.217
     294	  0.1895	   0.148	   1.215
     295	  0.1887	  0.1474	   1.214
     296	  0.1878	  0.1467	   1.212
     297	  0.1868	   0.146	    1.21
     298	  0.1857	  0.1452	   1.208
     299	  0.1847	  0.1444	   1.206
     300	  0.1836	  0.1436	   1.204
     301	  0.1827	  0.1429	   1.203
     302	  0.1817	  0.1423	   1.201
     303	  0.1808	  0.1416	   1.199
     304	  0.1799	   0.141	   1.197
     305	  0.1789	  0.1404	   1.195
     306	   0.178	  0.1396	   1.194
     307	  0.1769	  0.1389	   1.192
     308	  0.1759	  0.1381	    1.19
     309	  0.1749	  0.1372	   1.188
     310	  0.1739	  0.1364	   1.186
     311	   0.173	  0.1357	   1.185
     312	  0.1722	  0.1349	   1.183
     313	  0.1713	  0.1342	   1.181
     314	  0.1704	  0.1335	    1.18
     315	  0.1695	  0.1328	   1.178
     316	  0.1685	  0.1321	   1.176
     317	  0.1675	  0.1314	   1.174
     318	  0.1664	  0.1307	   1.173
     319	  0.1653	    0.13	   1.171
     320	  0.1643	  0.1293	   1.169
     321	  0.1634	  0.1287	   1.168
     322	  0.1626	  0.1282	   1.166
     323	  0.1619	  0.1277	   1.164
     324	  0.1612	  0.1272	   1.163
     325	  0.1606	  0.1267	   1.161
     326	  0.1601	  0.1262	    1.16
     327	  0.1595	  0.1257	   1.158
     328	  0.1589	  0.1252	   1.156
     329	  0.1584	  0.1246	   1.155
     330	  0.1578	  0.1241	   1.153
     331	  0.1572	  0.1235	   1.152
     332	  0.1566	   0.123	    1.15
     333	  0.1559	  0.1225	   1.148
     334	  0.1553	   0.122	   1.147
     335	  0.1547	  0.1216	   1.145
     336	   0.154	  0.1211	   1.144
     337	  0.1534	  0.1207	   1.142
     338	  0.1528	  0.1202	   1.141
     339	  0.1521	  0.1197	   1.139
     340	  0.1514	  0.1192	   1.138
     341	  0.1508	  0.1186	   1.136
     342	  0.1501	   0.118	   1.135
     343	  0.1493	  0.1173	   1.133
     344	  0.1486	  0.1167	   1.132
     345	  0.1479	  0.1161	    1.13
     346	  0.1472	  0.1156	   1.129
     347	  0.1466	   0.115	   1.127
     348	  0.1459	  0.1145	   1.126
     349	  0.1453	   0.114	   1.124
     350	  0.1446	  0.1136	   1.123
     351	  0.1439	  0.1131	   1.121
     352	  0.1433	  0.1127	    1.12
     353	  0.1427	  0.1122	   1.118
     354	  0.1421	  0.1117	   1.117
     355	  0.1414	  0.1112	   1.115
     356	  0.1408	  0.1107	   1.114
     357	  0.1401	  0.1101	   1.113
     358	  0.1393	  0.1094	   1.111
     359	  0.1385	  0.1088	    1.11
     360	  0.1377	  0.1081	   1.108
     361	  0.1369	  0.1075	   1.107
     362	  0.1362	  0.1069	   1.106
     363	  0.1354	  0.1063	   1.104
     364	  0.1348	  0.1057	   1.103
     365	  0.1341	  0.1052	   1.101
     366	  0.1334	  0.1047	     1.1
     367	  0.1328	  0.1041	   1.099
     368	  0.1321	  0.1035	   1.097
     369	  0.1313	  0.1029	   1.096
     370	  0.1306	  0.1022	   1.095
     371	  0.1298	  0.1015	   1.093
     372	   0.129	  0.1008	   1.092
     373	  0.1282	  0.1001	   1.091
     374	  0.1274	 0.09946	   1.089
     375	  0.1266	 0.09879	   1.088
     376	  0.1257	 0.09813	   1.087
     377	  0.1249	 0.09748	   1.085
     378	   0.124	 0.09681	   1.084
     379	  0.1231	 0.09613	   1.083
     380	  0.1222	 0.09542	   1.081
     381	  0.1213	 0.09468	    1.08
     382	  0.1204	 0.09391	   1.079
     383	  0.1194	 0.09311	   1.078
     384	  0.1185	 0.09229	   1.076
     385	  0.1175	 0.09146	   1.075
     386	  0.1165	 0.09064	   1.074
     387	  0.1155	 0.08983	   1.072
     388	  0.1146	 0.08904	   1.071
     389	  0.1136	  0.0883	    1.07
     390	  0.1128	 0.08762	   1.069
     391	  0.1119	 0.08699	   1.067
     392	  0.1112	 0.08641	   1.066
     393	  0.1104	 0.08588	   1.065
     394	  0.1097	 0.08536	   1.064
     395	  0.1091	 0.08484	   1.062
     396	  0.1084	  0.0843	   1.061
     397	  0.1077	 0.08375	    1.06
     398	  0.1071	 0.08318	   1.059
     399	  0.1064	  0.0826	   1.058
     400	  0.1057	 0.08202	   1.056
     401	   0.105	 0.08144	   1.055
     402	  0.1044	 0.08087	   1.054
     403	  0.1037	 0.08031	   1.053
     404	   0.103	 0.07974	   1.052
     405	  0.1024	 0.07918	    1.05
     406	  0.1017	 0.07862	   1.049
     407	  0.1011	 0.07807	   1.048
     408	  0.1004	 0.07752	   1.047
     409	 0.09983	 0.07699	   1.046
     410	 0.09922	 0.07646	   1.045
     411	 0.09862	 0.07595	   1.043
     412	 0.09801	 0.07545	   1.042
     413	 0.09742	 0.07495	   1.041
     414	 0.09682	 0.07445	    1.04
     415	 0.09624	 0.07395	   1.039
     416	 0.09566	 0.07345	   1.038
     417	 0.09509	 0.07295	   1.037
     418	 0.09451	 0.07245	   1.035
     419	 0.09392	 0.07195	   1.034
     420	 0.09331	 0.07143	   1.033
     421	 0.09268	 0.07091	   1.032
     422	 0.09203	 0.07038	   1.031
     423	 0.09137	 0.06985	    1.03
     424	 0.09071	 0.06931	   1.029
     425	 0.09005	 0.06878	   1.028
     426	  0.0894	 0.06825	   1.027
     427	 0.08876	 0.06773	   1.025
     428	 0.08813	 0.06721	   1.024
     429	  0.0875	  0.0667	   1.023
     430	 0.08687	 0.06618	   1.022
     431	 0.08623	 0.06566	   1.021
     432	  0.0856	 0.06514	    1.02
     433	 0.08497	  0.0646	   1.019
     434	 0.08434	 0.06407	   1.018
     435	 0.08373	 0.06354	   1.017
     436	 0.08313	 0.06303	   1.016
     437	 0.08254	 0.06254	   1.015
     438	 0.08196	 0.06207	   1.014
     439	 0.08139	 0.06162	   1.013
     440	 0.08081	 0.06119	   1.012
     441	 0.08022	 0.06077	    1.01
     442	 0.07962	 0.06035	   1.009
     443	 0.07899	 0.05992	   1.008
     444	 0.07836	 0.05949	   1.007
     445	 0.07773	 0.05906	   1.006
     446	 0.07711	 0.05864	   1.005
     447	 0.07652	 0.05823	   1.004
     448	 0.07596	 0.05784	   1.003
     449	 0.07545	 0.05747	   1.002
     450	 0.07499	 0.05712	   1.001
     451	 0.07456	  0.0568	       1
     452	 0.07415	 0.05649	  0.9992
     453	 0.07377	  0.0562	  0.9982
     454	 0.07339	 0.05592	  0.9972
     455	 0.07302	 0.05565	  0.9962
     456	 0.07265	 0.05539	  0.9952
     457	 0.07228	 0.05515	  0.9942
     458	 0.07192	 0.05491	  0.9932
     459	 0.07155	 0.05468	  0.9922
     460	  0.0712	 0.05445	  0.9913
     461	 0.07084	 0.05422	  0.9903
     462	 0.07049	 0.05399	  0.9893
     463	 0.07016	 0.05377	  0.9883
     464	 0.06984	 0.05355	  0.9874
     465	 0.06954	 0.05334	  0.9864
     466	 0.06926	 0.05314	  0.9854
     467	 0.06898	 0.05294	  0.9845
     468	 0.06871	 0.05273	  0.9835
     469	 0.06843	 0.05252	  0.9825
     470	 0.06813	  0.0523	  0.9816
     471	 0.06781	 0.05207	  0.9806
     472	 0.06748	 0.05183	  0.9797
     473	 0.06713	 0.05159	  0.9788
     474	 0.06677	 0.05136	  0.9778
     475	 0.06643	 0.05113	  0.9769
     476	 0.06608	  0.0509	  0.9759
     477	 0.06575	 0.05067	   0.975
     478	 0.06541	 0.05044	  0.9741
     479	 0.06507	  0.0502	  0.9731
     480	 0.06473	 0.04994	  0.9722
     481	 0.06437	 0.04968	  0.9713
     482	 0.06401	 0.04942	  0.9704
     483	 0.06364	 0.04916	  0.9695
     484	 0.06328	  0.0489	  0.9686
     485	 0.06292	 0.04866	  0.9676
     486	 0.06257	 0.04843	  0.9667
     487	 0.06222	 0.04821	  0.9658
     488	 0.06188	   0.048	  0.9649
     489	 0.06153	  0.0478	   0.964
     490	 0.06117	 0.04759	  0.9631
     491	 0.06081	 0.04738	  0.9622
     492	 0.06043	 0.04717	  0.9613
     493	 0.06005	 0.04696	  0.9605
     494	 0.05967	 0.04673	  0.9596
     495	 0.05929	  0.0465	  0.9587
     496	  0.0589	 0.04626	  0.9578
     497	 0.05853	 0.04602	  0.9569
     498	 0.05815	 0.04578	  0.9561
     499	 0.05778	 0.04554	  0.9552
     500	  0.0574	  0.0453	  0.9543
     501	 0.05701	 0.04505	  0.9534
     502	 0.05662	 0.04481	  0.9526
     503	 0.05622	 0.04456	  0.9517
     504	 0.05581	 0.04429	  0.9509
     505	  0.0554	 0.04402	    0.95
     506	 0.05499	 0.04375	  0.9491
     507	 0.05459	 0.04349	  0.9483
     508	  0.0542	 0.04323	  0.9474
     509	 0.05383	 0.04298	  0.9466
     510	 0.05348	 0.04275	  0.9457
     511	 0.05314	 0.04254	  0.9449
     512	 0.05282	 0.04233	  0.9441
     513	 0.05251	 0.04213	  0.9432
     514	  0.0522	 0.04193	  0.9424
     515	 0.05189	 0.04173	  0.9415
     516	 0.05158	 0.04153	  0.9407
     517	 0.05126	 0.04132	  0.9399
     518	 0.05094	 0.04111	  0.9391
     519	 0.05061	 0.04089	  0.9382
     520	 0.05028	 0.04067	  0.9374
     521	 0.04996	 0.04045	  0.9366
     522	 0.04964	 0.04024	  0.9358
     523	 0.04933	 0.04003	   0.935
     524	 0.04904	 0.03984	  0.9341
     525	 0.04876	 0.03965	  0.9333
     526	 0.04849	 0.03947	  0.9325
     527	 0.04823	  0.0393	  0.9317
     528	 0.04796	 0.03912	  0.9309
     529	 0.04769	 0.03894	  0.9301
     530	 0.04741	 0.03875	  0.9293
     531	 0.04712	 0.03856	  0.9285
     532	 0.04682	 0.03836	  0.9277
     533	 0.04652	 0.03817	  0.9269
     534	 0.04623	 0.03798	  0.9261
     535	 0.04595	 0.03779	  0.9253
     536	 0.04569	 0.03761	  0.9246
     537	 0.04543	 0.03743	  0.9238
     538	 0.04519	 0.03725	   0.923
     539	 0.04495	 0.03708	  0.9222
     540	 0.04471	  0.0369	  0.9214
     541	 0.04448	 0.03674	  0.9207
     542	 0.04424	 0.03658	  0.9199
     543	   0.044	 0.03643	  0.9191
     544	 0.04375	 0.03628	  0.9183
     545	 0.04351	 0.03613	  0.9176
     546	 0.04327	 0.03599	  0.9168
     547	 0.04303	 0.03584	   0.916
     548	  0.0428	 0.03569	  0.9153
     549	 0.04257	 0.03553	  0.9145
     550	 0.04235	 0.03537	  0.9138
     551	 0.04212	 0.03521	   0.913
     552	 0.04191	 0.03505	  0.9123
     553	 0.04169	  0.0349	  0.9115
     554	 0.04148	 0.03476	  0.9108
     555	 0.04127	 0.03462	    0.91
     556	 0.04107	 0.03449	  0.9093
     557	 0.04088	 0.03437	  0.9085
     558	 0.04069	 0.03425	  0.9078
     559	  0.0405	 0.03413	   0.907
     560	 0.04032	 0.03401	  0.9063
     561	 0.04014	 0.03389	  0.9056
     562	 0.03997	 0.03377	  0.9048
     563	  0.0398	 0.03365	  0.9041
     564	 0.03963	 0.03354	  0.9034
     565	 0.03946	 0.03341	  0.9026
     566	 0.03929	 0.03329	  0.9019
     567	 0.03913	 0.03317	  0.9012
     568	 0.03896	 0.03306	  0.9005
     569	 0.03881	 0.03294	  0.8997
     570	 0.03866	 0.03284	   0.899
     571	 0.03851	 0.03273	  0.8983
     572	 0.03837	 0.03263	  0.8976
     573	 0.03822	 0.03253	  0.8969
     574	 0.03808	 0.03243	  0.8962
     575	 0.03794	 0.03233	  0.8954
     576	 0.03779	 0.03222	  0.8947
     577	 0.03765	 0.03211	   0.894
     578	  0.0375	 0.03199	  0.8933
     579	 0.03736	 0.03188	  0.8926
     580	 0.03722	 0.03177	  0.8919
     581	 0.03708	 0.03166	  0.8912
     582	 0.03694	 0.03156	  0.8905
     583	  0.0368	 0.03145	  0.8898
     584	 0.03666	 0.03135	  0.8891
     585	 0.03651	 0.03126	  0.8884
     586	 0.03637	 0.03117	  0.8878
     587	 0.03623	 0.03108	  0.8871
     588	 0.03609	   0.031	  0.8864
     589	 0.03597	 0.03092	  0.8857
     590	 0.03585	 0.03084	   0.885
     591	 0.03575	 0.03076	  0.8843
     592	 0.03565	 0.03068	  0.8836
     593	 0.03555	  0.0306	   0.883
     594	 0.03545	 0.03052	  0.8823
     595	 0.03535	 0.03043	  0.8816
     596	 0.03524	 0.03035	  0.8809
     597	 0.03513	 0.03026	  0.8803
     598	 0.03501	 0.03017	  0.8796
     599	 0.03488	 0.03008	  0.8789
     600	 0.03476	 0.02999	  0.8783
     601	 0.03464	 0.02991	  0.8776
     602	 0.03454	 0.02983	  0.8769
     603	 0.03446	 0.02976	  0.8763
     604	 0.03438	 0.02969	  0.8756
     605	 0.03432	 0.02964	  0.8749
     606	 0.03426	 0.02959	  0.8743
     607	 0.03419	 0.02954	  0.8736
     608	 0.03412	 0.02948	   0.873
     609	 0.03403	 0.02942	  0.8723
     610	 0.03393	 0.02935	  0.8717
     611	 0.03383	 0.02927	   0.871
     612	 0.03373	 0.02919	  0.8704
     613	 0.03363	  0.0291	  0.8697
     614	 0.03353	 0.02902	  0.8691
     615	 0.03343	 0.02894	  0.8684
     616	 0.03334	 0.02887	  0.8678
     617	 0.03324	  0.0288	  0.8671
     618	 0.03315	 0.02873	  0.8665
     619	 0.03306	 0.02867	  0.8659
     620	 0.03298	 0.02861	  0.8652
     621	 0.03289	 0.02855	  0.8646
     622	 0.03282	  0.0285	   0.864
     623	 0.03275	 0.02844	  0.8633
     624	 0.03268	 0.02839	  0.8627
     625	 0.03262	 0.02833	  0.8621
     626	 0.03257	 0.02827	  0.8614
     627	 0.03251	  0.0282	  0.8608
     628	 0.03244	 0.02813	  0.8602
     629	 0.03237	 0.02805	  0.8596
     630	 0.03229	 0.02797	   0.859
     631	 0.03221	  0.0279	  0.8583
     632	 0.03212	 0.02783	  0.8577
     633	 0.03203	 0.02776	  0.8571
     634	 0.03193	  0.0277	  0.8565
     635	 0.03184	 0.02764	  0.8559
     636	 0.03176	 0.02759	  0.8553
     637	 0.03168	 0.02753	  0.8546
     638	  0.0316	 0.02747	   0.854
     639	 0.03152	 0.02741	  0.8534
     640	 0.03145	 0.02735	  0.8528
     641	 0.03137	 0.02729	  0.8522
     642	 0.03129	 0.02723	  0.8516
     643	 0.03122	 0.02717	   0.851
     644	 0.03114	 0.02711	  0.8504
     645	 0.03106	 0.02705	  0.8498
     646	 0.03099	   0.027	  0.8492
     647	 0.03092	 0.02694	  0.8486
     648	 0.03085	 0.02689	   0.848
     649	 0.03079	 0.02683	  0.8474
     650	 0.03072	 0.02677	  0.8468
     651	 0.03066	  0.0267	  0.8462
     652	 0.03058	 0.02663	  0.8456
     653	 0.03051	 0.02655	   0.845
     654	 0.03044	 0.02646	  0.8444
     655	 0.03037	 0.02637	  0.8439
     656	 0.03031	 0.02627	  0.8433
     657	 0.03026	 0.02618	  0.8427
     658	 0.03023	  0.0261	  0.8421
     659	 0.03022	 0.02603	  0.8415
     660	 0.03022	 0.02598	  0.8409
     661	 0.03024	 0.02594	  0.8404
     662	 0.03027	  0.0259	  0.8398
     663	 0.03032	 0.02587	  0.8392
     664	 0.03036	 0.02583	  0.8386
     665	 0.03041	 0.02578	  0.8381
     666	 0.03045	 0.02573	  0.8375
     667	 0.03049	 0.02567	  0.8369
     668	 0.03052	  0.0256	  0.8363
     669	 0.03053	 0.02552	  0.8358
     670	 0.03053	 0.02545	  0.8352
     671	 0.03051	 0.02538	  0.8346
     672	 0.03047	 0.02531	  0.8341
     673	 0.03041	 0.02525	  0.8335
     674	 0.03033	 0.02519	  0.8329
     675	 0.03024	 0.02513	  0.8324
     676	 0.03013	 0.02507	  0.8318
     677	    0.03	 0.02501	  0.8313
     678	 0.02986	 0.02495	  0.8307
     679	  0.0297	 0.02489	  0.8301
     680	 0.02953	 0.02483	  0.8296
     681	 0.02936	 0.02478	   0.829
     682	 0.02917	 0.02473	  0.8285
     683	 0.02898	 0.02469	  0.8279
     684	 0.02879	 0.02465	  0.8274
     685	  0.0286	 0.02462	  0.8268
     686	 0.02842	  0.0246	  0.8263
     687	 0.02825	 0.02458	  0.8257
     688	 0.02808	 0.02456	  0.8252
     689	 0.02792	 0.02453	  0.8246
     690	 0.02775	  0.0245	  0.8241
     691	 0.02759	 0.02445	  0.8235
     692	 0.02742	  0.0244	   0.823
     693	 0.02724	 0.02433	  0.8225
     694	 0.02707	 0.02426	  0.8219
     695	 0.02691	 0.02419	  0.8214
     696	 0.02677	 0.02412	  0.8208
     697	 0.02664	 0.02406	  0.8203
     698	 0.02653	 0.02401	  0.8198
     699	 0.02644	 0.02398	  0.8192
     700	 0.02635	 0.02395	  0.8187
     701	 0.02626	 0.02392	  0.8182
     702	 0.02617	 0.02389	  0.8176
     703	 0.02608	 0.02387	  0.8171
     704	   0.026	 0.02385	  0.8166
     705	 0.02592	 0.02383	  0.8161
     706	 0.02586	 0.02382	  0.8155
     707	 0.02581	 0.02382	   0.815
     708	 0.02578	 0.02381	  0.8145
     709	 0.02575	 0.02381	   0.814
     710	 0.02571	  0.0238	  0.8134
     711	 0.02567	 0.02377	  0.8129
     712	  0.0256	 0.02373	  0.8124
     713	 0.02552	 0.02367	  0.8119
     714	 0.02542	  0.0236	  0.8113
     715	 0.02532	 0.02352	  0.8108
     716	 0.02521	 0.02343	  0.8103
     717	  0.0251	 0.02334	  0.8098
     718	   0.025	 0.02325	  0.8093
     719	 0.02491	 0.02317	  0.8088
     720	 0.02483	 0.02311	  0.8083
     721	 0.02474	 0.02305	  0.8078
     722	 0.02466	 0.02301	  0.8072
     723	 0.02457	 0.02296	  0.8067
     724	 0.02449	 0.02293	  0.8062
     725	  0.0244	 0.02289	  0.8057
     726	 0.02432	 0.02284	  0.8052
     727	 0.02425	  0.0228	  0.8047
     728	  0.0242	 0.02276	  0.8042
     729	 0.02416	 0.02272	  0.8037
     730	 0.02412	 0.02269	  0.8032
     731	  0.0241	 0.02265	  0.8027
     732	 0.02407	 0.02261	  0.8022
     733	 0.02403	 0.02256	  0.8017
     734	 0.02397	  0.0225	  0.8012
     735	 0.02389	 0.02244	  0.8007
     736	 0.02379	 0.02236	  0.8002
     737	 0.02367	 0.02228	  0.7997
     738	 0.02354	 0.02221	  0.7992
     739	 0.02341	 0.02213	  0.7987
     740	 0.02328	 0.02207	  0.7982
     741	 0.02317	 0.02202	  0.7977
     742	 0.02308	 0.02198	  0.7973
     743	 0.02302	 0.02194	  0.7968
     744	 0.02297	 0.02191	  0.7963
     745	 0.02293	 0.02188	  0.7958
     746	  0.0229	 0.02185	  0.7953
     747	 0.02288	 0.02182	  0.7948
     748	 0.02285	 0.02178	  0.7943
     749	 0.02282	 0.02174	  0.7939
     750	 0.02277	  0.0217	  0.7934
     751	 0.02271	 0.02165	  0.7929
     752	 0.02264	  0.0216	  0.7924
     753	 0.02255	 0.02155	  0.7919
     754	 0.02247	 0.02149	  0.7915
     755	 0.02239	 0.02144	   0.791
     756	 0.02232	  0.0214	  0.7905
     757	 0.02227	 0.02137	    0.79
     758	 0.02225	 0.02135	  0.7895
     759	 0.02223	 0.02133	  0.7891
     760	 0.02222	 0.02132	  0.7886
     761	  0.0222	  0.0213	  0.7881
     762	 0.02216	 0.02127	  0.7877
     763	 0.02211	 0.02124	  0.7872
     764	 0.02205	 0.02119	  0.7867
     765	 0.02199	 0.02115	  0.7862
     766	 0.02193	 0.02111	  0.7858
     767	 0.02188	 0.02107	  0.7853
     768	 0.02183	 0.02103	  0.7848
     769	 0.02177	 0.02099	  0.7844
     770	 0.02171	 0.02093	  0.7839
     771	 0.02164	 0.02087	  0.7835
     772	 0.02157	 0.02079	   0.783
     773	  0.0215	 0.02072	  0.7825
     774	 0.02145	 0.02066	  0.7821
     775	  0.0214	  0.0206	  0.7816
     776	 0.02137	 0.02056	  0.7812
     777	 0.02134	 0.02054	  0.7807
     778	 0.02132	 0.02052	  0.7802
     779	 0.02128	  0.0205	  0.7798
     780	 0.02123	 0.02048	  0.7793
     781	 0.02116	 0.02044	  0.7789
     782	 0.02108	 0.02038	  0.7784
     783	 0.02098	 0.02031	   0.778
     784	 0.02087	 0.02023	  0.7775
     785	 0.02077	 0.02015	  0.7771
     786	 0.02067	 0.02009	  0.7766
     787	 0.02059	 0.02004	  0.7762
     788	 0.02053	 0.02002	  0.7757
     789	 0.02049	 0.02002	  0.7753
     790	 0.02048	 0.02003	  0.7748
     791	 0.02049	 0.02006	  0.7744
     792	 0.02051	 0.02008	  0.7739
     793	 0.02053	  0.0201	  0.7735
     794	 0.02054	  0.0201	   0.773
     795	 0.02054	 0.02009	  0.7726
     796	 0.02052	 0.02006	  0.7721
     797	 0.02047	 0.02002	  0.7717
     798	 0.02042	 0.01998	  0.7713
     799	 0.02036	 0.01995	  0.7708
     800	  0.0203	 0.01992	  0.7704
     801	 0.02025	  0.0199	  0.7699
     802	  0.0202	 0.01988	  0.7695
     803	 0.02017	 0.01987	  0.7691
     804	 0.02014	 0.01986	  0.7686
     805	 0.02011	 0.01984	  0.7682
     806	 0.02009	 0.01982	  0.7678
     807	 0.02005	 0.01977	  0.7673
     808	 0.01999	 0.01972	  0.7669
     809	 0.01992	 0.01964	  0.7665
     810	 0.01983	 0.01956	   0.766
     811	 0.01973	 0.01947	  0.7656
     812	 0.01964	 0.01938	  0.7652
     813	 0.01955	 0.01931	  0.7648
     814	 0.01947	 0.01925	  0.7643
     815	 0.01941	 0.01921	  0.7639
     816	 0.01935	 0.01917	  0.7635
     817	  0.0193	 0.01913	   0.763
     818	 0.01925	 0.01909	  0.7626
     819	  0.0192	 0.01903	  0.7622
     820	 0.01913	 0.01897	  0.7618
     821	 0.01906	  0.0189	  0.7613
     822	 0.01899	 0.01885	  0.7609
     823	 0.01892	 0.01882	  0.7605
     824	 0.01886	  0.0188	  0.7601
     825	 0.01881	  0.0188	  0.7597
     826	 0.01877	  0.0188	  0.7592
     827	 0.01874	 0.01881	  0.7588
     828	 0.01872	 0.01882	  0.7584
     829	 0.01871	 0.01882	   0.758
     830	 0.01869	 0.01881	  0.7576
     831	 0.01866	 0.01879	  0.7572
     832	 0.01861	 0.01877	  0.7567
     833	 0.01854	 0.01873	  0.7563
     834	 0.01845	 0.01868	  0.7559
     835	 0.01834	 0.01863	  0.7555
     836	 0.01821	 0.01856	  0.7551
     837	 0.01808	 0.01848	  0.7547
     838	 0.01796	  0.0184	  0.7543
     839	 0.01786	 0.01833	  0.7539
     840	 0.01779	 0.01827	  0.7535
     841	 0.01776	 0.01823	   0.753
     842	 0.01776	  0.0182	  0.7526
     843	  0.0178	  0.0182	  0.7522
     844	 0.01787	 0.01822	  0.7518
     845	 0.01797	 0.01824	  0.7514
     846	 0.01808	 0.01827	   0.751
     847	 0.01821	  0.0183	  0.7506
     848	 0.01833	 0.01833	  0.7502
     849	 0.01841	 0.01835	  0.7498
     850	 0.01845	 0.01835	  0.7494
