/*
Particulate absorption and scattering spectra, normalized by SPM 
Scattering spectra from ac-s power-function fit 400-700 nm scaled by LISST-VSF scattering coefficient at 532 nm 
Total (a_p) and MeOH-extracted (a_d) absorption spectra from UV/VIS spectrophotometer measurements with GF/F filter inside 15-cm integrating sphere
Correction for filter-pad pathlength amplification from Stramski et al. 2015 

Lat, Lon = 70.596, -149.036
Date Time UTC = 07-Sep-2018 19:07:35
Depth = 16.9 m
SPM = 1.60 g/m3
POC = 115.00 mg/m3
PSD power-law exponent (~1.5-147 µm) = 3.80 
Scattering spectra power-function exponent (400-700 nm) = 0.592 

Created by Daniel Koestner on 15-Jan-2024 15:28:38
Data Version: V4_10-Nov-2023

Column 1: wavelength [nm]
Column 2: a_p [m^2/g]
Column 3: a_d [m^2/g]
Column 4: b_p [m^2/g]
*/
     290	  0.2501	  0.1965	   1.473
     291	  0.2489	  0.1955	    1.47
     292	  0.2475	  0.1943	   1.467
     293	   0.246	   0.193	   1.465
     294	  0.2443	  0.1915	   1.462
     295	  0.2425	    0.19	   1.459
     296	  0.2406	  0.1884	   1.456
     297	  0.2386	  0.1868	   1.453
     298	  0.2368	  0.1852	    1.45
     299	  0.2349	  0.1837	   1.447
     300	  0.2332	  0.1824	   1.444
     301	  0.2317	  0.1812	   1.441
     302	  0.2302	  0.1801	   1.439
     303	  0.2288	  0.1791	   1.436
     304	  0.2275	  0.1781	   1.433
     305	  0.2261	  0.1772	    1.43
     306	  0.2249	  0.1762	   1.427
     307	  0.2236	  0.1753	   1.425
     308	  0.2224	  0.1744	   1.422
     309	  0.2212	  0.1736	   1.419
     310	  0.2201	  0.1728	   1.416
     311	   0.219	  0.1721	   1.414
     312	  0.2179	  0.1715	   1.411
     313	  0.2169	  0.1708	   1.408
     314	   0.216	  0.1702	   1.406
     315	  0.2151	  0.1696	   1.403
     316	  0.2143	   0.169	     1.4
     317	  0.2135	  0.1683	   1.398
     318	  0.2126	  0.1675	   1.395
     319	  0.2117	  0.1667	   1.393
     320	  0.2108	  0.1658	    1.39
     321	  0.2097	  0.1649	   1.387
     322	  0.2086	  0.1639	   1.385
     323	  0.2075	  0.1629	   1.382
     324	  0.2063	  0.1619	    1.38
     325	  0.2052	   0.161	   1.377
     326	  0.2042	  0.1601	   1.375
     327	  0.2032	  0.1593	   1.372
     328	  0.2023	  0.1586	    1.37
     329	  0.2013	  0.1579	   1.367
     330	  0.2004	  0.1572	   1.365
     331	  0.1995	  0.1565	   1.363
     332	  0.1985	  0.1558	    1.36
     333	  0.1976	  0.1551	   1.358
     334	  0.1967	  0.1543	   1.355
     335	  0.1958	  0.1535	   1.353
     336	   0.195	  0.1528	    1.35
     337	  0.1941	   0.152	   1.348
     338	  0.1933	  0.1513	   1.346
     339	  0.1924	  0.1506	   1.343
     340	  0.1916	    0.15	   1.341
     341	  0.1907	  0.1493	   1.339
     342	  0.1898	  0.1486	   1.336
     343	   0.189	  0.1479	   1.334
     344	  0.1881	  0.1471	   1.332
     345	  0.1872	  0.1464	    1.33
     346	  0.1863	  0.1457	   1.327
     347	  0.1854	   0.145	   1.325
     348	  0.1845	  0.1442	   1.323
     349	  0.1835	  0.1435	    1.32
     350	  0.1826	  0.1427	   1.318
     351	  0.1817	  0.1419	   1.316
     352	  0.1808	  0.1412	   1.314
     353	  0.1799	  0.1405	   1.312
     354	  0.1791	  0.1398	   1.309
     355	  0.1782	  0.1392	   1.307
     356	  0.1773	  0.1386	   1.305
     357	  0.1764	   0.138	   1.303
     358	  0.1755	  0.1373	   1.301
     359	  0.1745	  0.1367	   1.299
     360	  0.1735	  0.1359	   1.296
     361	  0.1724	   0.135	   1.294
     362	  0.1714	  0.1342	   1.292
     363	  0.1703	  0.1333	    1.29
     364	  0.1694	  0.1324	   1.288
     365	  0.1685	  0.1316	   1.286
     366	  0.1676	  0.1309	   1.284
     367	  0.1668	  0.1302	   1.282
     368	   0.166	  0.1296	    1.28
     369	  0.1652	   0.129	   1.278
     370	  0.1643	  0.1284	   1.276
     371	  0.1634	  0.1277	   1.274
     372	  0.1624	  0.1269	   1.272
     373	  0.1613	  0.1261	    1.27
     374	  0.1601	  0.1252	   1.267
     375	  0.1588	  0.1241	   1.265
     376	  0.1575	  0.1229	   1.264
     377	  0.1561	  0.1216	   1.262
     378	  0.1547	  0.1203	    1.26
     379	  0.1533	  0.1189	   1.258
     380	   0.152	  0.1176	   1.256
     381	  0.1508	  0.1164	   1.254
     382	  0.1497	  0.1152	   1.252
     383	  0.1487	  0.1142	    1.25
     384	  0.1478	  0.1132	   1.248
     385	   0.147	  0.1123	   1.246
     386	  0.1461	  0.1115	   1.244
     387	  0.1452	  0.1108	   1.242
     388	  0.1444	  0.1101	    1.24
     389	  0.1435	  0.1094	   1.238
     390	  0.1427	  0.1088	   1.236
     391	  0.1418	  0.1082	   1.235
     392	  0.1409	  0.1075	   1.233
     393	  0.1399	  0.1068	   1.231
     394	   0.139	  0.1061	   1.229
     395	   0.138	  0.1052	   1.227
     396	  0.1369	  0.1043	   1.225
     397	   0.136	  0.1034	   1.224
     398	   0.135	  0.1026	   1.222
     399	  0.1342	  0.1018	    1.22
     400	  0.1333	   0.101	   1.218
     401	  0.1326	  0.1003	   1.216
     402	  0.1319	 0.09962	   1.214
     403	  0.1312	 0.09888	   1.213
     404	  0.1304	 0.09811	   1.211
     405	  0.1297	  0.0973	   1.209
     406	  0.1291	  0.0965	   1.207
     407	  0.1284	 0.09571	   1.206
     408	  0.1278	 0.09496	   1.204
     409	  0.1273	 0.09428	   1.202
     410	  0.1268	 0.09365	     1.2
     411	  0.1263	 0.09308	   1.199
     412	  0.1258	 0.09254	   1.197
     413	  0.1253	 0.09202	   1.195
     414	  0.1248	 0.09149	   1.194
     415	  0.1243	 0.09094	   1.192
     416	  0.1236	 0.09036	    1.19
     417	   0.123	 0.08976	   1.188
     418	  0.1223	 0.08914	   1.187
     419	  0.1216	 0.08849	   1.185
     420	  0.1208	 0.08782	   1.183
     421	  0.1201	 0.08713	   1.182
     422	  0.1193	 0.08642	    1.18
     423	  0.1185	 0.08569	   1.178
     424	  0.1177	 0.08495	   1.177
     425	   0.117	 0.08421	   1.175
     426	  0.1163	 0.08347	   1.173
     427	  0.1156	 0.08275	   1.172
     428	  0.1149	 0.08204	    1.17
     429	  0.1142	 0.08134	   1.169
     430	  0.1134	 0.08066	   1.167
     431	  0.1127	 0.07997	   1.165
     432	  0.1119	 0.07929	   1.164
     433	  0.1111	 0.07861	   1.162
     434	  0.1103	 0.07793	   1.161
     435	  0.1095	 0.07726	   1.159
     436	  0.1087	  0.0766	   1.157
     437	  0.1079	 0.07596	   1.156
     438	  0.1072	 0.07534	   1.154
     439	  0.1064	 0.07475	   1.153
     440	  0.1056	 0.07419	   1.151
     441	  0.1049	 0.07364	    1.15
     442	  0.1041	 0.07312	   1.148
     443	  0.1033	 0.07261	   1.147
     444	  0.1025	 0.07211	   1.145
     445	  0.1017	 0.07159	   1.144
     446	  0.1009	 0.07107	   1.142
     447	  0.1001	 0.07054	   1.141
     448	 0.09924	 0.07001	   1.139
     449	 0.09844	 0.06949	   1.138
     450	 0.09767	 0.06899	   1.136
     451	 0.09696	 0.06853	   1.135
     452	 0.09629	  0.0681	   1.133
     453	 0.09569	  0.0677	   1.132
     454	 0.09513	 0.06734	    1.13
     455	  0.0946	 0.06699	   1.129
     456	  0.0941	 0.06665	   1.127
     457	 0.09361	  0.0663	   1.126
     458	 0.09311	 0.06595	   1.124
     459	 0.09261	 0.06558	   1.123
     460	  0.0921	  0.0652	   1.121
     461	 0.09159	 0.06483	    1.12
     462	 0.09109	 0.06447	   1.118
     463	  0.0906	 0.06413	   1.117
     464	 0.09013	  0.0638	   1.116
     465	 0.08967	 0.06349	   1.114
     466	 0.08921	 0.06318	   1.113
     467	 0.08873	 0.06287	   1.111
     468	 0.08823	 0.06256	    1.11
     469	 0.08769	 0.06223	   1.109
     470	 0.08714	 0.06189	   1.107
     471	 0.08657	 0.06155	   1.106
     472	 0.08601	 0.06122	   1.104
     473	 0.08548	 0.06092	   1.103
     474	 0.08497	 0.06064	   1.102
     475	 0.08449	 0.06038	     1.1
     476	 0.08401	 0.06014	   1.099
     477	 0.08353	  0.0599	   1.098
     478	 0.08303	 0.05963	   1.096
     479	 0.08249	 0.05934	   1.095
     480	 0.08192	 0.05903	   1.093
     481	 0.08134	 0.05869	   1.092
     482	 0.08075	 0.05834	   1.091
     483	 0.08018	   0.058	   1.089
     484	 0.07964	 0.05767	   1.088
     485	 0.07912	 0.05735	   1.087
     486	 0.07862	 0.05703	   1.085
     487	 0.07812	 0.05672	   1.084
     488	 0.07761	  0.0564	   1.083
     489	 0.07709	 0.05607	   1.081
     490	 0.07656	 0.05573	    1.08
     491	 0.07602	 0.05539	   1.079
     492	 0.07548	 0.05504	   1.078
     493	 0.07494	  0.0547	   1.076
     494	 0.07442	 0.05436	   1.075
     495	  0.0739	 0.05403	   1.074
     496	 0.07338	 0.05372	   1.072
     497	 0.07287	 0.05342	   1.071
     498	 0.07235	 0.05313	    1.07
     499	 0.07184	 0.05284	   1.069
     500	 0.07133	 0.05256	   1.067
     501	 0.07081	 0.05228	   1.066
     502	 0.07029	   0.052	   1.065
     503	 0.06977	 0.05173	   1.064
     504	 0.06924	 0.05145	   1.062
     505	 0.06869	 0.05116	   1.061
     506	 0.06813	 0.05087	    1.06
     507	 0.06755	 0.05057	   1.059
     508	 0.06696	 0.05025	   1.057
     509	 0.06637	 0.04992	   1.056
     510	 0.06581	 0.04958	   1.055
     511	 0.06528	 0.04926	   1.054
     512	 0.06479	 0.04895	   1.052
     513	 0.06434	 0.04866	   1.051
     514	 0.06392	  0.0484	    1.05
     515	 0.06351	 0.04815	   1.049
     516	 0.06311	 0.04792	   1.048
     517	 0.06269	 0.04769	   1.046
     518	 0.06226	 0.04746	   1.045
     519	 0.06182	 0.04722	   1.044
     520	 0.06137	 0.04699	   1.043
     521	 0.06092	 0.04675	   1.042
     522	 0.06048	 0.04651	    1.04
     523	 0.06006	 0.04626	   1.039
     524	 0.05965	 0.04601	   1.038
     525	 0.05927	 0.04577	   1.037
     526	  0.0589	 0.04552	   1.036
     527	 0.05853	 0.04529	   1.035
     528	 0.05818	 0.04507	   1.033
     529	 0.05784	 0.04487	   1.032
     530	 0.05749	 0.04466	   1.031
     531	 0.05715	 0.04446	    1.03
     532	  0.0568	 0.04424	   1.029
     533	 0.05645	   0.044	   1.028
     534	 0.05608	 0.04375	   1.027
     535	 0.05571	 0.04347	   1.025
     536	 0.05533	 0.04319	   1.024
     537	 0.05494	 0.04291	   1.023
     538	 0.05456	 0.04264	   1.022
     539	 0.05418	 0.04238	   1.021
     540	 0.05382	 0.04214	    1.02
     541	 0.05347	 0.04192	   1.019
     542	 0.05315	 0.04172	   1.018
     543	 0.05284	 0.04154	   1.016
     544	 0.05254	 0.04138	   1.015
     545	 0.05224	 0.04122	   1.014
     546	 0.05196	 0.04108	   1.013
     547	 0.05167	 0.04094	   1.012
     548	 0.05138	  0.0408	   1.011
     549	 0.05109	 0.04066	    1.01
     550	 0.05079	 0.04051	   1.009
     551	 0.05048	 0.04035	   1.008
     552	 0.05014	 0.04017	   1.007
     553	 0.04979	 0.03998	   1.006
     554	 0.04943	 0.03977	   1.004
     555	 0.04906	 0.03954	   1.003
     556	  0.0487	 0.03931	   1.002
     557	 0.04835	 0.03908	   1.001
     558	 0.04803	 0.03887	       1
     559	 0.04775	 0.03868	  0.9992
     560	 0.04749	 0.03851	  0.9981
     561	 0.04727	 0.03837	   0.997
     562	 0.04705	 0.03824	   0.996
     563	 0.04685	 0.03812	   0.995
     564	 0.04664	 0.03801	  0.9939
     565	 0.04642	 0.03788	  0.9929
     566	 0.04618	 0.03775	  0.9918
     567	 0.04594	  0.0376	  0.9908
     568	  0.0457	 0.03745	  0.9898
     569	 0.04546	 0.03729	  0.9887
     570	 0.04522	 0.03713	  0.9877
     571	   0.045	 0.03698	  0.9867
     572	 0.04479	 0.03682	  0.9857
     573	 0.04458	 0.03667	  0.9846
     574	 0.04436	 0.03651	  0.9836
     575	 0.04414	 0.03635	  0.9826
     576	 0.04392	 0.03619	  0.9816
     577	 0.04368	 0.03603	  0.9806
     578	 0.04345	 0.03588	  0.9796
     579	 0.04322	 0.03574	  0.9786
     580	   0.043	 0.03562	  0.9776
     581	 0.04281	 0.03552	  0.9766
     582	 0.04264	 0.03542	  0.9756
     583	  0.0425	 0.03534	  0.9746
     584	 0.04237	 0.03526	  0.9736
     585	 0.04227	 0.03519	  0.9726
     586	 0.04217	 0.03513	  0.9716
     587	 0.04208	 0.03506	  0.9707
     588	 0.04198	   0.035	  0.9697
     589	 0.04188	 0.03493	  0.9687
     590	 0.04176	 0.03486	  0.9677
     591	 0.04162	 0.03476	  0.9668
     592	 0.04147	 0.03466	  0.9658
     593	  0.0413	 0.03453	  0.9648
     594	 0.04112	  0.0344	  0.9639
     595	 0.04094	 0.03426	  0.9629
     596	 0.04077	 0.03412	   0.962
     597	 0.04059	 0.03399	   0.961
     598	 0.04042	 0.03385	  0.9601
     599	 0.04024	 0.03372	  0.9591
     600	 0.04007	  0.0336	  0.9582
     601	 0.03989	 0.03347	  0.9572
     602	 0.03971	 0.03334	  0.9563
     603	 0.03954	 0.03321	  0.9553
     604	 0.03938	  0.0331	  0.9544
     605	 0.03925	 0.03299	  0.9535
     606	 0.03914	  0.0329	  0.9525
     607	 0.03906	 0.03282	  0.9516
     608	 0.03901	 0.03275	  0.9507
     609	 0.03896	 0.03269	  0.9498
     610	 0.03892	 0.03262	  0.9488
     611	 0.03886	 0.03254	  0.9479
     612	 0.03879	 0.03245	   0.947
     613	  0.0387	 0.03235	  0.9461
     614	 0.03861	 0.03224	  0.9452
     615	 0.03851	 0.03214	  0.9443
     616	 0.03842	 0.03204	  0.9434
     617	 0.03833	 0.03193	  0.9424
     618	 0.03825	 0.03183	  0.9415
     619	 0.03818	 0.03174	  0.9406
     620	 0.03809	 0.03164	  0.9397
     621	 0.03801	 0.03153	  0.9389
     622	  0.0379	 0.03143	   0.938
     623	 0.03779	 0.03131	  0.9371
     624	 0.03767	 0.03119	  0.9362
     625	 0.03754	 0.03106	  0.9353
     626	 0.03742	 0.03094	  0.9344
     627	 0.03731	 0.03082	  0.9335
     628	 0.03722	 0.03071	  0.9326
     629	 0.03714	 0.03061	  0.9318
     630	 0.03707	 0.03052	  0.9309
     631	 0.03701	 0.03045	    0.93
     632	 0.03694	 0.03038	  0.9291
     633	 0.03688	 0.03031	  0.9283
     634	  0.0368	 0.03025	  0.9274
     635	 0.03672	 0.03019	  0.9265
     636	 0.03663	 0.03013	  0.9257
     637	 0.03654	 0.03007	  0.9248
     638	 0.03644	    0.03	   0.924
     639	 0.03634	 0.02992	  0.9231
     640	 0.03622	 0.02983	  0.9223
     641	  0.0361	 0.02974	  0.9214
     642	 0.03597	 0.02963	  0.9206
     643	 0.03583	 0.02953	  0.9197
     644	  0.0357	 0.02942	  0.9189
     645	 0.03558	 0.02932	   0.918
     646	 0.03547	 0.02922	  0.9172
     647	 0.03538	 0.02913	  0.9163
     648	  0.0353	 0.02905	  0.9155
     649	 0.03523	 0.02896	  0.9147
     650	 0.03518	 0.02888	  0.9138
     651	 0.03515	 0.02879	   0.913
     652	 0.03514	 0.02871	  0.9122
     653	 0.03516	 0.02864	  0.9113
     654	 0.03522	 0.02858	  0.9105
     655	 0.03533	 0.02853	  0.9097
     656	 0.03548	  0.0285	  0.9089
     657	 0.03568	 0.02848	  0.9081
     658	 0.03591	 0.02845	  0.9072
     659	 0.03615	 0.02842	  0.9064
     660	 0.03642	 0.02836	  0.9056
     661	 0.03668	 0.02829	  0.9048
     662	 0.03695	 0.02821	   0.904
     663	 0.03722	 0.02811	  0.9032
     664	 0.03748	 0.02801	  0.9024
     665	 0.03774	 0.02791	  0.9016
     666	 0.03799	 0.02781	  0.9008
     667	 0.03822	 0.02771	     0.9
     668	 0.03844	 0.02761	  0.8992
     669	 0.03863	  0.0275	  0.8984
     670	 0.03879	 0.02739	  0.8976
     671	  0.0389	 0.02728	  0.8968
     672	 0.03897	 0.02718	   0.896
     673	 0.03898	 0.02709	  0.8952
     674	 0.03892	 0.02701	  0.8944
     675	  0.0388	 0.02695	  0.8936
     676	 0.03862	  0.0269	  0.8929
     677	 0.03837	 0.02685	  0.8921
     678	 0.03806	 0.02681	  0.8913
     679	 0.03771	 0.02677	  0.8905
     680	 0.03731	 0.02673	  0.8897
     681	 0.03687	 0.02669	   0.889
     682	 0.03641	 0.02666	  0.8882
     683	 0.03593	 0.02665	  0.8874
     684	 0.03543	 0.02664	  0.8867
     685	 0.03492	 0.02664	  0.8859
     686	 0.03441	 0.02664	  0.8851
     687	  0.0339	 0.02663	  0.8844
     688	 0.03338	  0.0266	  0.8836
     689	 0.03286	 0.02654	  0.8828
     690	 0.03235	 0.02645	  0.8821
     691	 0.03184	 0.02635	  0.8813
     692	 0.03135	 0.02624	  0.8806
     693	 0.03089	 0.02612	  0.8798
     694	 0.03047	   0.026	  0.8791
     695	 0.03009	 0.02591	  0.8783
     696	 0.02976	 0.02582	  0.8776
     697	 0.02948	 0.02576	  0.8768
     698	 0.02924	 0.02571	  0.8761
     699	 0.02903	 0.02567	  0.8753
     700	 0.02883	 0.02563	  0.8746
     701	 0.02863	 0.02558	  0.8739
     702	 0.02844	 0.02552	  0.8731
     703	 0.02826	 0.02545	  0.8724
     704	 0.02807	 0.02536	  0.8717
     705	  0.0279	 0.02526	  0.8709
     706	 0.02774	 0.02516	  0.8702
     707	  0.0276	 0.02506	  0.8695
     708	 0.02747	 0.02497	  0.8687
     709	 0.02735	 0.02488	   0.868
     710	 0.02725	  0.0248	  0.8673
     711	 0.02715	 0.02473	  0.8666
     712	 0.02704	 0.02466	  0.8659
     713	 0.02693	  0.0246	  0.8651
     714	 0.02682	 0.02454	  0.8644
     715	 0.02671	 0.02448	  0.8637
     716	  0.0266	 0.02443	   0.863
     717	 0.02651	 0.02438	  0.8623
     718	 0.02642	 0.02435	  0.8616
     719	 0.02635	 0.02432	  0.8609
     720	 0.02627	  0.0243	  0.8601
     721	 0.02618	 0.02427	  0.8594
     722	 0.02608	 0.02424	  0.8587
     723	 0.02597	 0.02419	   0.858
     724	 0.02584	 0.02413	  0.8573
     725	 0.02571	 0.02405	  0.8566
     726	 0.02557	 0.02396	  0.8559
     727	 0.02544	 0.02385	  0.8552
     728	 0.02531	 0.02374	  0.8545
     729	 0.02518	 0.02362	  0.8538
     730	 0.02506	 0.02351	  0.8532
     731	 0.02493	  0.0234	  0.8525
     732	  0.0248	 0.02329	  0.8518
     733	 0.02466	  0.0232	  0.8511
     734	 0.02453	 0.02312	  0.8504
     735	  0.0244	 0.02305	  0.8497
     736	  0.0243	 0.02301	   0.849
     737	 0.02424	 0.02299	  0.8483
     738	 0.02421	 0.02299	  0.8477
     739	 0.02421	 0.02301	   0.847
     740	 0.02422	 0.02302	  0.8463
     741	 0.02421	 0.02302	  0.8456
     742	 0.02419	 0.02299	   0.845
     743	 0.02412	 0.02293	  0.8443
     744	 0.02402	 0.02284	  0.8436
     745	  0.0239	 0.02274	  0.8429
     746	 0.02378	 0.02263	  0.8423
     747	 0.02369	 0.02254	  0.8416
     748	 0.02363	 0.02248	  0.8409
     749	 0.02361	 0.02244	  0.8403
     750	 0.02362	 0.02243	  0.8396
     751	 0.02364	 0.02243	  0.8389
     752	 0.02365	 0.02242	  0.8383
     753	 0.02364	  0.0224	  0.8376
     754	 0.02359	 0.02237	   0.837
     755	  0.0235	 0.02231	  0.8363
     756	 0.02337	 0.02224	  0.8357
     757	 0.02323	 0.02216	   0.835
     758	  0.0231	 0.02207	  0.8344
     759	 0.02297	 0.02199	  0.8337
     760	 0.02286	 0.02192	  0.8331
     761	 0.02277	 0.02185	  0.8324
     762	 0.02269	 0.02179	  0.8318
     763	 0.02261	 0.02173	  0.8311
     764	 0.02252	 0.02167	  0.8305
     765	 0.02242	  0.0216	  0.8298
     766	 0.02231	 0.02152	  0.8292
     767	 0.02218	 0.02144	  0.8285
     768	 0.02205	 0.02135	  0.8279
     769	 0.02192	 0.02127	  0.8273
     770	 0.02181	 0.02122	  0.8266
     771	 0.02173	 0.02119	   0.826
     772	 0.02168	 0.02119	  0.8254
     773	 0.02166	 0.02121	  0.8247
     774	 0.02167	 0.02124	  0.8241
     775	  0.0217	 0.02126	  0.8235
     776	 0.02172	 0.02126	  0.8228
     777	 0.02174	 0.02123	  0.8222
     778	 0.02173	 0.02116	  0.8216
     779	 0.02171	 0.02108	   0.821
     780	 0.02167	 0.02098	  0.8203
     781	 0.02162	 0.02089	  0.8197
     782	 0.02155	  0.0208	  0.8191
     783	 0.02148	 0.02073	  0.8185
     784	 0.02141	 0.02068	  0.8179
     785	 0.02133	 0.02063	  0.8172
     786	 0.02124	  0.0206	  0.8166
     787	 0.02116	 0.02057	   0.816
     788	 0.02108	 0.02055	  0.8154
     789	 0.02101	 0.02052	  0.8148
     790	 0.02094	  0.0205	  0.8142
     791	 0.02088	 0.02046	  0.8136
     792	 0.02081	 0.02042	   0.813
     793	 0.02073	 0.02037	  0.8124
     794	 0.02064	 0.02032	  0.8118
     795	 0.02053	 0.02025	  0.8111
     796	 0.02043	 0.02019	  0.8105
     797	 0.02033	 0.02013	  0.8099
     798	 0.02025	 0.02006	  0.8093
     799	 0.02019	    0.02	  0.8087
     800	 0.02013	 0.01992	  0.8081
     801	  0.0201	 0.01984	  0.8075
     802	 0.02008	 0.01978	  0.8069
     803	 0.02007	 0.01973	  0.8064
     804	  0.0201	 0.01971	  0.8058
     805	 0.02014	 0.01972	  0.8052
     806	 0.02019	 0.01976	  0.8046
     807	 0.02024	 0.01981	   0.804
     808	 0.02026	 0.01985	  0.8034
     809	 0.02025	 0.01986	  0.8028
     810	 0.02019	 0.01985	  0.8022
     811	  0.0201	  0.0198	  0.8016
     812	    0.02	 0.01973	  0.8011
     813	 0.01989	 0.01965	  0.8005
     814	 0.01981	 0.01959	  0.7999
     815	 0.01974	 0.01954	  0.7993
     816	 0.01971	 0.01952	  0.7987
     817	 0.01969	 0.01953	  0.7981
     818	  0.0197	 0.01955	  0.7976
     819	 0.01972	 0.01959	   0.797
     820	 0.01975	 0.01964	  0.7964
     821	 0.01978	 0.01967	  0.7958
     822	  0.0198	 0.01968	  0.7953
     823	 0.01979	 0.01966	  0.7947
     824	 0.01973	 0.01959	  0.7941
     825	  0.0196	 0.01946	  0.7936
     826	 0.01942	 0.01928	   0.793
     827	 0.01917	 0.01907	  0.7924
     828	 0.01889	 0.01884	  0.7919
     829	 0.01859	 0.01861	  0.7913
     830	 0.01831	  0.0184	  0.7907
     831	 0.01806	 0.01824	  0.7902
     832	 0.01784	 0.01812	  0.7896
     833	 0.01768	 0.01804	   0.789
     834	 0.01756	 0.01801	  0.7885
     835	 0.01748	 0.01801	  0.7879
     836	 0.01744	 0.01803	  0.7874
     837	 0.01744	 0.01806	  0.7868
     838	 0.01747	 0.01807	  0.7862
     839	 0.01752	 0.01807	  0.7857
     840	 0.01758	 0.01806	  0.7851
     841	 0.01765	 0.01804	  0.7846
     842	 0.01772	 0.01804	   0.784
     843	 0.01779	 0.01805	  0.7835
     844	 0.01787	 0.01808	  0.7829
     845	 0.01794	 0.01814	  0.7824
     846	 0.01802	  0.0182	  0.7818
     847	 0.01808	 0.01825	  0.7813
     848	  0.0181	 0.01826	  0.7807
     849	 0.01806	 0.01822	  0.7802
     850	 0.01794	 0.01812	  0.7797
