/*
Scattering Phase Functions [1/sr] at 532 nm from LISST-VSF (SN 1475), Percentiles and mean
Volume scattering function corrected and extrapolated to 180ยบ following Koestner et al. 2018 

Dilution-corrected (if applicable) IOPs [1/m], Percentiles and mean;
bbp = 0.171407	0.176620	0.182686	0.189496	0.195688	0.183321
bp = 10.036512	10.307724	10.730605	11.362908	12.130050	11.000170
cp = 9.732674	10.203932	11.853257	13.371086	15.202818	12.833805

Lat, Lon = 70.464, -148.522
Date Time UTC = 13-Aug-2019 20:32:00
Depth = 1.8 m
SPM = 13.11 g/m3
POC/SPM = 0.03 

Created by Daniel Koestner on 15-Jan-2024 15:28:34
Data Version: V4_10-Nov-2023

Column 1: Angle [deg]
Column 2: 10th Percentile Data
Column 3: 25th Percentile Data
Column 4: 50th Percentile Data
Column 5: 75th Percentile Data
Column 6: 90th Percentile Data
Column 7: Mean Data
*/
 0.08357	   999.3	    1307	    2650	    5411	    7048	    3553
 0.09861	   890.7	    1149	    2261	    4452	    5916	    3042
  0.1164	   772.1	   974.6	    1830	    3413	    4664	    2472
  0.1373	   648.2	   788.8	    1373	    2361	    3343	    1861
  0.1621	     534	   616.3	     957	    1465	    2149	    1292
  0.1912	   439.9	   479.1	   642.9	   853.8	    1278	   855.1
  0.2257	   365.3	   380.1	   441.7	   520.3	   755.3	   571.5
  0.2663	   306.3	   310.5	     327	   365.3	   487.8	   408.2
  0.3143	   257.3	   258.2	   260.5	   286.1	   344.2	   309.7
  0.3708	   217.7	   217.1	   216.4	   229.8	   256.5	   242.5
  0.4376	   182.8	   181.4	   179.8	   182.1	   192.1	   190.8
  0.5164	     153	   151.1	   148.7	   146.2	   147.6	   152.2
  0.6094	   126.3	   124.7	   121.8	   118.1	   116.3	   122.4
  0.7191	   103.4	     102	    99.1	   95.56	   92.26	   98.41
  0.8486	   84.14	   83.01	   80.44	    76.9	   73.77	    79.2
   1.001	   68.14	   67.04	   64.95	   61.98	   58.98	   63.64
   1.182	   55.09	    54.2	   52.48	   50.04	   47.59	   51.33
   1.394	   44.22	   43.47	   42.13	   40.17	   38.14	   41.16
   1.645	   35.22	   34.64	   33.57	      32	   30.36	   32.77
   1.941	    27.4	   26.94	   26.13	    24.9	    23.6	   25.48
    2.29	   21.89	    21.5	   20.85	   19.83	   18.76	   20.31
   2.701	   17.27	   16.98	   16.43	   15.64	    14.8	   16.02
   3.185	   13.56	    13.3	   12.87	   12.24	   11.55	   12.56
   3.756	   10.65	   10.47	   10.16	   9.639	   9.105	   9.883
   4.428	   7.372	   7.241	   7.016	   6.662	   6.263	   6.832
   5.218	   5.436	    5.37	   5.225	   4.963	   4.678	   5.082
   6.146	   4.185	   4.117	   3.976	   3.797	   3.573	   3.879
   7.232	    2.97	   2.919	   2.827	    2.69	   2.538	   2.754
   8.502	   1.944	   1.925	    1.88	     1.8	   1.713	    1.83
   9.981	   1.278	   1.274	   1.254	   1.208	    1.16	    1.22
   11.69	  0.8438	  0.8471	  0.8411	  0.8154	  0.7893	  0.8174
   13.67	  0.5612	  0.5672	  0.5677	  0.5538	  0.5406	  0.5514
      15	  0.4397	  0.4463	  0.4488	  0.4394	  0.4311	  0.4357
      16	  0.3852	  0.3923	  0.3948	  0.3921	  0.3764	  0.3843
      17	  0.3425	  0.3432	  0.3497	  0.3445	  0.3308	  0.3392
      18	  0.2976	  0.3034	  0.3055	   0.303	  0.2924	  0.2986
      19	   0.262	  0.2672	   0.272	  0.2674	  0.2577	  0.2629
      20	  0.2296	  0.2387	  0.2401	  0.2349	  0.2279	  0.2331
      21	  0.2062	  0.2126	  0.2128	  0.2104	  0.2036	  0.2075
      22	   0.183	  0.1899	  0.1897	  0.1874	  0.1812	   0.185
      23	  0.1627	   0.171	  0.1698	  0.1664	   0.163	  0.1655
      24	  0.1464	  0.1523	  0.1542	    0.15	  0.1454	  0.1487
      25	   0.131	  0.1389	  0.1384	  0.1359	  0.1299	  0.1342
      26	  0.1204	  0.1259	   0.126	  0.1242	  0.1185	  0.1221
      27	  0.1106	  0.1146	   0.115	  0.1123	  0.1078	  0.1111
      28	  0.1005	  0.1043	  0.1051	  0.1026	 0.09859	  0.1016
      29	 0.09322	  0.0953	 0.09685	 0.09521	 0.09199	 0.09371
      30	 0.08538	 0.08823	 0.08764	 0.08846	 0.08559	 0.08591
      31	  0.0785	 0.08088	  0.0807	 0.08037	 0.07926	  0.0791
      32	  0.0722	 0.07451	 0.07448	 0.07507	 0.07289	  0.0731
      33	 0.06616	 0.06879	 0.06849	 0.06815	 0.06805	 0.06744
      34	 0.06142	 0.06343	 0.06275	 0.06322	 0.06189	 0.06193
      35	 0.05786	 0.05764	 0.05794	  0.0579	 0.05674	 0.05697
      36	 0.05363	 0.05401	 0.05338	 0.05408	 0.05294	 0.05302
      37	 0.04995	 0.05055	 0.05035	  0.0503	 0.04943	 0.04964
      38	 0.04618	 0.04715	  0.0469	 0.04736	  0.0448	 0.04617
      39	 0.04326	 0.04395	  0.0441	 0.04426	 0.04261	 0.04315
      40	 0.03899	 0.04057	 0.04106	  0.0413	 0.03982	 0.04006
      41	 0.03657	 0.03788	 0.03878	 0.03801	 0.03685	 0.03729
      42	 0.03535	 0.03584	 0.03553	 0.03555	 0.03464	 0.03488
      43	 0.03286	 0.03324	 0.03319	  0.0331	 0.03195	 0.03254
      44	 0.03061	 0.03094	 0.03131	 0.03088	 0.02972	 0.03033
      45	 0.02912	 0.02978	 0.02952	 0.02858	 0.02783	  0.0287
      46	 0.02799	 0.02815	 0.02766	 0.02699	  0.0258	 0.02706
      47	 0.02599	 0.02629	 0.02602	 0.02516	  0.0248	  0.0254
      48	 0.02443	 0.02481	 0.02451	 0.02396	 0.02333	   0.024
      49	 0.02322	 0.02346	 0.02306	 0.02244	 0.02184	 0.02254
      50	 0.02214	 0.02217	 0.02195	   0.021	 0.02026	 0.02132
      51	 0.02114	 0.02109	 0.02081	 0.02002	 0.01903	  0.0202
      52	 0.02002	 0.01992	 0.01958	 0.01896	 0.01807	 0.01906
      53	 0.01915	 0.01882	 0.01854	 0.01812	 0.01714	 0.01811
      54	 0.01782	 0.01779	 0.01758	 0.01698	 0.01659	 0.01717
      55	 0.01697	 0.01706	 0.01684	 0.01636	 0.01566	 0.01645
      56	 0.01622	 0.01628	 0.01615	 0.01553	 0.01503	 0.01574
      57	 0.01551	 0.01546	 0.01518	 0.01484	 0.01416	 0.01495
      58	 0.01462	 0.01449	 0.01445	 0.01409	 0.01375	 0.01418
      59	 0.01388	 0.01392	 0.01373	  0.0133	 0.01299	 0.01348
      60	 0.01346	 0.01339	 0.01305	 0.01275	 0.01244	 0.01289
      61	 0.01261	  0.0126	 0.01254	 0.01224	 0.01165	 0.01224
      62	 0.01208	 0.01202	 0.01196	 0.01169	 0.01113	  0.0117
      63	 0.01126	 0.01157	 0.01156	 0.01122	 0.01093	 0.01123
      64	 0.01087	 0.01087	 0.01096	 0.01089	 0.01053	 0.01072
      65	  0.0105	 0.01048	 0.01029	 0.01018	 0.01009	 0.01023
      66	 0.01005	 0.01001	0.009955	0.009675	0.009403	 0.00972
      67	0.009584	0.009566	0.009606	0.009318	0.008926	0.009344
      68	0.008992	  0.0092	0.009161	0.009014	0.008636	0.008929
      69	0.008639	0.008781	0.008771	0.008556	0.008309	0.008539
      70	0.008371	0.008423	0.008269	0.008127	0.007878	0.008114
      71	0.007886	0.007824	0.007989	0.007754	0.007522	0.007723
      72	0.007508	0.007593	0.007494	0.007377	 0.00724	0.007376
      73	0.007283	0.007414	0.007224	0.007041	0.006901	0.007116
      74	0.007168	0.007112	0.007054	0.006905	0.006684	0.006898
      75	0.006806	0.006789	0.006818	0.006572	0.006478	0.006634
      76	0.006597	0.006616	0.006487	0.006407	 0.00615	0.006403
      77	0.006315	0.006281	0.006245	0.006161	0.006041	0.006148
      78	0.006086	0.006103	0.006157	0.006033	0.005795	0.005979
      79	0.005701	0.005917	0.005948	0.005773	0.005563	 0.00574
      80	0.005561	0.005744	0.005628	0.005582	0.005355	0.005509
      81	0.005463	0.005548	0.005451	0.005367	0.005119	0.005335
      82	0.005327	0.005388	0.005306	0.005186	0.004969	0.005185
      83	0.005219	 0.00518	0.005138	0.005047	0.004847	0.005029
      84	 0.00502	   0.005	0.004912	0.004871	0.004958	0.004881
      85	0.004873	0.004852	0.004829	0.004671	0.004745	0.004738
      86	0.004662	0.004654	0.004663	0.004505	0.004578	0.004558
      87	0.004576	0.004619	0.004555	0.004476	 0.00435	0.004466
      88	0.004398	0.004393	0.004369	0.004297	0.004102	0.004283
      89	0.004326	0.004331	0.004275	0.004291	0.004124	0.004222
      90	0.004223	 0.00418	0.004149	0.004093	0.003973	0.004101
      91	0.004068	0.004061	0.004071	0.004009	 0.00391	0.003989
      92	 0.00394	0.003949	 0.00395	0.003832	0.003806	0.003862
      93	0.003855	 0.00383	0.003881	0.003778	  0.0037	0.003769
      94	0.003738	0.003799	0.003741	0.003667	0.003578	 0.00368
      95	0.003724	0.003698	0.003645	0.003572	0.003435	0.003592
      96	0.003628	0.003629	0.003555	0.003431	0.003281	0.003485
      97	0.003562	0.003503	0.003422	0.003331	0.003255	0.003383
      98	0.003404	0.003396	0.003342	0.003348	 0.00317	0.003309
      99	0.003327	0.003371	 0.00332	0.003208	0.003086	0.003244
     100	 0.00331	0.003309	0.003264	0.003194	0.003064	0.003194
     101	0.003222	0.003256	0.003219	0.003147	0.002976	0.003144
     102	0.003126	0.003101	0.003083	0.003084	0.002983	0.003046
     103	0.003014	0.003076	0.003024	0.002947	0.002878	0.002963
     104	0.003041	 0.00303	0.002969	0.002939	0.002821	 0.00293
     105	0.002943	0.002924	 0.00291	 0.00286	0.002803	0.002864
     106	 0.00281	0.002874	0.002882	0.002809	0.002736	  0.0028
     107	 0.00283	0.002869	0.002872	0.002835	0.002705	0.002804
     108	0.002789	0.002784	 0.00283	 0.00274	0.002633	0.002742
     109	0.002739	0.002759	0.002771	0.002693	0.002571	0.002684
     110	0.002669	0.002711	0.002704	0.002635	0.002544	0.002628
     111	0.002651	0.002672	0.002662	0.002622	0.002516	0.002605
     112	0.002578	0.002607	0.002618	0.002563	0.002518	0.002555
     113	0.002596	0.002572	0.002591	0.002544	0.002456	0.002525
     114	0.002516	 0.00249	0.002578	0.002545	0.002427	0.002504
     115	0.002477	0.002529	0.002547	0.002539	0.002434	0.002483
     116	0.002442	0.002554	0.002538	0.002481	0.002427	0.002473
     117	0.002482	 0.00249	0.002492	0.002435	 0.00236	0.002434
     118	0.002406	0.002442	 0.00245	0.002451	0.002338	0.002397
     119	0.002404	0.002446	0.002444	  0.0024	0.002364	 0.00239
     120	0.002418	0.002433	0.002414	0.002372	0.002318	0.002379
     121	0.002451	0.002489	0.002441	0.002385	0.002303	0.002394
     122	0.002422	0.002411	0.002401	0.002344	0.002267	0.002346
     123	0.002368	0.002396	0.002374	  0.0023	0.002218	0.002308
     124	0.002329	0.002331	0.002317	 0.00228	0.002178	0.002263
     125	0.002284	0.002298	0.002316	0.002295	0.002194	 0.00226
     126	0.002351	0.002363	0.002354	0.002289	0.002166	0.002283
     127	0.002348	0.002337	 0.00234	0.002243	0.002203	0.002272
     128	0.002365	0.002352	0.002316	0.002263	0.002198	0.002275
     129	0.002322	0.002338	0.002301	0.002229	0.002176	0.002253
     130	 0.00235	0.002357	0.002331	0.002307	0.002252	0.002294
     131	0.002397	0.002367	0.002328	0.002305	0.002219	0.002297
     132	0.002392	0.002343	0.002339	0.002287	0.002203	0.002286
     133	0.002345	0.002378	0.002334	0.002305	 0.00223	0.002295
     134	0.002374	0.002386	0.002359	0.002323	0.002277	0.002316
     135	0.002395	0.002376	0.002378	0.002321	0.002251	0.002329
     136	0.002399	0.002403	0.002379	0.002375	 0.00228	0.002339
     137	0.002442	0.002419	0.002358	0.002316	0.002314	 0.00234
     138	0.002445	0.002464	0.002408	0.002323	0.002279	0.002361
     139	0.002426	0.002421	0.002415	 0.00237	0.002276	 0.00236
     140	0.002394	0.002411	0.002405	 0.00233	 0.00226	0.002349
     141	0.002381	0.002405	0.002399	0.002325	0.002226	0.002331
     142	0.002407	0.002383	0.002363	0.002321	0.002226	0.002314
     143	0.002414	 0.00242	0.002356	0.002286	0.002242	 0.00232
     144	0.002398	0.002372	0.002344	0.002314	0.002235	 0.00231
     145	0.002414	0.002403	0.002373	0.002292	0.002212	0.002325
     146	0.002413	0.002403	0.002372	0.002292	0.002211	0.002324
     147	0.002413	0.002402	0.002372	0.002291	 0.00221	0.002324
     148	0.002413	0.002402	0.002372	0.002291	 0.00221	0.002323
     149	0.002413	0.002402	0.002372	0.002291	 0.00221	0.002323
     150	0.002413	0.002402	0.002372	0.002291	 0.00221	0.002323
     151	0.002413	0.002403	0.002372	0.002291	 0.00221	0.002323
     152	0.002413	0.002403	0.002372	0.002291	 0.00221	0.002324
     153	0.002414	0.002404	0.002373	0.002292	 0.00221	0.002324
     154	0.002414	0.002404	0.002373	0.002292	0.002211	0.002324
     155	0.002415	0.002405	0.002374	0.002293	0.002211	0.002325
     156	0.002416	0.002405	0.002374	0.002293	0.002212	0.002325
     157	0.002417	0.002406	0.002375	0.002294	0.002212	0.002326
     158	0.002417	0.002407	0.002376	0.002294	0.002213	0.002327
     159	0.002418	0.002408	0.002377	0.002295	0.002214	0.002327
     160	0.002419	0.002409	0.002377	0.002296	0.002214	0.002328
     161	 0.00242	 0.00241	0.002378	0.002297	0.002215	0.002329
     162	0.002421	0.002411	0.002379	0.002297	0.002216	 0.00233
     163	0.002422	0.002411	 0.00238	0.002298	0.002216	 0.00233
     164	0.002422	0.002412	0.002381	0.002299	0.002217	0.002331
     165	0.002423	0.002413	0.002381	  0.0023	0.002218	0.002332
     166	0.002424	0.002414	0.002382	  0.0023	0.002218	0.002333
     167	0.002425	0.002415	0.002383	0.002301	0.002219	0.002333
     168	0.002426	0.002415	0.002384	0.002302	 0.00222	0.002334
     169	0.002426	0.002416	0.002384	0.002302	 0.00222	0.002335
     170	0.002427	0.002417	0.002385	0.002303	0.002221	0.002335
     171	0.002427	0.002417	0.002385	0.002303	0.002221	0.002336
     172	0.002428	0.002418	0.002386	0.002304	0.002222	0.002336
     173	0.002429	0.002418	0.002386	0.002304	0.002222	0.002337
     174	0.002429	0.002419	0.002387	0.002305	0.002222	0.002337
     175	0.002429	0.002419	0.002387	0.002305	0.002223	0.002337
     176	 0.00243	 0.00242	0.002387	0.002305	0.002223	0.002338
     177	 0.00243	 0.00242	0.002388	0.002305	0.002223	0.002338
     178	 0.00243	 0.00242	0.002388	0.002306	0.002223	0.002338
     179	 0.00243	 0.00242	0.002388	0.002306	0.002223	0.002338
     180	 0.00243	 0.00242	0.002388	0.002306	0.002223	0.002338
