/*
Particulate absorption and scattering spectra, normalized by SPM 
Scattering spectra from ac-s power-function fit 400-700 nm scaled by LISST-VSF scattering coefficient at 532 nm 
Total (a_p) and MeOH-extracted (a_d) absorption spectra from UV/VIS spectrophotometer measurements with GF/F filter inside 15-cm integrating sphere
Correction for filter-pad pathlength amplification from Stramski et al. 2015 

Lat, Lon = 70.596, -149.036
Date Time UTC = 08-Sep-2018 20:53:19
Depth = 1.7 m
SPM = 2.15 g/m3
POC = 240.22 mg/m3
PSD power-law exponent (~1.5-147 µm) = 2.67 
Scattering spectra power-function exponent (400-700 nm) = 0.784 

Created by Daniel Koestner on 15-Jan-2024 15:28:37
Data Version: V4_10-Nov-2023

Column 1: wavelength [nm]
Column 2: a_p [m^2/g]
Column 3: a_d [m^2/g]
Column 4: b_p [m^2/g]
*/
     290	  0.2638	  0.2386	   1.927
     291	  0.2626	  0.2367	   1.922
     292	   0.261	  0.2347	   1.917
     293	  0.2595	  0.2327	   1.911
     294	  0.2577	  0.2307	   1.906
     295	  0.2559	  0.2288	   1.901
     296	   0.254	  0.2269	   1.896
     297	  0.2521	  0.2252	   1.891
     298	  0.2503	  0.2237	   1.886
     299	  0.2486	  0.2222	   1.881
     300	  0.2469	  0.2209	   1.876
     301	  0.2454	  0.2197	   1.872
     302	  0.2439	  0.2185	   1.867
     303	  0.2425	  0.2173	   1.862
     304	  0.2411	  0.2162	   1.857
     305	  0.2398	   0.215	   1.852
     306	  0.2385	  0.2138	   1.847
     307	  0.2373	  0.2126	   1.843
     308	   0.236	  0.2114	   1.838
     309	  0.2348	  0.2102	   1.833
     310	  0.2337	  0.2091	   1.829
     311	  0.2325	  0.2081	   1.824
     312	  0.2314	  0.2071	    1.82
     313	  0.2303	  0.2063	   1.815
     314	  0.2291	  0.2055	    1.81
     315	   0.228	  0.2048	   1.806
     316	   0.227	  0.2041	   1.801
     317	  0.2259	  0.2034	   1.797
     318	  0.2248	  0.2027	   1.793
     319	  0.2236	   0.202	   1.788
     320	  0.2225	  0.2011	   1.784
     321	  0.2213	  0.2001	   1.779
     322	  0.2201	  0.1991	   1.775
     323	   0.219	   0.198	   1.771
     324	  0.2179	  0.1969	   1.766
     325	  0.2169	  0.1959	   1.762
     326	  0.2159	  0.1949	   1.758
     327	  0.2149	   0.194	   1.754
     328	   0.214	  0.1932	    1.75
     329	  0.2131	  0.1924	   1.745
     330	  0.2122	  0.1917	   1.741
     331	  0.2114	  0.1909	   1.737
     332	  0.2105	  0.1902	   1.733
     333	  0.2098	  0.1895	   1.729
     334	   0.209	  0.1887	   1.725
     335	  0.2083	   0.188	   1.721
     336	  0.2077	  0.1873	   1.717
     337	   0.207	  0.1866	   1.713
     338	  0.2063	  0.1859	   1.709
     339	  0.2055	  0.1851	   1.705
     340	  0.2047	  0.1843	   1.701
     341	  0.2038	  0.1835	   1.697
     342	  0.2028	  0.1826	   1.693
     343	  0.2017	  0.1816	   1.689
     344	  0.2006	  0.1806	   1.685
     345	  0.1995	  0.1796	   1.682
     346	  0.1983	  0.1786	   1.678
     347	  0.1972	  0.1776	   1.674
     348	   0.196	  0.1767	    1.67
     349	   0.195	  0.1758	   1.666
     350	  0.1939	   0.175	   1.663
     351	  0.1929	  0.1742	   1.659
     352	  0.1919	  0.1734	   1.655
     353	  0.1909	  0.1725	   1.652
     354	  0.1899	  0.1716	   1.648
     355	   0.189	  0.1707	   1.644
     356	   0.188	  0.1698	   1.641
     357	  0.1871	  0.1688	   1.637
     358	  0.1861	  0.1678	   1.633
     359	  0.1851	  0.1668	    1.63
     360	   0.184	  0.1658	   1.626
     361	  0.1829	  0.1649	   1.623
     362	  0.1819	   0.164	   1.619
     363	  0.1808	   0.163	   1.616
     364	  0.1798	  0.1621	   1.612
     365	  0.1789	  0.1612	   1.609
     366	  0.1779	  0.1602	   1.605
     367	   0.177	  0.1592	   1.602
     368	   0.176	  0.1581	   1.599
     369	  0.1749	   0.157	   1.595
     370	  0.1739	  0.1558	   1.592
     371	  0.1727	  0.1546	   1.588
     372	  0.1716	  0.1534	   1.585
     373	  0.1705	  0.1523	   1.582
     374	  0.1694	  0.1511	   1.578
     375	  0.1682	    0.15	   1.575
     376	  0.1671	  0.1488	   1.572
     377	  0.1659	  0.1476	   1.569
     378	  0.1647	  0.1463	   1.565
     379	  0.1635	  0.1451	   1.562
     380	  0.1624	  0.1438	   1.559
     381	  0.1612	  0.1426	   1.556
     382	    0.16	  0.1414	   1.552
     383	  0.1588	  0.1402	   1.549
     384	  0.1576	  0.1391	   1.546
     385	  0.1563	  0.1379	   1.543
     386	   0.155	  0.1366	    1.54
     387	  0.1537	  0.1353	   1.537
     388	  0.1524	  0.1341	   1.534
     389	  0.1512	  0.1328	    1.53
     390	    0.15	  0.1316	   1.527
     391	  0.1489	  0.1305	   1.524
     392	  0.1479	  0.1294	   1.521
     393	  0.1469	  0.1283	   1.518
     394	   0.146	  0.1273	   1.515
     395	  0.1451	  0.1263	   1.512
     396	  0.1442	  0.1254	   1.509
     397	  0.1433	  0.1244	   1.506
     398	  0.1424	  0.1235	   1.503
     399	  0.1415	  0.1225	     1.5
     400	  0.1405	  0.1215	   1.497
     401	  0.1396	  0.1205	   1.494
     402	  0.1386	  0.1194	   1.491
     403	  0.1377	  0.1183	   1.489
     404	  0.1367	  0.1172	   1.486
     405	  0.1359	  0.1162	   1.483
     406	  0.1351	  0.1152	    1.48
     407	  0.1343	  0.1142	   1.477
     408	  0.1336	  0.1133	   1.474
     409	   0.133	  0.1125	   1.471
     410	  0.1324	  0.1117	   1.469
     411	  0.1318	  0.1109	   1.466
     412	  0.1312	  0.1102	   1.463
     413	  0.1306	  0.1095	    1.46
     414	  0.1299	  0.1088	   1.457
     415	  0.1293	   0.108	   1.455
     416	  0.1286	  0.1073	   1.452
     417	  0.1279	  0.1064	   1.449
     418	  0.1271	  0.1055	   1.447
     419	  0.1263	  0.1046	   1.444
     420	  0.1254	  0.1036	   1.441
     421	  0.1246	  0.1026	   1.438
     422	  0.1237	  0.1017	   1.436
     423	  0.1228	  0.1008	   1.433
     424	   0.122	 0.09994	    1.43
     425	  0.1211	  0.0991	   1.428
     426	  0.1203	 0.09826	   1.425
     427	  0.1196	 0.09739	   1.423
     428	  0.1188	  0.0965	    1.42
     429	  0.1181	 0.09557	   1.417
     430	  0.1175	 0.09462	   1.415
     431	  0.1168	 0.09365	   1.412
     432	  0.1161	 0.09268	    1.41
     433	  0.1154	 0.09171	   1.407
     434	  0.1146	 0.09076	   1.405
     435	  0.1139	 0.08984	   1.402
     436	  0.1131	 0.08894	   1.399
     437	  0.1123	 0.08808	   1.397
     438	  0.1114	 0.08725	   1.394
     439	  0.1106	 0.08646	   1.392
     440	  0.1097	 0.08571	   1.389
     441	  0.1089	 0.08499	   1.387
     442	   0.108	 0.08431	   1.385
     443	  0.1071	 0.08364	   1.382
     444	  0.1062	 0.08298	    1.38
     445	  0.1053	 0.08233	   1.377
     446	  0.1043	 0.08167	   1.375
     447	  0.1034	 0.08101	   1.372
     448	  0.1025	 0.08035	    1.37
     449	  0.1016	  0.0797	   1.368
     450	  0.1008	 0.07907	   1.365
     451	     0.1	 0.07847	   1.363
     452	 0.09933	  0.0779	    1.36
     453	 0.09868	 0.07736	   1.358
     454	 0.09809	 0.07684	   1.356
     455	 0.09752	 0.07635	   1.353
     456	 0.09698	 0.07586	   1.351
     457	 0.09645	 0.07538	   1.349
     458	 0.09593	  0.0749	   1.346
     459	  0.0954	 0.07441	   1.344
     460	 0.09488	 0.07394	   1.342
     461	 0.09437	 0.07346	    1.34
     462	 0.09385	   0.073	   1.337
     463	 0.09333	 0.07255	   1.335
     464	 0.09282	 0.07212	   1.333
     465	 0.09231	 0.07171	   1.331
     466	 0.09181	 0.07131	   1.328
     467	 0.09132	 0.07094	   1.326
     468	 0.09083	 0.07059	   1.324
     469	 0.09034	 0.07026	   1.322
     470	 0.08986	 0.06995	   1.319
     471	 0.08936	 0.06965	   1.317
     472	 0.08885	 0.06937	   1.315
     473	 0.08832	 0.06908	   1.313
     474	 0.08777	 0.06879	   1.311
     475	 0.08718	 0.06847	   1.309
     476	 0.08656	 0.06812	   1.306
     477	 0.08591	 0.06774	   1.304
     478	 0.08525	 0.06733	   1.302
     479	 0.08457	 0.06689	     1.3
     480	 0.08391	 0.06645	   1.298
     481	 0.08326	 0.06601	   1.296
     482	 0.08263	 0.06557	   1.294
     483	 0.08203	 0.06514	   1.291
     484	 0.08143	 0.06472	   1.289
     485	 0.08083	  0.0643	   1.287
     486	 0.08021	 0.06389	   1.285
     487	 0.07957	 0.06348	   1.283
     488	 0.07891	 0.06306	   1.281
     489	 0.07824	 0.06262	   1.279
     490	 0.07756	 0.06217	   1.277
     491	 0.07688	 0.06172	   1.275
     492	 0.07622	 0.06126	   1.273
     493	 0.07558	  0.0608	   1.271
     494	 0.07496	 0.06036	   1.269
     495	 0.07434	 0.05992	   1.267
     496	 0.07373	  0.0595	   1.265
     497	  0.0731	 0.05907	   1.263
     498	 0.07247	 0.05864	   1.261
     499	 0.07182	 0.05821	   1.259
     500	 0.07116	 0.05778	   1.257
     501	 0.07051	 0.05734	   1.255
     502	 0.06987	 0.05692	   1.253
     503	 0.06925	 0.05651	   1.251
     504	 0.06863	 0.05611	   1.249
     505	 0.06802	 0.05571	   1.247
     506	  0.0674	 0.05531	   1.245
     507	 0.06678	  0.0549	   1.243
     508	 0.06614	 0.05449	   1.241
     509	 0.06551	 0.05408	   1.239
     510	 0.06487	 0.05368	   1.238
     511	 0.06425	 0.05329	   1.236
     512	 0.06365	 0.05292	   1.234
     513	 0.06306	 0.05256	   1.232
     514	 0.06248	  0.0522	    1.23
     515	 0.06192	 0.05185	   1.228
     516	 0.06136	 0.05149	   1.226
     517	 0.06081	 0.05112	   1.224
     518	 0.06026	 0.05075	   1.223
     519	 0.05973	 0.05037	   1.221
     520	  0.0592	 0.04999	   1.219
     521	  0.0587	 0.04962	   1.217
     522	  0.0582	 0.04926	   1.215
     523	 0.05771	  0.0489	   1.213
     524	 0.05723	 0.04855	   1.212
     525	 0.05674	  0.0482	    1.21
     526	 0.05626	 0.04785	   1.208
     527	 0.05579	 0.04751	   1.206
     528	 0.05533	 0.04718	   1.204
     529	  0.0549	 0.04687	   1.203
     530	 0.05448	 0.04658	   1.201
     531	 0.05407	 0.04629	   1.199
     532	 0.05367	 0.04601	   1.197
     533	 0.05325	 0.04573	   1.195
     534	 0.05283	 0.04543	   1.194
     535	 0.05238	 0.04511	   1.192
     536	 0.05191	 0.04477	    1.19
     537	 0.05143	 0.04441	   1.188
     538	 0.05094	 0.04404	   1.187
     539	 0.05046	 0.04366	   1.185
     540	 0.04998	 0.04328	   1.183
     541	 0.04951	 0.04291	   1.182
     542	 0.04904	 0.04255	    1.18
     543	 0.04859	 0.04221	   1.178
     544	 0.04816	 0.04188	   1.176
     545	 0.04776	 0.04159	   1.175
     546	 0.04739	 0.04132	   1.173
     547	 0.04705	 0.04108	   1.171
     548	 0.04674	 0.04087	    1.17
     549	 0.04644	 0.04067	   1.168
     550	 0.04615	 0.04049	   1.166
     551	 0.04585	  0.0403	   1.165
     552	 0.04553	  0.0401	   1.163
     553	 0.04519	 0.03989	   1.161
     554	 0.04485	 0.03968	    1.16
     555	  0.0445	 0.03945	   1.158
     556	 0.04415	 0.03923	   1.156
     557	 0.04383	 0.03901	   1.155
     558	 0.04352	  0.0388	   1.153
     559	 0.04324	 0.03859	   1.152
     560	 0.04297	 0.03838	    1.15
     561	 0.04272	 0.03817	   1.148
     562	 0.04246	 0.03796	   1.147
     563	 0.04221	 0.03773	   1.145
     564	 0.04196	  0.0375	   1.144
     565	 0.04172	 0.03727	   1.142
     566	 0.04147	 0.03703	    1.14
     567	 0.04123	 0.03678	   1.139
     568	   0.041	 0.03654	   1.137
     569	 0.04077	 0.03631	   1.136
     570	 0.04055	 0.03609	   1.134
     571	 0.04034	 0.03588	   1.133
     572	 0.04014	 0.03567	   1.131
     573	 0.03995	 0.03548	   1.129
     574	 0.03975	 0.03529	   1.128
     575	 0.03955	  0.0351	   1.126
     576	 0.03936	 0.03491	   1.125
     577	 0.03917	 0.03472	   1.123
     578	 0.03899	 0.03454	   1.122
     579	 0.03883	 0.03438	    1.12
     580	 0.03869	 0.03423	   1.119
     581	 0.03857	  0.0341	   1.117
     582	 0.03847	 0.03398	   1.116
     583	 0.03837	 0.03387	   1.114
     584	 0.03827	 0.03376	   1.113
     585	 0.03817	 0.03365	   1.111
     586	 0.03806	 0.03352	    1.11
     587	 0.03794	  0.0334	   1.108
     588	 0.03782	 0.03327	   1.107
     589	  0.0377	 0.03314	   1.105
     590	 0.03758	 0.03301	   1.104
     591	 0.03744	 0.03288	   1.102
     592	 0.03728	 0.03275	   1.101
     593	  0.0371	  0.0326	   1.099
     594	 0.03691	 0.03245	   1.098
     595	 0.03672	  0.0323	   1.097
     596	 0.03652	 0.03216	   1.095
     597	 0.03633	 0.03202	   1.094
     598	 0.03616	  0.0319	   1.092
     599	 0.03599	 0.03178	   1.091
     600	 0.03584	 0.03165	   1.089
     601	  0.0357	 0.03153	   1.088
     602	 0.03557	 0.03139	   1.087
     603	 0.03544	 0.03125	   1.085
     604	 0.03531	 0.03111	   1.084
     605	 0.03519	 0.03098	   1.082
     606	 0.03508	 0.03085	   1.081
     607	 0.03498	 0.03074	    1.08
     608	 0.03488	 0.03064	   1.078
     609	 0.03478	 0.03055	   1.077
     610	 0.03468	 0.03046	   1.075
     611	 0.03459	 0.03036	   1.074
     612	 0.03449	 0.03025	   1.073
     613	  0.0344	 0.03014	   1.071
     614	 0.03432	 0.03002	    1.07
     615	 0.03425	 0.02989	   1.068
     616	 0.03418	 0.02977	   1.067
     617	 0.03412	 0.02966	   1.066
     618	 0.03407	 0.02955	   1.064
     619	 0.03401	 0.02945	   1.063
     620	 0.03395	 0.02936	   1.062
     621	 0.03388	 0.02926	    1.06
     622	 0.03379	 0.02917	   1.059
     623	  0.0337	 0.02908	   1.058
     624	 0.03359	 0.02898	   1.056
     625	 0.03349	 0.02887	   1.055
     626	 0.03339	 0.02875	   1.054
     627	 0.03329	 0.02863	   1.052
     628	 0.03321	  0.0285	   1.051
     629	 0.03315	 0.02838	    1.05
     630	 0.03309	 0.02827	   1.048
     631	 0.03303	 0.02816	   1.047
     632	 0.03297	 0.02806	   1.046
     633	 0.03291	 0.02796	   1.045
     634	 0.03284	 0.02786	   1.043
     635	 0.03277	 0.02776	   1.042
     636	 0.03271	 0.02766	   1.041
     637	 0.03265	 0.02757	   1.039
     638	 0.03258	 0.02748	   1.038
     639	 0.03252	 0.02739	   1.037
     640	 0.03246	  0.0273	   1.036
     641	 0.03239	  0.0272	   1.034
     642	 0.03231	  0.0271	   1.033
     643	 0.03222	   0.027	   1.032
     644	 0.03213	  0.0269	   1.031
     645	 0.03205	 0.02679	   1.029
     646	 0.03197	 0.02669	   1.028
     647	 0.03191	 0.02659	   1.027
     648	 0.03186	 0.02649	   1.026
     649	 0.03182	  0.0264	   1.024
     650	 0.03179	 0.02632	   1.023
     651	 0.03176	 0.02625	   1.022
     652	 0.03175	 0.02618	   1.021
     653	 0.03175	 0.02612	   1.019
     654	 0.03178	 0.02606	   1.018
     655	 0.03184	 0.02599	   1.017
     656	 0.03194	 0.02592	   1.016
     657	 0.03207	 0.02585	   1.015
     658	 0.03225	 0.02576	   1.013
     659	 0.03247	 0.02567	   1.012
     660	 0.03272	 0.02557	   1.011
     661	   0.033	 0.02546	    1.01
     662	  0.0333	 0.02536	   1.009
     663	 0.03363	 0.02526	   1.007
     664	 0.03397	 0.02517	   1.006
     665	 0.03432	  0.0251	   1.005
     666	 0.03466	 0.02503	   1.004
     667	 0.03499	 0.02498	   1.003
     668	 0.03529	 0.02493	   1.001
     669	 0.03555	 0.02488	       1
     670	 0.03575	 0.02482	  0.9991
     671	  0.0359	 0.02477	  0.9979
     672	 0.03597	  0.0247	  0.9967
     673	 0.03597	 0.02463	  0.9956
     674	 0.03588	 0.02455	  0.9944
     675	 0.03571	 0.02446	  0.9932
     676	 0.03546	 0.02436	  0.9921
     677	 0.03512	 0.02426	  0.9909
     678	 0.03472	 0.02415	  0.9898
     679	 0.03425	 0.02404	  0.9887
     680	 0.03373	 0.02393	  0.9875
     681	 0.03316	 0.02382	  0.9864
     682	 0.03256	 0.02372	  0.9852
     683	 0.03194	 0.02362	  0.9841
     684	  0.0313	 0.02353	   0.983
     685	 0.03065	 0.02345	  0.9819
     686	    0.03	 0.02338	  0.9807
     687	 0.02937	 0.02332	  0.9796
     688	 0.02874	 0.02325	  0.9785
     689	 0.02814	 0.02318	  0.9774
     690	 0.02757	 0.02311	  0.9763
     691	 0.02704	 0.02302	  0.9752
     692	 0.02654	 0.02292	  0.9741
     693	  0.0261	 0.02281	   0.973
     694	  0.0257	  0.0227	  0.9719
     695	 0.02534	 0.02258	  0.9708
     696	 0.02503	 0.02248	  0.9697
     697	 0.02476	 0.02238	  0.9686
     698	 0.02451	 0.02229	  0.9675
     699	  0.0243	 0.02221	  0.9664
     700	 0.02411	 0.02214	  0.9653
     701	 0.02395	 0.02208	  0.9642
     702	 0.02382	 0.02203	  0.9632
     703	 0.02369	 0.02198	  0.9621
     704	 0.02358	 0.02192	   0.961
     705	 0.02345	 0.02187	  0.9599
     706	 0.02332	  0.0218	  0.9589
     707	 0.02318	 0.02172	  0.9578
     708	 0.02303	 0.02164	  0.9567
     709	 0.02289	 0.02155	  0.9557
     710	 0.02276	 0.02146	  0.9546
     711	 0.02264	 0.02139	  0.9536
     712	 0.02254	 0.02132	  0.9525
     713	 0.02246	 0.02125	  0.9515
     714	 0.02238	 0.02119	  0.9504
     715	  0.0223	 0.02113	  0.9494
     716	 0.02221	 0.02107	  0.9483
     717	  0.0221	 0.02099	  0.9473
     718	 0.02197	  0.0209	  0.9463
     719	 0.02184	 0.02081	  0.9452
     720	  0.0217	 0.02072	  0.9442
     721	 0.02156	 0.02063	  0.9432
     722	 0.02143	 0.02056	  0.9422
     723	 0.02132	 0.02049	  0.9411
     724	 0.02122	 0.02044	  0.9401
     725	 0.02114	 0.02039	  0.9391
     726	 0.02106	 0.02035	  0.9381
     727	 0.02097	  0.0203	  0.9371
     728	 0.02087	 0.02023	  0.9361
     729	 0.02076	 0.02015	  0.9351
     730	 0.02064	 0.02006	  0.9341
     731	 0.02053	 0.01996	  0.9331
     732	 0.02042	 0.01986	   0.932
     733	 0.02034	 0.01976	  0.9311
     734	 0.02027	 0.01968	  0.9301
     735	 0.02022	  0.0196	  0.9291
     736	 0.02018	 0.01954	  0.9281
     737	 0.02015	 0.01949	  0.9271
     738	 0.02011	 0.01945	  0.9261
     739	 0.02006	 0.01941	  0.9251
     740	 0.01998	 0.01937	  0.9241
     741	 0.01988	 0.01931	  0.9232
     742	 0.01976	 0.01923	  0.9222
     743	 0.01963	 0.01915	  0.9212
     744	  0.0195	 0.01905	  0.9202
     745	 0.01938	 0.01896	  0.9193
     746	 0.01928	 0.01887	  0.9183
     747	 0.01921	 0.01881	  0.9173
     748	 0.01915	 0.01876	  0.9164
     749	  0.0191	 0.01872	  0.9154
     750	 0.01905	 0.01869	  0.9145
     751	 0.01898	 0.01864	  0.9135
     752	 0.01889	 0.01858	  0.9125
     753	 0.01879	 0.01851	  0.9116
     754	 0.01868	 0.01842	  0.9106
     755	 0.01857	 0.01833	  0.9097
     756	 0.01846	 0.01824	  0.9088
     757	 0.01838	 0.01816	  0.9078
     758	 0.01831	 0.01811	  0.9069
     759	 0.01827	 0.01807	  0.9059
     760	 0.01825	 0.01805	   0.905
     761	 0.01826	 0.01804	  0.9041
     762	 0.01828	 0.01804	  0.9031
     763	 0.01832	 0.01805	  0.9022
     764	 0.01836	 0.01805	  0.9013
     765	  0.0184	 0.01805	  0.9004
     766	 0.01842	 0.01802	  0.8994
     767	 0.01841	 0.01797	  0.8985
     768	 0.01839	  0.0179	  0.8976
     769	 0.01835	 0.01781	  0.8967
     770	  0.0183	 0.01771	  0.8958
     771	 0.01826	 0.01761	  0.8949
     772	 0.01823	 0.01753	   0.894
     773	  0.0182	 0.01745	   0.893
     774	 0.01819	 0.01739	  0.8921
     775	 0.01817	 0.01733	  0.8912
     776	 0.01813	 0.01728	  0.8903
     777	 0.01808	 0.01722	  0.8894
     778	 0.01801	 0.01716	  0.8885
     779	 0.01794	 0.01712	  0.8876
     780	 0.01786	 0.01709	  0.8867
     781	 0.01779	 0.01708	  0.8859
     782	 0.01771	 0.01709	   0.885
     783	 0.01762	 0.01711	  0.8841
     784	 0.01753	 0.01713	  0.8832
     785	 0.01742	 0.01712	  0.8823
     786	 0.01729	 0.01709	  0.8814
     787	 0.01715	 0.01702	  0.8806
     788	   0.017	 0.01692	  0.8797
     789	 0.01687	  0.0168	  0.8788
     790	 0.01674	 0.01668	  0.8779
     791	 0.01664	 0.01657	  0.8771
     792	 0.01654	 0.01647	  0.8762
     793	 0.01645	 0.01639	  0.8753
     794	 0.01637	 0.01632	  0.8745
     795	  0.0163	 0.01627	  0.8736
     796	 0.01622	 0.01623	  0.8727
     797	 0.01617	  0.0162	  0.8719
     798	 0.01612	 0.01619	   0.871
     799	  0.0161	 0.01619	  0.8702
     800	  0.0161	  0.0162	  0.8693
     801	 0.01611	  0.0162	  0.8685
     802	 0.01613	 0.01619	  0.8676
     803	 0.01615	 0.01618	  0.8668
     804	 0.01617	 0.01615	  0.8659
     805	  0.0162	 0.01612	  0.8651
     806	 0.01624	 0.01611	  0.8642
     807	 0.01629	 0.01611	  0.8634
     808	 0.01634	 0.01613	  0.8626
     809	 0.01637	 0.01616	  0.8617
     810	 0.01637	 0.01618	  0.8609
     811	 0.01633	 0.01617	    0.86
     812	 0.01625	 0.01613	  0.8592
     813	 0.01614	 0.01604	  0.8584
     814	 0.01602	 0.01591	  0.8576
     815	 0.01591	 0.01577	  0.8567
     816	 0.01581	 0.01562	  0.8559
     817	 0.01572	 0.01549	  0.8551
     818	 0.01564	 0.01538	  0.8543
     819	 0.01556	 0.01529	  0.8535
     820	 0.01549	 0.01523	  0.8526
     821	 0.01541	 0.01518	  0.8518
     822	 0.01534	 0.01514	   0.851
     823	 0.01528	 0.01508	  0.8502
     824	 0.01522	 0.01502	  0.8494
     825	 0.01515	 0.01493	  0.8486
     826	 0.01508	 0.01482	  0.8478
     827	   0.015	 0.01471	   0.847
     828	 0.01491	 0.01461	  0.8462
     829	 0.01482	 0.01454	  0.8454
     830	 0.01473	 0.01451	  0.8446
     831	 0.01464	 0.01453	  0.8438
     832	 0.01458	 0.01459	   0.843
     833	 0.01452	 0.01466	  0.8422
     834	 0.01447	 0.01473	  0.8414
     835	 0.01443	 0.01476	  0.8406
     836	 0.01438	 0.01475	  0.8398
     837	 0.01434	 0.01471	   0.839
     838	  0.0143	 0.01464	  0.8382
     839	 0.01429	 0.01458	  0.8375
     840	 0.01431	 0.01455	  0.8367
     841	 0.01436	 0.01457	  0.8359
     842	 0.01445	 0.01463	  0.8351
     843	 0.01456	 0.01474	  0.8343
     844	 0.01466	 0.01487	  0.8336
     845	 0.01474	 0.01499	  0.8328
     846	 0.01478	  0.0151	   0.832
     847	 0.01475	 0.01515	  0.8312
     848	 0.01466	 0.01514	  0.8305
     849	 0.01451	 0.01504	  0.8297
     850	 0.01431	 0.01485	  0.8289
