/*
Particulate absorption and scattering spectra, normalized by SPM 
Scattering spectra from ac-s power-function fit 400-700 nm scaled by LISST-VSF scattering coefficient at 532 nm 
Total (a_p) and MeOH-extracted (a_d) absorption spectra from UV/VIS spectrophotometer measurements with GF/F filter inside 15-cm integrating sphere
Correction for filter-pad pathlength amplification from Stramski et al. 2015 

Lat, Lon = 70.321, -147.122
Date Time UTC = 10-Sep-2018 18:16:56
Depth = 6.3 m
SPM = 3.01 g/m3
POC = 99.52 mg/m3
PSD power-law exponent (~1.5-147 µm) = 3.67 
Scattering spectra power-function exponent (400-700 nm) = 0.565 

Created by Daniel Koestner on 15-Jan-2024 15:28:38
Data Version: V4_10-Nov-2023

Column 1: wavelength [nm]
Column 2: a_p [m^2/g]
Column 3: a_d [m^2/g]
Column 4: b_p [m^2/g]
*/
     290	  0.2383	  0.2221	   2.061
     291	   0.237	  0.2211	   2.057
     292	  0.2357	  0.2198	   2.053
     293	  0.2343	  0.2185	   2.049
     294	  0.2329	  0.2171	   2.045
     295	  0.2315	  0.2158	   2.041
     296	  0.2301	  0.2144	   2.037
     297	  0.2288	  0.2132	   2.033
     298	  0.2277	  0.2121	    2.03
     299	  0.2267	  0.2111	   2.026
     300	  0.2258	  0.2103	   2.022
     301	   0.225	  0.2095	   2.018
     302	  0.2242	  0.2089	   2.014
     303	  0.2234	  0.2082	   2.011
     304	  0.2226	  0.2076	   2.007
     305	  0.2218	  0.2069	   2.003
     306	   0.221	  0.2062	   1.999
     307	  0.2202	  0.2054	   1.996
     308	  0.2194	  0.2046	   1.992
     309	  0.2186	  0.2038	   1.988
     310	  0.2179	   0.203	   1.985
     311	  0.2171	  0.2022	   1.981
     312	  0.2162	  0.2015	   1.978
     313	  0.2154	  0.2008	   1.974
     314	  0.2145	  0.2001	   1.971
     315	  0.2136	  0.1995	   1.967
     316	  0.2128	   0.199	   1.963
     317	   0.212	  0.1984	    1.96
     318	  0.2114	  0.1979	   1.956
     319	  0.2107	  0.1973	   1.953
     320	    0.21	  0.1967	    1.95
     321	  0.2093	   0.196	   1.946
     322	  0.2086	  0.1952	   1.943
     323	  0.2079	  0.1945	   1.939
     324	  0.2072	  0.1937	   1.936
     325	  0.2064	   0.193	   1.933
     326	  0.2057	  0.1923	   1.929
     327	   0.205	  0.1915	   1.926
     328	  0.2042	  0.1908	   1.923
     329	  0.2034	    0.19	   1.919
     330	  0.2026	  0.1891	   1.916
     331	  0.2017	  0.1882	   1.913
     332	  0.2009	  0.1874	   1.909
     333	  0.2001	  0.1865	   1.906
     334	  0.1993	  0.1858	   1.903
     335	  0.1985	  0.1851	     1.9
     336	  0.1976	  0.1844	   1.897
     337	  0.1967	  0.1836	   1.893
     338	  0.1958	  0.1829	    1.89
     339	  0.1948	  0.1821	   1.887
     340	  0.1937	  0.1812	   1.884
     341	  0.1927	  0.1803	   1.881
     342	  0.1918	  0.1793	   1.878
     343	  0.1909	  0.1784	   1.875
     344	  0.1901	  0.1776	   1.871
     345	  0.1893	  0.1768	   1.868
     346	  0.1886	  0.1761	   1.865
     347	  0.1878	  0.1754	   1.862
     348	   0.187	  0.1747	   1.859
     349	  0.1862	   0.174	   1.856
     350	  0.1854	  0.1733	   1.853
     351	  0.1845	  0.1725	    1.85
     352	  0.1837	  0.1717	   1.847
     353	  0.1828	  0.1709	   1.844
     354	  0.1819	    0.17	   1.841
     355	   0.181	  0.1692	   1.838
     356	  0.1801	  0.1683	   1.836
     357	  0.1792	  0.1673	   1.833
     358	  0.1783	  0.1664	    1.83
     359	  0.1773	  0.1655	   1.827
     360	  0.1763	  0.1646	   1.824
     361	  0.1753	  0.1637	   1.821
     362	  0.1743	  0.1629	   1.818
     363	  0.1733	  0.1621	   1.815
     364	  0.1723	  0.1614	   1.813
     365	  0.1713	  0.1607	    1.81
     366	  0.1704	  0.1599	   1.807
     367	  0.1694	  0.1591	   1.804
     368	  0.1685	  0.1582	   1.801
     369	  0.1676	  0.1572	   1.799
     370	  0.1667	  0.1561	   1.796
     371	  0.1658	   0.155	   1.793
     372	  0.1649	  0.1539	   1.791
     373	   0.164	  0.1528	   1.788
     374	   0.163	  0.1518	   1.785
     375	  0.1618	  0.1506	   1.782
     376	  0.1606	  0.1494	    1.78
     377	  0.1593	  0.1481	   1.777
     378	  0.1578	  0.1468	   1.774
     379	  0.1563	  0.1454	   1.772
     380	  0.1549	   0.144	   1.769
     381	  0.1535	  0.1427	   1.766
     382	  0.1523	  0.1415	   1.764
     383	  0.1511	  0.1403	   1.761
     384	    0.15	  0.1392	   1.759
     385	  0.1489	  0.1381	   1.756
     386	  0.1478	   0.137	   1.754
     387	  0.1467	  0.1359	   1.751
     388	  0.1456	  0.1348	   1.748
     389	  0.1446	  0.1337	   1.746
     390	  0.1435	  0.1326	   1.743
     391	  0.1426	  0.1316	   1.741
     392	  0.1416	  0.1307	   1.738
     393	  0.1407	  0.1298	   1.736
     394	  0.1397	  0.1289	   1.733
     395	  0.1388	   0.128	   1.731
     396	  0.1378	  0.1271	   1.728
     397	  0.1367	  0.1262	   1.726
     398	  0.1356	  0.1252	   1.723
     399	  0.1345	  0.1243	   1.721
     400	  0.1335	  0.1233	   1.719
     401	  0.1324	  0.1223	   1.716
     402	  0.1313	  0.1212	   1.714
     403	  0.1303	  0.1202	   1.711
     404	  0.1293	  0.1192	   1.709
     405	  0.1284	  0.1181	   1.707
     406	  0.1275	  0.1171	   1.704
     407	  0.1267	  0.1162	   1.702
     408	   0.126	  0.1152	   1.699
     409	  0.1253	  0.1144	   1.697
     410	  0.1246	  0.1136	   1.695
     411	  0.1239	  0.1128	   1.692
     412	  0.1232	   0.112	    1.69
     413	  0.1224	  0.1113	   1.688
     414	  0.1216	  0.1106	   1.685
     415	  0.1208	  0.1099	   1.683
     416	    0.12	  0.1092	   1.681
     417	  0.1193	  0.1085	   1.679
     418	  0.1185	  0.1078	   1.676
     419	  0.1178	  0.1071	   1.674
     420	   0.117	  0.1063	   1.672
     421	  0.1163	  0.1055	    1.67
     422	  0.1155	  0.1047	   1.667
     423	  0.1147	  0.1039	   1.665
     424	  0.1139	   0.103	   1.663
     425	   0.113	  0.1021	   1.661
     426	   0.112	  0.1012	   1.658
     427	  0.1111	  0.1003	   1.656
     428	  0.1101	 0.09933	   1.654
     429	  0.1091	 0.09835	   1.652
     430	  0.1081	 0.09736	    1.65
     431	  0.1072	 0.09638	   1.648
     432	  0.1063	 0.09542	   1.645
     433	  0.1055	 0.09451	   1.643
     434	  0.1046	 0.09363	   1.641
     435	  0.1038	 0.09279	   1.639
     436	  0.1029	 0.09198	   1.637
     437	  0.1021	  0.0912	   1.635
     438	  0.1013	 0.09043	   1.633
     439	  0.1005	 0.08967	   1.631
     440	 0.09966	 0.08891	   1.628
     441	 0.09888	 0.08816	   1.626
     442	 0.09812	 0.08743	   1.624
     443	 0.09738	 0.08672	   1.622
     444	 0.09666	 0.08606	    1.62
     445	 0.09596	 0.08544	   1.618
     446	 0.09528	 0.08488	   1.616
     447	 0.09461	 0.08435	   1.614
     448	 0.09395	 0.08385	   1.612
     449	 0.09329	 0.08335	    1.61
     450	 0.09264	 0.08285	   1.608
     451	 0.09199	 0.08234	   1.606
     452	 0.09136	 0.08181	   1.604
     453	 0.09076	 0.08128	   1.602
     454	 0.09019	 0.08075	     1.6
     455	 0.08966	 0.08023	   1.598
     456	 0.08916	 0.07974	   1.596
     457	 0.08868	 0.07926	   1.594
     458	 0.08821	 0.07879	   1.592
     459	 0.08774	 0.07833	    1.59
     460	 0.08726	 0.07787	   1.588
     461	 0.08678	 0.07741	   1.586
     462	  0.0863	 0.07695	   1.584
     463	 0.08583	  0.0765	   1.582
     464	 0.08538	 0.07607	    1.58
     465	 0.08495	 0.07566	   1.578
     466	 0.08454	 0.07528	   1.576
     467	 0.08414	 0.07493	   1.575
     468	 0.08377	  0.0746	   1.573
     469	  0.0834	  0.0743	   1.571
     470	 0.08304	 0.07402	   1.569
     471	 0.08269	 0.07375	   1.567
     472	 0.08235	 0.07348	   1.565
     473	 0.08199	  0.0732	   1.563
     474	 0.08162	  0.0729	   1.561
     475	 0.08121	 0.07256	   1.559
     476	 0.08077	 0.07218	   1.558
     477	  0.0803	 0.07176	   1.556
     478	  0.0798	 0.07133	   1.554
     479	  0.0793	 0.07089	   1.552
     480	 0.07879	 0.07045	    1.55
     481	  0.0783	 0.07003	   1.548
     482	 0.07781	 0.06963	   1.547
     483	 0.07734	 0.06925	   1.545
     484	 0.07689	 0.06889	   1.543
     485	 0.07644	 0.06855	   1.541
     486	 0.07601	 0.06821	   1.539
     487	 0.07558	 0.06788	   1.538
     488	 0.07516	 0.06755	   1.536
     489	 0.07474	 0.06721	   1.534
     490	  0.0743	 0.06685	   1.532
     491	 0.07385	 0.06646	   1.531
     492	 0.07336	 0.06605	   1.529
     493	 0.07284	 0.06561	   1.527
     494	 0.07228	 0.06515	   1.525
     495	  0.0717	 0.06468	   1.524
     496	 0.07111	 0.06421	   1.522
     497	 0.07052	 0.06373	    1.52
     498	 0.06994	 0.06327	   1.518
     499	 0.06938	 0.06282	   1.517
     500	 0.06884	 0.06239	   1.515
     501	 0.06833	 0.06197	   1.513
     502	 0.06783	 0.06156	   1.512
     503	 0.06735	 0.06116	    1.51
     504	 0.06687	 0.06077	   1.508
     505	 0.06639	 0.06037	   1.506
     506	 0.06591	 0.05997	   1.505
     507	 0.06543	 0.05957	   1.503
     508	 0.06494	 0.05917	   1.501
     509	 0.06444	 0.05875	     1.5
     510	 0.06395	 0.05834	   1.498
     511	 0.06347	 0.05794	   1.496
     512	 0.06301	 0.05754	   1.495
     513	 0.06257	 0.05716	   1.493
     514	 0.06215	 0.05678	   1.491
     515	 0.06173	 0.05642	    1.49
     516	 0.06133	 0.05605	   1.488
     517	 0.06091	 0.05568	   1.487
     518	 0.06049	  0.0553	   1.485
     519	 0.06006	 0.05491	   1.483
     520	 0.05962	 0.05453	   1.482
     521	 0.05918	 0.05415	    1.48
     522	 0.05874	 0.05379	   1.479
     523	  0.0583	 0.05343	   1.477
     524	 0.05786	  0.0531	   1.475
     525	 0.05743	 0.05277	   1.474
     526	 0.05699	 0.05244	   1.472
     527	 0.05655	  0.0521	   1.471
     528	 0.05612	 0.05177	   1.469
     529	  0.0557	 0.05143	   1.467
     530	  0.0553	 0.05108	   1.466
     531	  0.0549	 0.05074	   1.464
     532	 0.05452	 0.05039	   1.463
     533	 0.05414	 0.05005	   1.461
     534	 0.05377	 0.04971	    1.46
     535	 0.05341	 0.04938	   1.458
     536	 0.05304	 0.04906	   1.457
     537	 0.05268	 0.04874	   1.455
     538	 0.05231	 0.04844	   1.453
     539	 0.05195	 0.04814	   1.452
     540	 0.05159	 0.04785	    1.45
     541	 0.05124	 0.04757	   1.449
     542	  0.0509	  0.0473	   1.447
     543	 0.05057	 0.04702	   1.446
     544	 0.05026	 0.04674	   1.444
     545	 0.04995	 0.04645	   1.443
     546	 0.04966	 0.04615	   1.441
     547	 0.04937	 0.04586	    1.44
     548	  0.0491	 0.04558	   1.438
     549	 0.04883	 0.04532	   1.437
     550	 0.04856	 0.04509	   1.435
     551	  0.0483	 0.04488	   1.434
     552	 0.04804	 0.04469	   1.433
     553	 0.04778	  0.0445	   1.431
     554	 0.04751	  0.0443	    1.43
     555	 0.04723	  0.0441	   1.428
     556	 0.04695	 0.04389	   1.427
     557	 0.04668	 0.04368	   1.425
     558	 0.04641	 0.04347	   1.424
     559	 0.04615	 0.04327	   1.422
     560	 0.04591	 0.04307	   1.421
     561	 0.04567	 0.04288	    1.42
     562	 0.04543	 0.04269	   1.418
     563	 0.04519	 0.04249	   1.417
     564	 0.04494	  0.0423	   1.415
     565	 0.04469	 0.04209	   1.414
     566	 0.04443	 0.04189	   1.412
     567	 0.04418	 0.04169	   1.411
     568	 0.04394	 0.04149	    1.41
     569	 0.04373	  0.0413	   1.408
     570	 0.04352	 0.04112	   1.407
     571	 0.04334	 0.04094	   1.405
     572	 0.04317	 0.04076	   1.404
     573	   0.043	 0.04058	   1.403
     574	 0.04283	  0.0404	   1.401
     575	 0.04266	 0.04021	     1.4
     576	 0.04248	 0.04003	   1.399
     577	 0.04229	 0.03984	   1.397
     578	 0.04211	 0.03965	   1.396
     579	 0.04194	 0.03948	   1.394
     580	 0.04177	 0.03931	   1.393
     581	 0.04163	 0.03915	   1.392
     582	 0.04149	   0.039	    1.39
     583	 0.04135	 0.03886	   1.389
     584	 0.04122	 0.03871	   1.388
     585	 0.04107	 0.03855	   1.386
     586	 0.04091	 0.03838	   1.385
     587	 0.04074	 0.03819	   1.384
     588	 0.04056	   0.038	   1.382
     589	 0.04038	  0.0378	   1.381
     590	 0.04021	 0.03762	    1.38
     591	 0.04003	 0.03746	   1.378
     592	 0.03987	 0.03732	   1.377
     593	 0.03972	 0.03721	   1.376
     594	 0.03957	 0.03712	   1.374
     595	 0.03943	 0.03705	   1.373
     596	  0.0393	 0.03699	   1.372
     597	 0.03916	 0.03692	    1.37
     598	 0.03903	 0.03685	   1.369
     599	  0.0389	 0.03677	   1.368
     600	 0.03876	 0.03668	   1.367
     601	 0.03862	 0.03657	   1.365
     602	 0.03848	 0.03645	   1.364
     603	 0.03833	 0.03631	   1.363
     604	 0.03818	 0.03617	   1.361
     605	 0.03804	 0.03602	    1.36
     606	 0.03789	 0.03586	   1.359
     607	 0.03774	  0.0357	   1.358
     608	  0.0376	 0.03554	   1.356
     609	 0.03746	 0.03539	   1.355
     610	 0.03733	 0.03524	   1.354
     611	 0.03721	 0.03511	   1.353
     612	  0.0371	 0.03498	   1.351
     613	   0.037	 0.03486	    1.35
     614	  0.0369	 0.03474	   1.349
     615	 0.03679	 0.03463	   1.348
     616	 0.03669	  0.0345	   1.346
     617	 0.03657	 0.03437	   1.345
     618	 0.03645	 0.03424	   1.344
     619	 0.03632	 0.03411	   1.343
     620	 0.03618	 0.03398	   1.342
     621	 0.03604	 0.03385	    1.34
     622	  0.0359	 0.03374	   1.339
     623	 0.03576	 0.03362	   1.338
     624	 0.03562	  0.0335	   1.337
     625	 0.03548	 0.03339	   1.335
     626	 0.03535	 0.03328	   1.334
     627	 0.03524	 0.03317	   1.333
     628	 0.03513	 0.03307	   1.332
     629	 0.03504	 0.03297	   1.331
     630	 0.03496	 0.03289	   1.329
     631	 0.03489	  0.0328	   1.328
     632	 0.03482	 0.03273	   1.327
     633	 0.03475	 0.03265	   1.326
     634	 0.03469	 0.03258	   1.325
     635	 0.03462	 0.03251	   1.324
     636	 0.03455	 0.03243	   1.322
     637	 0.03447	 0.03234	   1.321
     638	 0.03438	 0.03225	    1.32
     639	 0.03427	 0.03214	   1.319
     640	 0.03416	 0.03202	   1.318
     641	 0.03404	 0.03188	   1.316
     642	 0.03391	 0.03174	   1.315
     643	 0.03378	 0.03159	   1.314
     644	 0.03364	 0.03144	   1.313
     645	 0.03351	  0.0313	   1.312
     646	 0.03338	 0.03115	   1.311
     647	 0.03325	 0.03101	    1.31
     648	 0.03312	 0.03088	   1.308
     649	 0.03301	 0.03076	   1.307
     650	  0.0329	 0.03064	   1.306
     651	  0.0328	 0.03054	   1.305
     652	 0.03272	 0.03045	   1.304
     653	 0.03264	 0.03036	   1.303
     654	 0.03258	 0.03028	   1.302
     655	 0.03252	  0.0302	   1.301
     656	 0.03248	 0.03012	   1.299
     657	 0.03246	 0.03004	   1.298
     658	 0.03245	 0.02996	   1.297
     659	 0.03246	 0.02988	   1.296
     660	 0.03249	 0.02979	   1.295
     661	 0.03252	  0.0297	   1.294
     662	 0.03257	  0.0296	   1.293
     663	 0.03261	 0.02949	   1.292
     664	 0.03265	 0.02938	   1.291
     665	 0.03267	 0.02928	   1.289
     666	 0.03269	 0.02917	   1.288
     667	 0.03268	 0.02907	   1.287
     668	 0.03265	 0.02896	   1.286
     669	  0.0326	 0.02885	   1.285
     670	 0.03253	 0.02874	   1.284
     671	 0.03246	 0.02864	   1.283
     672	 0.03238	 0.02854	   1.282
     673	 0.03229	 0.02846	   1.281
     674	  0.0322	 0.02838	    1.28
     675	 0.03209	 0.02831	   1.279
     676	 0.03198	 0.02824	   1.278
     677	 0.03185	 0.02817	   1.276
     678	 0.03171	 0.02811	   1.275
     679	 0.03156	 0.02804	   1.274
     680	  0.0314	 0.02798	   1.273
     681	 0.03122	 0.02792	   1.272
     682	 0.03102	 0.02787	   1.271
     683	  0.0308	 0.02783	    1.27
     684	 0.03057	 0.02778	   1.269
     685	 0.03032	 0.02773	   1.268
     686	 0.03006	 0.02768	   1.267
     687	 0.02979	 0.02763	   1.266
     688	 0.02954	 0.02758	   1.265
     689	 0.02931	 0.02754	   1.264
     690	  0.0291	 0.02749	   1.263
     691	 0.02891	 0.02744	   1.262
     692	 0.02874	 0.02738	   1.261
     693	 0.02859	 0.02729	    1.26
     694	 0.02843	 0.02719	   1.259
     695	 0.02828	 0.02706	   1.258
     696	 0.02812	 0.02691	   1.257
     697	 0.02795	 0.02677	   1.256
     698	 0.02779	 0.02663	   1.255
     699	 0.02765	 0.02652	   1.254
     700	 0.02753	 0.02643	   1.253
     701	 0.02744	 0.02636	   1.252
     702	 0.02737	 0.02632	   1.251
     703	 0.02732	 0.02629	    1.25
     704	 0.02729	 0.02626	   1.249
     705	 0.02725	 0.02623	   1.248
     706	 0.02721	 0.02619	   1.247
     707	 0.02715	 0.02613	   1.246
     708	 0.02708	 0.02605	   1.245
     709	 0.02699	 0.02596	   1.244
     710	  0.0269	 0.02585	   1.243
     711	 0.02679	 0.02573	   1.242
     712	 0.02668	 0.02562	   1.241
     713	 0.02658	 0.02551	    1.24
     714	 0.02647	 0.02542	   1.239
     715	 0.02637	 0.02534	   1.238
     716	 0.02627	 0.02527	   1.237
     717	 0.02618	 0.02522	   1.236
     718	 0.02609	 0.02518	   1.235
     719	   0.026	 0.02515	   1.234
     720	 0.02592	 0.02511	   1.233
     721	 0.02584	 0.02507	   1.232
     722	 0.02577	 0.02501	   1.231
     723	 0.02569	 0.02495	    1.23
     724	  0.0256	 0.02488	   1.229
     725	 0.02549	 0.02479	   1.228
     726	 0.02537	 0.02468	   1.227
     727	 0.02522	 0.02457	   1.226
     728	 0.02506	 0.02446	   1.225
     729	  0.0249	 0.02435	   1.224
     730	 0.02475	 0.02425	   1.223
     731	 0.02462	 0.02416	   1.222
     732	 0.02452	 0.02409	   1.221
     733	 0.02445	 0.02404	    1.22
     734	  0.0244	   0.024	   1.219
     735	 0.02436	 0.02396	   1.219
     736	 0.02432	 0.02392	   1.218
     737	 0.02428	 0.02387	   1.217
     738	 0.02423	 0.02382	   1.216
     739	 0.02416	 0.02375	   1.215
     740	 0.02408	 0.02366	   1.214
     741	 0.02398	 0.02357	   1.213
     742	 0.02387	 0.02346	   1.212
     743	 0.02376	 0.02334	   1.211
     744	 0.02364	 0.02323	    1.21
     745	 0.02353	 0.02311	   1.209
     746	 0.02343	 0.02301	   1.208
     747	 0.02336	 0.02293	   1.207
     748	 0.02331	 0.02287	   1.207
     749	 0.02329	 0.02283	   1.206
     750	 0.02327	  0.0228	   1.205
     751	 0.02326	 0.02278	   1.204
     752	 0.02323	 0.02275	   1.203
     753	 0.02319	 0.02271	   1.202
     754	 0.02313	 0.02266	   1.201
     755	 0.02305	 0.02259	     1.2
     756	 0.02297	  0.0225	   1.199
     757	 0.02287	 0.02242	   1.198
     758	 0.02277	 0.02233	   1.197
     759	 0.02268	 0.02226	   1.197
     760	 0.02259	 0.02218	   1.196
     761	 0.02252	 0.02212	   1.195
     762	 0.02247	 0.02206	   1.194
     763	 0.02243	   0.022	   1.193
     764	 0.02241	 0.02193	   1.192
     765	 0.02239	 0.02187	   1.191
     766	 0.02237	 0.02182	    1.19
     767	 0.02234	 0.02177	    1.19
     768	 0.02229	 0.02173	   1.189
     769	 0.02224	 0.02171	   1.188
     770	 0.02218	 0.02169	   1.187
     771	 0.02212	 0.02166	   1.186
     772	 0.02207	 0.02164	   1.185
     773	 0.02203	  0.0216	   1.184
     774	   0.022	 0.02155	   1.183
     775	 0.02196	 0.02149	   1.183
     776	 0.02192	 0.02143	   1.182
     777	 0.02186	 0.02137	   1.181
     778	 0.02177	 0.02131	    1.18
     779	 0.02168	 0.02126	   1.179
     780	 0.02159	 0.02122	   1.178
     781	  0.0215	 0.02119	   1.177
     782	 0.02144	 0.02116	   1.177
     783	  0.0214	 0.02114	   1.176
     784	 0.02139	 0.02111	   1.175
     785	 0.02139	 0.02108	   1.174
     786	  0.0214	 0.02105	   1.173
     787	  0.0214	   0.021	   1.172
     788	 0.02138	 0.02095	   1.171
     789	 0.02134	 0.02088	   1.171
     790	 0.02127	 0.02081	    1.17
     791	 0.02119	 0.02073	   1.169
     792	 0.02108	 0.02065	   1.168
     793	 0.02096	 0.02055	   1.167
     794	 0.02082	 0.02046	   1.166
     795	 0.02068	 0.02038	   1.166
     796	 0.02055	 0.02031	   1.165
     797	 0.02044	 0.02026	   1.164
     798	 0.02036	 0.02025	   1.163
     799	 0.02032	 0.02026	   1.162
     800	 0.02031	 0.02029	   1.162
     801	 0.02034	 0.02034	   1.161
     802	 0.02037	 0.02038	    1.16
     803	 0.02041	 0.02042	   1.159
     804	 0.02044	 0.02044	   1.158
     805	 0.02046	 0.02045	   1.157
     806	 0.02045	 0.02043	   1.157
     807	 0.02043	  0.0204	   1.156
     808	  0.0204	 0.02036	   1.155
     809	 0.02033	  0.0203	   1.154
     810	 0.02025	 0.02022	   1.153
     811	 0.02015	 0.02013	   1.153
     812	 0.02003	 0.02002	   1.152
     813	 0.01991	 0.01991	   1.151
     814	 0.01978	 0.01979	    1.15
     815	 0.01967	 0.01969	   1.149
     816	 0.01957	 0.01959	   1.149
     817	  0.0195	  0.0195	   1.148
     818	 0.01946	 0.01942	   1.147
     819	 0.01943	 0.01936	   1.146
     820	  0.0194	 0.01931	   1.145
     821	 0.01937	 0.01928	   1.145
     822	 0.01933	 0.01925	   1.144
     823	 0.01928	 0.01922	   1.143
     824	 0.01922	  0.0192	   1.142
     825	 0.01915	 0.01917	   1.142
     826	 0.01907	 0.01915	   1.141
     827	   0.019	 0.01913	    1.14
     828	 0.01893	 0.01912	   1.139
     829	 0.01887	 0.01912	   1.138
     830	 0.01881	 0.01911	   1.138
     831	 0.01875	 0.01908	   1.137
     832	 0.01871	 0.01904	   1.136
     833	 0.01867	 0.01898	   1.135
     834	 0.01866	  0.0189	   1.135
     835	 0.01868	 0.01882	   1.134
     836	 0.01872	 0.01874	   1.133
     837	 0.01877	 0.01869	   1.132
     838	 0.01883	 0.01867	   1.131
     839	 0.01889	 0.01866	   1.131
     840	 0.01891	 0.01866	    1.13
     841	 0.01889	 0.01866	   1.129
     842	 0.01882	 0.01863	   1.128
     843	 0.01871	 0.01856	   1.128
     844	 0.01856	 0.01845	   1.127
     845	  0.0184	 0.01832	   1.126
     846	 0.01825	 0.01819	   1.125
     847	 0.01813	 0.01807	   1.125
     848	 0.01805	 0.01799	   1.124
     849	   0.018	 0.01793	   1.123
     850	 0.01795	 0.01788	   1.122
