/*
Scattering Phase Functions [1/sr] at 532 nm from LISST-VSF (SN 1475), Percentiles and mean
Volume scattering function corrected and extrapolated to 180ยบ following Koestner et al. 2018 

Dilution-corrected (if applicable) IOPs [1/m], Percentiles and mean;
bbp = 0.195935	0.203532	0.211576	0.220866	0.230320	0.212700
bp = 10.703751	10.919971	11.113008	11.312916	11.506232	11.104089
cp = 10.005451	10.074063	10.139725	10.201422	10.235433	10.131419

Lat, Lon = 70.281, -147.389
Date Time UTC = 12-Aug-2019 15:10:00
Depth = 1.6 m
SPM = 13.02 g/m3
POC/SPM = 0.02 

Created by Daniel Koestner on 15-Jan-2024 15:28:34
Data Version: V4_10-Nov-2023

Column 1: Angle [deg]
Column 2: 10th Percentile Data
Column 3: 25th Percentile Data
Column 4: 50th Percentile Data
Column 5: 75th Percentile Data
Column 6: 90th Percentile Data
Column 7: Mean Data
*/
 0.08357	   576.5	   598.9	     616	   657.3	     669	   623.9
 0.09861	   538.3	   555.1	   569.6	   601.9	   611.2	   575.4
  0.1164	   495.5	   506.9	   518.3	   540.8	   547.3	   521.9
  0.1373	   448.8	   455.1	   463.1	   475.9	   479.4	   464.6
  0.1621	     402	   404.1	     409	   414.5	     415	   409.1
  0.1912	   356.4	   355.8	   358.5	   359.9	   358.4	   358.1
  0.2257	   311.1	   309.1	   310.7	   310.4	   308.3	   310.2
  0.2663	   268.5	   266.1	     267	     266	   264.2	   266.5
  0.3143	   229.7	   227.4	   227.6	     226	     225	   227.2
  0.3708	   198.1	     196	   195.5	   193.9	   193.3	   195.3
  0.4376	   169.2	   167.4	   166.2	   164.9	   164.3	   166.4
  0.5164	   144.4	   142.9	   141.6	   140.6	     140	   141.9
  0.6094	   121.1	   119.8	   118.6	   117.6	     117	   118.8
  0.7191	     101	   99.89	   98.83	   98.16	   97.71	   99.14
  0.8486	   82.89	   82.24	   81.26	   80.64	   80.27	   81.47
   1.001	   68.18	   67.64	   66.87	   66.45	   66.23	   67.08
   1.182	   55.41	   55.14	   54.52	   53.99	   53.74	   54.59
   1.394	    45.1	   44.79	   44.36	   44.03	   43.85	   44.44
   1.645	   35.96	   35.81	   35.45	   35.12	    34.9	   35.47
   1.941	   28.01	   27.95	   27.66	   27.33	   27.12	   27.63
    2.29	   22.57	   22.36	   22.16	   22.03	   21.87	    22.2
   2.701	   17.56	   17.49	   17.33	   17.11	   16.97	    17.3
   3.185	   13.79	   13.64	   13.55	   13.35	   13.28	   13.52
   3.756	    10.7	   10.61	   10.54	   10.44	   10.33	   10.53
   4.428	   7.336	   7.237	   7.208	   7.152	   7.054	   7.202
   5.218	   5.496	   5.466	   5.425	   5.381	   5.336	   5.426
   6.146	   4.163	   4.095	   4.087	   4.073	    4.05	   4.094
   7.232	    2.94	   2.937	   2.925	   2.898	   2.883	    2.92
   8.502	   1.936	   1.943	   1.939	   1.931	   1.921	   1.934
   9.981	    1.28	    1.29	    1.29	   1.291	   1.285	   1.286
   11.69	  0.8501	  0.8613	  0.8627	  0.8678	  0.8639	  0.8595
   13.67	  0.5686	  0.5787	  0.5807	  0.5871	  0.5846	  0.5782
      15	   0.447	  0.4562	  0.4583	  0.4647	  0.4628	  0.4562
      16	  0.3952	  0.4007	  0.4019	  0.4076	  0.4112	  0.4023
      17	  0.3466	  0.3545	  0.3549	  0.3629	  0.3653	   0.356
      18	  0.3078	   0.315	  0.3138	  0.3202	  0.3224	  0.3146
      19	  0.2712	  0.2742	  0.2785	  0.2808	  0.2824	   0.277
      20	  0.2429	  0.2449	  0.2459	   0.248	  0.2521	  0.2461
      21	  0.2159	  0.2172	  0.2206	  0.2232	  0.2254	  0.2195
      22	  0.1924	   0.195	  0.1982	  0.2014	  0.2022	  0.1971
      23	  0.1735	  0.1736	  0.1768	  0.1794	  0.1835	   0.177
      24	  0.1567	  0.1568	  0.1588	  0.1627	  0.1652	  0.1596
      25	  0.1401	  0.1421	  0.1436	  0.1465	  0.1484	  0.1439
      26	  0.1268	  0.1277	  0.1313	  0.1317	  0.1345	    0.13
      27	  0.1152	  0.1144	  0.1168	  0.1192	  0.1214	  0.1172
      28	  0.1041	  0.1053	  0.1072	  0.1084	  0.1129	  0.1075
      29	 0.09696	 0.09711	 0.09897	 0.09918	  0.1015	 0.09869
      30	  0.0882	 0.08959	 0.09038	 0.09199	 0.09336	 0.09066
      31	 0.08087	 0.08287	 0.08347	 0.08481	 0.08582	 0.08353
      32	 0.07379	 0.07475	 0.07809	 0.07824	 0.07872	  0.0767
      33	 0.06777	 0.06828	 0.07027	 0.07135	 0.07203	 0.07003
      34	 0.06194	 0.06318	 0.06417	 0.06593	  0.0677	 0.06475
      35	 0.05756	 0.05841	  0.0596	 0.06039	  0.0623	  0.0596
      36	 0.05277	 0.05435	 0.05579	 0.05714	 0.05777	 0.05579
      37	 0.05046	 0.05067	 0.05184	 0.05344	 0.05413	 0.05225
      38	 0.04614	  0.0468	  0.0481	 0.04964	 0.04988	 0.04823
      39	 0.04224	 0.04386	 0.04536	 0.04568	 0.04856	 0.04511
      40	 0.03919	 0.04038	 0.04235	 0.04299	 0.04458	 0.04212
      41	 0.03661	 0.03795	  0.0392	 0.04007	 0.04161	 0.03923
      42	 0.03529	 0.03593	 0.03664	 0.03727	 0.04023	 0.03698
      43	 0.03347	 0.03336	 0.03382	 0.03624	 0.03693	 0.03452
      44	 0.03091	 0.03112	 0.03193	 0.03271	 0.03393	  0.0323
      45	 0.02956	 0.02974	 0.03043	 0.03096	 0.03162	 0.03061
      46	 0.02796	 0.02806	 0.02877	 0.02908	 0.02996	  0.0289
      47	 0.02622	  0.0266	 0.02698	 0.02738	 0.02818	 0.02717
      48	 0.02445	 0.02503	 0.02565	 0.02566	 0.02686	 0.02557
      49	 0.02282	 0.02358	  0.0242	 0.02421	 0.02469	 0.02404
      50	 0.02186	 0.02249	 0.02258	 0.02346	 0.02353	 0.02283
      51	 0.02121	 0.02118	 0.02143	 0.02192	 0.02244	 0.02166
      52	 0.01991	 0.01993	 0.02009	 0.02051	 0.02072	 0.02027
      53	 0.01895	 0.01892	 0.01915	 0.01933	 0.01956	 0.01923
      54	 0.01784	 0.01801	 0.01845	 0.01887	 0.01894	 0.01845
      55	 0.01675	 0.01696	 0.01772	 0.01802	 0.01784	 0.01762
      56	  0.0161	 0.01622	 0.01647	 0.01691	 0.01736	  0.0167
      57	 0.01554	 0.01555	  0.0158	 0.01607	  0.0162	 0.01588
      58	 0.01474	 0.01489	 0.01503	 0.01518	  0.0156	 0.01514
      59	 0.01392	 0.01411	 0.01436	 0.01441	 0.01512	 0.01444
      60	 0.01331	 0.01343	 0.01363	 0.01384	 0.01427	 0.01375
      61	 0.01291	 0.01285	 0.01317	 0.01328	 0.01368	 0.01316
      62	 0.01222	 0.01214	 0.01253	 0.01264	 0.01292	 0.01249
      63	 0.01155	 0.01161	 0.01194	 0.01216	 0.01252	 0.01196
      64	 0.01112	 0.01123	 0.01156	 0.01165	 0.01187	 0.01148
      65	 0.01054	 0.01085	   0.011	 0.01144	 0.01164	 0.01113
      66	 0.01045	  0.0104	 0.01074	 0.01105	 0.01153	 0.01086
      67	 0.01006	 0.01008	 0.01031	 0.01041	 0.01071	 0.01032
      68	0.009495	0.009641	 0.00977	0.009928	 0.01015	0.009832
      69	0.009157	0.009245	0.009273	0.009581	 0.00985	0.009462
      70	0.008698	0.008732	0.008977	0.009203	0.009535	0.009096
      71	0.008329	0.008302	0.008545	0.008667	0.008984	0.008679
      72	0.008063	0.007993	0.008079	0.008378	0.008746	0.008286
      73	0.007839	0.007781	0.007925	 0.00801	0.008244	0.007947
      74	0.007414	0.007568	0.007694	0.007743	0.008015	0.007704
      75	0.007142	0.007306	0.007436	0.007676	 0.00789	  0.0075
      76	0.006857	0.006979	0.007202	0.007398	0.007588	0.007233
      77	0.006609	0.006735	0.006887	0.007138	0.007303	0.006939
      78	0.006407	0.006475	0.006654	0.006712	0.007083	0.006652
      79	0.006164	0.006244	0.006338	0.006481	0.006642	0.006407
      80	0.005997	0.005978	0.006147	0.006301	 0.00637	0.006194
      81	0.005752	 0.00587	0.005946	0.006018	0.006017	0.005961
      82	0.005723	0.005665	0.005855	0.005842	0.005867	0.005799
      83	0.005499	0.005582	0.005584	0.005737	0.005882	0.005649
      84	0.005274	0.005395	0.005425	0.005521	0.005759	0.005484
      85	 0.00516	0.005181	0.005348	0.005401	 0.00556	0.005353
      86	0.005018	0.005025	0.005134	0.005208	 0.00541	0.005167
      87	0.004833	0.004939	0.004986	0.005167	0.005363	0.005054
      88	0.004768	 0.00477	0.004847	0.005024	0.005003	0.004899
      89	0.004676	0.004716	0.004763	0.004831	0.004962	0.004803
      90	0.004522	 0.00455	0.004671	0.004776	0.004897	0.004686
      91	0.004334	0.004368	0.004437	0.004544	 0.00459	0.004473
      92	0.004181	0.004196	0.004331	0.004484	0.004803	0.004414
      93	0.004097	0.004162	0.004205	0.004388	0.004488	0.004282
      94	   0.004	0.004104	0.004162	0.004245	0.004295	 0.00418
      95	0.003858	0.004024	0.004057	0.004214	 0.00441	0.004124
      96	0.003805	0.003904	0.003964	0.004049	0.004129	0.003988
      97	0.003735	0.003763	0.003764	0.003955	0.004066	0.003844
      98	0.003598	0.003618	0.003691	0.003854	0.003927	0.003749
      99	0.003564	 0.00356	0.003645	0.003694	0.003783	0.003649
     100	0.003435	0.003522	0.003513	 0.00363	0.003786	 0.00357
     101	0.003391	0.003413	 0.00346	0.003654	 0.00379	0.003544
     102	0.003318	0.003379	0.003393	 0.00353	0.003558	0.003459
     103	0.003292	0.003339	0.003406	0.003479	0.003519	 0.00342
     104	0.003144	0.003306	0.003364	 0.00338	0.003465	0.003365
     105	0.003187	0.003212	 0.00333	0.003382	0.003556	0.003335
     106	0.003051	0.003191	0.003233	0.003378	 0.00352	0.003276
     107	0.003029	0.003074	0.003195	0.003249	0.003407	0.003199
     108	0.003085	0.003098	0.003122	0.003344	0.003478	0.003214
     109	0.002946	0.003011	0.003099	0.003245	0.003398	0.003152
     110	0.002973	0.003021	0.003058	0.003185	0.003353	0.003107
     111	0.002907	 0.00298	0.003042	0.003166	0.003268	0.003073
     112	0.002943	0.002964	0.003053	0.003137	0.003206	0.003067
     113	0.002895	0.002929	0.002992	0.003081	0.003148	 0.00302
     114	0.002861	0.002854	0.002901	0.002994	0.003042	0.002942
     115	0.002776	0.002824	0.002831	0.002965	0.003051	0.002877
     116	 0.00265	0.002792	0.002833	0.002906	0.002968	0.002837
     117	0.002674	0.002723	0.002795	0.002891	0.002959	 0.00281
     118	0.002652	0.002695	0.002748	0.002799	0.002847	0.002781
     119	0.002647	0.002666	0.002747	0.002793	0.002841	0.002758
     120	0.002587	0.002658	0.002721	 0.00277	0.002796	0.002718
     121	0.002602	0.002638	0.002708	0.002743	0.002828	0.002697
     122	0.002593	0.002644	0.002687	0.002761	0.002873	0.002713
     123	0.002596	0.002597	0.002615	0.002713	  0.0028	0.002669
     124	0.002546	0.002558	0.002628	 0.00269	  0.0027	0.002643
     125	0.002526	0.002575	0.002639	0.002728	0.002918	0.002673
     126	 0.00257	0.002593	0.002674	 0.00275	0.002831	 0.00269
     127	0.002544	0.002548	0.002632	0.002729	0.002764	0.002649
     128	0.002528	0.002534	0.002607	0.002694	0.002721	0.002624
     129	0.002564	0.002557	0.002581	0.002665	 0.00274	0.002619
     130	0.002456	0.002569	0.002635	0.002711	0.002734	0.002628
     131	0.002442	0.002551	0.002612	0.002669	0.002743	0.002614
     132	 0.00246	0.002512	0.002645	0.002663	0.002779	0.002618
     133	0.002509	0.002525	0.002663	0.002697	0.002813	0.002643
     134	0.002507	0.002585	0.002671	0.002675	0.002761	 0.00265
     135	0.002551	0.002565	0.002614	0.002705	0.002771	0.002641
     136	0.002553	0.002602	0.002629	0.002718	 0.00279	0.002654
     137	0.002511	 0.00258	0.002704	0.002734	0.002737	0.002673
     138	0.002506	0.002632	0.002683	0.002729	0.002776	0.002671
     139	0.002506	0.002642	0.002674	0.002687	0.002711	 0.00265
     140	0.002533	0.002591	0.002676	0.002712	0.002727	0.002644
     141	0.002536	0.002595	0.002658	0.002654	0.002735	0.002642
     142	0.002555	  0.0026	0.002646	0.002649	0.002721	0.002639
     143	0.002567	0.002569	0.002608	0.002659	0.002723	0.002619
     144	0.002552	0.002581	0.002628	0.002663	 0.00268	0.002629
     145	0.002552	0.002568	0.002627	0.002674	0.002692	0.002628
     146	0.002552	0.002568	0.002627	0.002672	0.002689	0.002627
     147	0.002551	0.002568	0.002628	0.002671	0.002687	0.002627
     148	0.002551	0.002568	0.002628	 0.00267	0.002685	0.002627
     149	0.002551	0.002568	0.002629	0.002669	0.002683	0.002627
     150	0.002551	0.002568	0.002629	0.002669	0.002681	0.002627
     151	0.002552	0.002569	 0.00263	0.002668	0.002679	0.002627
     152	0.002552	0.002569	0.002631	0.002668	0.002678	0.002627
     153	0.002553	 0.00257	0.002632	0.002668	0.002677	0.002628
     154	0.002553	0.002571	0.002633	0.002668	0.002675	0.002628
     155	0.002554	0.002572	0.002635	0.002668	0.002674	0.002629
     156	0.002555	0.002573	0.002636	0.002668	0.002674	 0.00263
     157	0.002556	0.002573	0.002637	0.002668	0.002673	0.002631
     158	0.002556	0.002574	0.002639	0.002669	0.002672	0.002631
     159	0.002557	0.002576	 0.00264	0.002669	0.002671	0.002632
     160	0.002558	0.002577	0.002641	0.002669	0.002671	0.002633
     161	0.002559	0.002578	0.002643	 0.00267	0.002671	0.002634
     162	 0.00256	0.002579	0.002644	 0.00267	 0.00267	0.002635
     163	0.002561	 0.00258	0.002645	0.002671	 0.00267	0.002636
     164	0.002562	0.002581	0.002646	0.002671	 0.00267	0.002637
     165	0.002563	0.002582	0.002648	0.002672	0.002669	0.002638
     166	0.002564	0.002583	0.002649	0.002672	0.002669	0.002639
     167	0.002564	0.002584	 0.00265	0.002673	0.002669	0.002639
     168	0.002565	0.002584	0.002651	0.002673	0.002669	 0.00264
     169	0.002566	0.002585	0.002652	0.002674	0.002669	0.002641
     170	0.002567	0.002586	0.002653	0.002674	0.002669	0.002642
     171	0.002567	0.002587	0.002654	0.002675	0.002669	0.002642
     172	0.002568	0.002587	0.002655	0.002675	0.002669	0.002643
     173	0.002568	0.002588	0.002655	0.002675	0.002669	0.002643
     174	0.002569	0.002589	0.002656	0.002676	0.002669	0.002644
     175	0.002569	0.002589	0.002657	0.002676	0.002669	0.002644
     176	 0.00257	0.002589	0.002657	0.002676	0.002669	0.002645
     177	 0.00257	 0.00259	0.002657	0.002676	0.002669	0.002645
     178	 0.00257	 0.00259	0.002658	0.002676	0.002669	0.002645
     179	 0.00257	 0.00259	0.002658	0.002676	0.002669	0.002645
     180	 0.00257	 0.00259	0.002658	0.002676	0.002669	0.002645
