/*
Particulate absorption and scattering spectra, normalized by SPM 
Scattering spectra from ac-s power-function fit 400-700 nm scaled by LISST-VSF scattering coefficient at 532 nm 
Total (a_p) and MeOH-extracted (a_d) absorption spectra from UV/VIS spectrophotometer measurements with GF/F filter inside 15-cm integrating sphere
Correction for filter-pad pathlength amplification from Stramski et al. 2015 

Lat, Lon = 70.596, -149.036
Date Time UTC = 08-Sep-2018 20:53:19
Depth = 15.2 m
SPM = 2.73 g/m3
POC = 180.78 mg/m3
PSD power-law exponent (~1.5-147 µm) = 3.87 
Scattering spectra power-function exponent (400-700 nm) = 0.877 

Created by Daniel Koestner on 15-Jan-2024 15:28:38
Data Version: V4_10-Nov-2023

Column 1: wavelength [nm]
Column 2: a_p [m^2/g]
Column 3: a_d [m^2/g]
Column 4: b_p [m^2/g]
*/
     290	  0.2378	  0.2161	  0.8106
     291	  0.2376	   0.215	  0.8081
     292	  0.2369	  0.2138	  0.8057
     293	  0.2361	  0.2125	  0.8033
     294	  0.2349	  0.2111	  0.8009
     295	  0.2334	  0.2097	  0.7985
     296	  0.2317	  0.2081	  0.7962
     297	  0.2299	  0.2066	  0.7938
     298	  0.2281	  0.2051	  0.7915
     299	  0.2264	  0.2037	  0.7891
     300	  0.2247	  0.2025	  0.7868
     301	  0.2232	  0.2013	  0.7845
     302	  0.2218	  0.2002	  0.7823
     303	  0.2204	   0.199	    0.78
     304	   0.219	  0.1977	  0.7777
     305	  0.2175	  0.1963	  0.7755
     306	  0.2159	  0.1949	  0.7733
     307	  0.2144	  0.1933	  0.7711
     308	  0.2129	  0.1919	  0.7689
     309	  0.2115	  0.1905	  0.7667
     310	  0.2102	  0.1893	  0.7645
     311	  0.2091	  0.1883	  0.7624
     312	  0.2081	  0.1873	  0.7602
     313	  0.2071	  0.1864	  0.7581
     314	  0.2062	  0.1855	   0.756
     315	  0.2052	  0.1846	  0.7539
     316	   0.204	  0.1835	  0.7518
     317	  0.2028	  0.1824	  0.7497
     318	  0.2014	  0.1812	  0.7476
     319	     0.2	    0.18	  0.7456
     320	  0.1985	  0.1788	  0.7435
     321	   0.197	  0.1776	  0.7415
     322	  0.1957	  0.1765	  0.7395
     323	  0.1944	  0.1754	  0.7375
     324	  0.1932	  0.1745	  0.7355
     325	  0.1922	  0.1736	  0.7335
     326	  0.1913	  0.1727	  0.7315
     327	  0.1904	   0.172	  0.7295
     328	  0.1896	  0.1713	  0.7276
     329	  0.1889	  0.1706	  0.7256
     330	  0.1881	  0.1699	  0.7237
     331	  0.1873	  0.1691	  0.7218
     332	  0.1865	  0.1683	  0.7199
     333	  0.1857	  0.1675	   0.718
     334	  0.1849	  0.1666	  0.7161
     335	   0.184	  0.1656	  0.7142
     336	  0.1832	  0.1647	  0.7124
     337	  0.1823	  0.1638	  0.7105
     338	  0.1815	  0.1629	  0.7087
     339	  0.1806	  0.1621	  0.7068
     340	  0.1797	  0.1613	   0.705
     341	  0.1788	  0.1605	  0.7032
     342	  0.1779	  0.1596	  0.7014
     343	  0.1769	  0.1587	  0.6996
     344	  0.1759	  0.1578	  0.6978
     345	  0.1748	  0.1568	   0.696
     346	  0.1738	  0.1559	  0.6943
     347	  0.1728	   0.155	  0.6925
     348	  0.1719	  0.1542	  0.6908
     349	  0.1711	  0.1533	   0.689
     350	  0.1703	  0.1526	  0.6873
     351	  0.1696	  0.1519	  0.6856
     352	  0.1688	  0.1512	  0.6839
     353	   0.168	  0.1504	  0.6822
     354	  0.1672	  0.1497	  0.6805
     355	  0.1663	  0.1489	  0.6788
     356	  0.1654	   0.148	  0.6771
     357	  0.1644	  0.1471	  0.6755
     358	  0.1635	  0.1462	  0.6738
     359	  0.1625	  0.1453	  0.6722
     360	  0.1616	  0.1444	  0.6705
     361	  0.1607	  0.1434	  0.6689
     362	  0.1598	  0.1425	  0.6673
     363	  0.1589	  0.1417	  0.6657
     364	   0.158	  0.1408	   0.664
     365	  0.1571	  0.1399	  0.6625
     366	  0.1562	   0.139	  0.6609
     367	  0.1552	   0.138	  0.6593
     368	  0.1542	   0.137	  0.6577
     369	  0.1531	  0.1359	  0.6561
     370	   0.152	  0.1349	  0.6546
     371	  0.1509	  0.1338	   0.653
     372	  0.1499	  0.1328	  0.6515
     373	  0.1489	  0.1317	    0.65
     374	  0.1478	  0.1307	  0.6484
     375	  0.1467	  0.1297	  0.6469
     376	  0.1456	  0.1286	  0.6454
     377	  0.1444	  0.1276	  0.6439
     378	  0.1431	  0.1266	  0.6424
     379	  0.1419	  0.1255	  0.6409
     380	  0.1408	  0.1246	  0.6395
     381	  0.1397	  0.1237	   0.638
     382	  0.1388	  0.1228	  0.6365
     383	  0.1379	   0.122	  0.6351
     384	  0.1371	  0.1211	  0.6336
     385	  0.1363	  0.1202	  0.6322
     386	  0.1354	  0.1193	  0.6307
     387	  0.1345	  0.1183	  0.6293
     388	  0.1336	  0.1174	  0.6279
     389	  0.1326	  0.1164	  0.6265
     390	  0.1318	  0.1155	   0.625
     391	  0.1309	  0.1147	  0.6236
     392	  0.1301	  0.1138	  0.6222
     393	  0.1292	   0.113	  0.6209
     394	  0.1284	  0.1121	  0.6195
     395	  0.1275	  0.1113	  0.6181
     396	  0.1266	  0.1104	  0.6167
     397	  0.1257	  0.1096	  0.6154
     398	  0.1248	  0.1088	   0.614
     399	   0.124	   0.108	  0.6127
     400	  0.1233	  0.1072	  0.6113
     401	  0.1225	  0.1064	    0.61
     402	  0.1218	  0.1055	  0.6086
     403	  0.1211	  0.1046	  0.6073
     404	  0.1203	  0.1037	   0.606
     405	  0.1195	  0.1027	  0.6047
     406	  0.1187	  0.1018	  0.6034
     407	   0.118	  0.1009	  0.6021
     408	  0.1173	  0.1001	  0.6008
     409	  0.1166	 0.09937	  0.5995
     410	   0.116	 0.09869	  0.5982
     411	  0.1154	 0.09809	  0.5969
     412	  0.1149	 0.09755	  0.5957
     413	  0.1143	 0.09703	  0.5944
     414	  0.1138	 0.09653	  0.5931
     415	  0.1133	   0.096	  0.5919
     416	  0.1127	 0.09544	  0.5906
     417	  0.1121	 0.09484	  0.5894
     418	  0.1114	 0.09419	  0.5882
     419	  0.1107	 0.09349	  0.5869
     420	  0.1099	 0.09276	  0.5857
     421	   0.109	 0.09201	  0.5845
     422	  0.1082	 0.09126	  0.5833
     423	  0.1074	 0.09052	   0.582
     424	  0.1066	 0.08979	  0.5808
     425	  0.1058	 0.08906	  0.5796
     426	  0.1051	 0.08834	  0.5785
     427	  0.1043	  0.0876	  0.5773
     428	  0.1036	 0.08684	  0.5761
     429	  0.1029	 0.08607	  0.5749
     430	  0.1022	  0.0853	  0.5737
     431	  0.1015	 0.08454	  0.5726
     432	  0.1009	  0.0838	  0.5714
     433	  0.1002	  0.0831	  0.5702
     434	 0.09955	 0.08243	  0.5691
     435	 0.09889	 0.08179	  0.5679
     436	 0.09823	 0.08117	  0.5668
     437	 0.09755	 0.08056	  0.5657
     438	 0.09686	 0.07996	  0.5645
     439	 0.09616	 0.07938	  0.5634
     440	 0.09547	  0.0788	  0.5623
     441	 0.09479	 0.07824	  0.5612
     442	 0.09412	 0.07769	    0.56
     443	 0.09346	 0.07716	  0.5589
     444	  0.0928	 0.07664	  0.5578
     445	 0.09214	 0.07611	  0.5567
     446	 0.09146	 0.07559	  0.5556
     447	 0.09077	 0.07507	  0.5545
     448	 0.09007	 0.07454	  0.5535
     449	 0.08938	 0.07402	  0.5524
     450	  0.0887	 0.07351	  0.5513
     451	 0.08806	 0.07303	  0.5502
     452	 0.08747	 0.07257	  0.5492
     453	 0.08693	 0.07214	  0.5481
     454	 0.08644	 0.07173	   0.547
     455	   0.086	 0.07134	   0.546
     456	 0.08559	 0.07097	  0.5449
     457	  0.0852	 0.07061	  0.5439
     458	 0.08481	 0.07026	  0.5428
     459	 0.08443	 0.06992	  0.5418
     460	 0.08405	  0.0696	  0.5408
     461	 0.08368	 0.06929	  0.5397
     462	 0.08333	 0.06901	  0.5387
     463	 0.08299	 0.06875	  0.5377
     464	 0.08266	 0.06849	  0.5367
     465	 0.08232	 0.06823	  0.5357
     466	 0.08196	 0.06796	  0.5347
     467	 0.08159	 0.06767	  0.5336
     468	 0.08118	 0.06734	  0.5326
     469	 0.08074	 0.06699	  0.5316
     470	 0.08028	 0.06661	  0.5307
     471	 0.07981	 0.06622	  0.5297
     472	 0.07934	 0.06584	  0.5287
     473	  0.0789	 0.06546	  0.5277
     474	 0.07846	 0.06512	  0.5267
     475	 0.07804	 0.06479	  0.5258
     476	 0.07762	 0.06449	  0.5248
     477	 0.07718	 0.06419	  0.5238
     478	 0.07673	  0.0639	  0.5229
     479	 0.07627	 0.06359	  0.5219
     480	  0.0758	 0.06327	  0.5209
     481	 0.07534	 0.06295	    0.52
     482	 0.07489	 0.06263	   0.519
     483	 0.07445	 0.06231	  0.5181
     484	 0.07402	   0.062	  0.5172
     485	  0.0736	  0.0617	  0.5162
     486	 0.07318	 0.06141	  0.5153
     487	 0.07276	 0.06112	  0.5144
     488	 0.07233	 0.06084	  0.5134
     489	 0.07191	 0.06054	  0.5125
     490	  0.0715	 0.06025	  0.5116
     491	 0.07108	 0.05994	  0.5107
     492	 0.07067	 0.05963	  0.5098
     493	 0.07027	 0.05932	  0.5089
     494	 0.06987	 0.05901	   0.508
     495	 0.06947	 0.05869	  0.5071
     496	 0.06908	 0.05837	  0.5062
     497	 0.06868	 0.05805	  0.5053
     498	 0.06828	 0.05773	  0.5044
     499	 0.06787	 0.05739	  0.5035
     500	 0.06745	 0.05706	  0.5026
     501	 0.06701	 0.05673	  0.5017
     502	 0.06657	 0.05642	  0.5009
     503	 0.06612	 0.05611	     0.5
     504	 0.06567	 0.05582	  0.4991
     505	 0.06524	 0.05554	  0.4982
     506	 0.06482	 0.05527	  0.4974
     507	 0.06441	   0.055	  0.4965
     508	   0.064	 0.05473	  0.4957
     509	  0.0636	 0.05446	  0.4948
     510	  0.0632	 0.05418	   0.494
     511	  0.0628	  0.0539	  0.4931
     512	  0.0624	 0.05361	  0.4923
     513	 0.06201	 0.05333	  0.4914
     514	 0.06163	 0.05305	  0.4906
     515	 0.06125	 0.05278	  0.4897
     516	 0.06088	 0.05251	  0.4889
     517	  0.0605	 0.05225	  0.4881
     518	 0.06013	 0.05199	  0.4873
     519	 0.05976	 0.05174	  0.4864
     520	 0.05939	 0.05148	  0.4856
     521	 0.05902	 0.05122	  0.4848
     522	 0.05867	 0.05096	   0.484
     523	 0.05832	  0.0507	  0.4832
     524	 0.05797	 0.05043	  0.4824
     525	 0.05764	 0.05017	  0.4816
     526	 0.05731	  0.0499	  0.4808
     527	   0.057	 0.04963	    0.48
     528	  0.0567	 0.04936	  0.4792
     529	  0.0564	  0.0491	  0.4784
     530	 0.05611	 0.04884	  0.4776
     531	  0.0558	 0.04858	  0.4768
     532	 0.05549	 0.04831	   0.476
     533	 0.05515	 0.04803	  0.4752
     534	 0.05478	 0.04774	  0.4744
     535	 0.05441	 0.04744	  0.4736
     536	 0.05402	 0.04713	  0.4729
     537	 0.05364	 0.04684	  0.4721
     538	 0.05328	 0.04655	  0.4713
     539	 0.05293	 0.04628	  0.4706
     540	 0.05261	 0.04603	  0.4698
     541	 0.05231	 0.04578	   0.469
     542	 0.05201	 0.04555	  0.4683
     543	 0.05172	 0.04532	  0.4675
     544	 0.05144	 0.04509	  0.4668
     545	 0.05116	 0.04486	   0.466
     546	 0.05089	 0.04464	  0.4653
     547	 0.05063	 0.04442	  0.4645
     548	 0.05037	 0.04421	  0.4638
     549	 0.05011	 0.04401	   0.463
     550	 0.04984	 0.04382	  0.4623
     551	 0.04956	 0.04362	  0.4616
     552	 0.04928	 0.04343	  0.4608
     553	 0.04898	 0.04323	  0.4601
     554	 0.04867	 0.04304	  0.4594
     555	 0.04837	 0.04284	  0.4586
     556	 0.04807	 0.04265	  0.4579
     557	 0.04778	 0.04245	  0.4572
     558	  0.0475	 0.04226	  0.4565
     559	 0.04724	 0.04207	  0.4558
     560	 0.04699	 0.04189	   0.455
     561	 0.04675	  0.0417	  0.4543
     562	 0.04652	 0.04152	  0.4536
     563	  0.0463	 0.04135	  0.4529
     564	 0.04609	 0.04117	  0.4522
     565	 0.04589	   0.041	  0.4515
     566	 0.04569	 0.04083	  0.4508
     567	  0.0455	 0.04067	  0.4501
     568	 0.04531	  0.0405	  0.4494
     569	  0.0451	 0.04032	  0.4487
     570	 0.04488	 0.04014	   0.448
     571	 0.04465	 0.03995	  0.4473
     572	 0.04442	 0.03976	  0.4467
     573	 0.04418	 0.03957	   0.446
     574	 0.04394	 0.03937	  0.4453
     575	 0.04371	 0.03919	  0.4446
     576	 0.04349	 0.03901	  0.4439
     577	 0.04328	 0.03885	  0.4433
     578	 0.04308	  0.0387	  0.4426
     579	 0.04289	 0.03856	  0.4419
     580	 0.04272	 0.03844	  0.4412
     581	 0.04256	 0.03833	  0.4406
     582	 0.04241	 0.03823	  0.4399
     583	 0.04227	 0.03814	  0.4393
     584	 0.04214	 0.03805	  0.4386
     585	 0.04201	 0.03795	  0.4379
     586	 0.04189	 0.03785	  0.4373
     587	 0.04178	 0.03775	  0.4366
     588	 0.04167	 0.03765	   0.436
     589	 0.04158	 0.03756	  0.4353
     590	 0.04149	 0.03747	  0.4347
     591	 0.04141	 0.03739	   0.434
     592	 0.04132	 0.03731	  0.4334
     593	 0.04123	 0.03723	  0.4327
     594	 0.04114	 0.03715	  0.4321
     595	 0.04103	 0.03706	  0.4315
     596	 0.04092	 0.03697	  0.4308
     597	 0.04079	 0.03687	  0.4302
     598	 0.04066	 0.03677	  0.4296
     599	 0.04052	 0.03665	  0.4289
     600	 0.04036	 0.03652	  0.4283
     601	 0.04019	 0.03638	  0.4277
     602	 0.04001	 0.03621	  0.4271
     603	 0.03982	 0.03604	  0.4264
     604	 0.03964	 0.03587	  0.4258
     605	 0.03948	 0.03571	  0.4252
     606	 0.03933	 0.03556	  0.4246
     607	 0.03921	 0.03544	   0.424
     608	 0.03911	 0.03533	  0.4234
     609	 0.03902	 0.03524	  0.4228
     610	 0.03893	 0.03516	  0.4222
     611	 0.03885	 0.03508	  0.4215
     612	 0.03876	 0.03501	  0.4209
     613	 0.03868	 0.03493	  0.4203
     614	 0.03859	 0.03485	  0.4197
     615	 0.03851	 0.03477	  0.4191
     616	 0.03842	 0.03469	  0.4185
     617	 0.03833	  0.0346	  0.4179
     618	 0.03824	 0.03452	  0.4174
     619	 0.03813	 0.03442	  0.4168
     620	 0.03803	 0.03432	  0.4162
     621	 0.03792	 0.03422	  0.4156
     622	 0.03781	 0.03412	   0.415
     623	  0.0377	 0.03401	  0.4144
     624	 0.03761	 0.03391	  0.4138
     625	 0.03752	  0.0338	  0.4132
     626	 0.03743	  0.0337	  0.4127
     627	 0.03736	  0.0336	  0.4121
     628	 0.03729	  0.0335	  0.4115
     629	 0.03722	  0.0334	  0.4109
     630	 0.03715	  0.0333	  0.4104
     631	 0.03709	  0.0332	  0.4098
     632	 0.03702	 0.03309	  0.4092
     633	 0.03695	 0.03299	  0.4087
     634	 0.03688	 0.03288	  0.4081
     635	  0.0368	 0.03278	  0.4075
     636	 0.03672	 0.03269	   0.407
     637	 0.03665	  0.0326	  0.4064
     638	 0.03658	 0.03253	  0.4059
     639	 0.03651	 0.03246	  0.4053
     640	 0.03644	  0.0324	  0.4047
     641	 0.03636	 0.03233	  0.4042
     642	 0.03628	 0.03227	  0.4036
     643	 0.03618	  0.0322	  0.4031
     644	 0.03607	 0.03212	  0.4025
     645	 0.03595	 0.03203	   0.402
     646	 0.03583	 0.03194	  0.4014
     647	  0.0357	 0.03184	  0.4009
     648	 0.03558	 0.03175	  0.4004
     649	 0.03548	 0.03166	  0.3998
     650	  0.0354	 0.03157	  0.3993
     651	 0.03534	 0.03149	  0.3987
     652	 0.03531	 0.03143	  0.3982
     653	  0.0353	 0.03139	  0.3977
     654	 0.03532	 0.03135	  0.3971
     655	 0.03534	 0.03131	  0.3966
     656	 0.03538	 0.03127	  0.3961
     657	 0.03543	 0.03123	  0.3955
     658	 0.03548	 0.03116	   0.395
     659	 0.03555	 0.03108	  0.3945
     660	 0.03563	   0.031	   0.394
     661	 0.03574	 0.03091	  0.3934
     662	 0.03586	 0.03082	  0.3929
     663	 0.03599	 0.03073	  0.3924
     664	 0.03612	 0.03065	  0.3919
     665	 0.03624	 0.03055	  0.3914
     666	 0.03634	 0.03045	  0.3908
     667	 0.03639	 0.03033	  0.3903
     668	 0.03641	 0.03018	  0.3898
     669	 0.03639	 0.03003	  0.3893
     670	 0.03633	 0.02986	  0.3888
     671	 0.03625	 0.02969	  0.3883
     672	 0.03616	 0.02952	  0.3878
     673	 0.03606	 0.02937	  0.3873
     674	 0.03597	 0.02925	  0.3868
     675	 0.03588	 0.02916	  0.3863
     676	 0.03579	 0.02909	  0.3858
     677	 0.03569	 0.02905	  0.3853
     678	 0.03558	 0.02903	  0.3848
     679	 0.03545	 0.02903	  0.3843
     680	 0.03529	 0.02904	  0.3838
     681	  0.0351	 0.02907	  0.3833
     682	 0.03488	 0.02909	  0.3828
     683	 0.03462	 0.02911	  0.3823
     684	 0.03434	 0.02912	  0.3818
     685	 0.03403	 0.02911	  0.3813
     686	  0.0337	  0.0291	  0.3808
     687	 0.03336	 0.02906	  0.3803
     688	 0.03301	 0.02902	  0.3799
     689	 0.03268	 0.02896	  0.3794
     690	 0.03235	  0.0289	  0.3789
     691	 0.03204	 0.02883	  0.3784
     692	 0.03175	 0.02875	  0.3779
     693	 0.03147	 0.02866	  0.3774
     694	  0.0312	 0.02856	   0.377
     695	 0.03094	 0.02845	  0.3765
     696	 0.03069	 0.02834	   0.376
     697	 0.03045	 0.02822	  0.3755
     698	 0.03022	  0.0281	  0.3751
     699	    0.03	   0.028	  0.3746
     700	 0.02979	 0.02791	  0.3741
     701	 0.02961	 0.02784	  0.3737
     702	 0.02945	 0.02778	  0.3732
     703	 0.02932	 0.02774	  0.3727
     704	 0.02921	 0.02771	  0.3723
     705	 0.02913	 0.02769	  0.3718
     706	 0.02907	 0.02766	  0.3713
     707	 0.02901	 0.02763	  0.3709
     708	 0.02896	 0.02759	  0.3704
     709	  0.0289	 0.02754	    0.37
     710	 0.02883	 0.02747	  0.3695
     711	 0.02873	 0.02738	  0.3691
     712	 0.02862	 0.02729	  0.3686
     713	  0.0285	 0.02718	  0.3681
     714	 0.02836	 0.02707	  0.3677
     715	 0.02822	 0.02695	  0.3672
     716	 0.02808	 0.02684	  0.3668
     717	 0.02794	 0.02672	  0.3663
     718	  0.0278	 0.02662	  0.3659
     719	 0.02768	 0.02653	  0.3654
     720	 0.02758	 0.02645	   0.365
     721	  0.0275	 0.02638	  0.3646
     722	 0.02744	 0.02633	  0.3641
     723	 0.02738	 0.02629	  0.3637
     724	 0.02733	 0.02626	  0.3632
     725	 0.02728	 0.02622	  0.3628
     726	 0.02722	 0.02619	  0.3624
     727	 0.02714	 0.02614	  0.3619
     728	 0.02704	 0.02609	  0.3615
     729	 0.02694	 0.02603	   0.361
     730	 0.02683	 0.02596	  0.3606
     731	 0.02671	 0.02588	  0.3602
     732	 0.02658	 0.02579	  0.3597
     733	 0.02646	 0.02568	  0.3593
     734	 0.02633	 0.02557	  0.3589
     735	  0.0262	 0.02545	  0.3585
     736	 0.02609	 0.02532	   0.358
     737	 0.02597	 0.02519	  0.3576
     738	 0.02587	 0.02507	  0.3572
     739	 0.02578	 0.02495	  0.3568
     740	 0.02569	 0.02483	  0.3563
     741	  0.0256	 0.02472	  0.3559
     742	 0.02551	 0.02463	  0.3555
     743	 0.02543	 0.02454	  0.3551
     744	 0.02535	 0.02448	  0.3546
     745	 0.02528	 0.02443	  0.3542
     746	 0.02523	 0.02442	  0.3538
     747	 0.02519	 0.02442	  0.3534
     748	 0.02518	 0.02445	   0.353
     749	 0.02518	 0.02448	  0.3526
     750	 0.02519	 0.02453	  0.3522
     751	 0.02519	 0.02457	  0.3517
     752	 0.02519	 0.02459	  0.3513
     753	 0.02517	 0.02459	  0.3509
     754	 0.02514	 0.02456	  0.3505
     755	 0.02509	  0.0245	  0.3501
     756	 0.02503	 0.02442	  0.3497
     757	 0.02496	 0.02433	  0.3493
     758	 0.02489	 0.02422	  0.3489
     759	 0.02482	 0.02412	  0.3485
     760	 0.02475	 0.02402	  0.3481
     761	 0.02468	 0.02392	  0.3477
     762	  0.0246	 0.02383	  0.3473
     763	 0.02452	 0.02374	  0.3469
     764	 0.02442	 0.02366	  0.3465
     765	 0.02431	 0.02357	  0.3461
     766	 0.02419	 0.02349	  0.3457
     767	 0.02406	 0.02341	  0.3453
     768	 0.02392	 0.02333	  0.3449
     769	 0.02379	 0.02325	  0.3445
     770	 0.02366	 0.02318	  0.3441
     771	 0.02356	 0.02312	  0.3437
     772	  0.0235	 0.02308	  0.3433
     773	 0.02347	 0.02307	  0.3429
     774	 0.02349	 0.02309	  0.3426
     775	 0.02354	 0.02313	  0.3422
     776	 0.02361	 0.02318	  0.3418
     777	 0.02368	 0.02321	  0.3414
     778	 0.02372	 0.02321	   0.341
     779	 0.02374	 0.02318	  0.3406
     780	 0.02373	 0.02312	  0.3402
     781	  0.0237	 0.02305	  0.3399
     782	 0.02367	 0.02299	  0.3395
     783	 0.02364	 0.02293	  0.3391
     784	 0.02361	  0.0229	  0.3387
     785	 0.02358	 0.02287	  0.3383
     786	 0.02355	 0.02284	   0.338
     787	 0.02351	  0.0228	  0.3376
     788	 0.02344	 0.02274	  0.3372
     789	 0.02335	 0.02268	  0.3368
     790	 0.02325	  0.0226	  0.3365
     791	 0.02314	 0.02252	  0.3361
     792	 0.02304	 0.02245	  0.3357
     793	 0.02293	 0.02238	  0.3353
     794	 0.02282	 0.02232	   0.335
     795	 0.02271	 0.02227	  0.3346
     796	 0.02259	 0.02221	  0.3342
     797	 0.02248	 0.02216	  0.3339
     798	 0.02237	 0.02212	  0.3335
     799	 0.02228	 0.02207	  0.3331
     800	 0.02222	 0.02203	  0.3328
     801	 0.02218	   0.022	  0.3324
     802	 0.02217	 0.02197	   0.332
     803	 0.02217	 0.02194	  0.3317
     804	 0.02218	 0.02191	  0.3313
     805	 0.02218	 0.02188	   0.331
     806	 0.02217	 0.02185	  0.3306
     807	 0.02214	 0.02182	  0.3302
     808	 0.02209	 0.02177	  0.3299
     809	 0.02201	 0.02169	  0.3295
     810	 0.02192	 0.02159	  0.3292
     811	  0.0218	 0.02146	  0.3288
     812	 0.02165	  0.0213	  0.3285
     813	 0.02148	 0.02113	  0.3281
     814	 0.02129	 0.02096	  0.3277
     815	 0.02109	 0.02081	  0.3274
     816	 0.02091	  0.0207	   0.327
     817	 0.02074	 0.02063	  0.3267
     818	 0.02061	 0.02062	  0.3263
     819	 0.02051	 0.02064	   0.326
     820	 0.02045	 0.02069	  0.3256
     821	 0.02041	 0.02074	  0.3253
     822	 0.02039	 0.02078	  0.3249
     823	 0.02035	 0.02078	  0.3246
     824	 0.02031	 0.02075	  0.3243
     825	 0.02025	 0.02068	  0.3239
     826	 0.02018	 0.02058	  0.3236
     827	 0.02011	 0.02047	  0.3232
     828	 0.02005	 0.02037	  0.3229
     829	 0.02002	 0.02029	  0.3225
     830	 0.02001	 0.02024	  0.3222
     831	 0.02002	 0.02022	  0.3219
     832	 0.02002	 0.02022	  0.3215
     833	 0.02001	 0.02021	  0.3212
     834	 0.01999	 0.02019	  0.3208
     835	 0.01994	 0.02013	  0.3205
     836	 0.01987	 0.02005	  0.3202
     837	 0.01979	 0.01995	  0.3198
     838	  0.0197	 0.01983	  0.3195
     839	 0.01961	 0.01973	  0.3192
     840	 0.01953	 0.01963	  0.3188
     841	 0.01945	 0.01956	  0.3185
     842	 0.01939	 0.01949	  0.3182
     843	 0.01935	 0.01943	  0.3178
     844	 0.01932	 0.01935	  0.3175
     845	  0.0193	 0.01925	  0.3172
     846	 0.01926	 0.01912	  0.3168
     847	  0.0192	 0.01897	  0.3165
     848	 0.01909	 0.01879	  0.3162
     849	 0.01893	 0.01861	  0.3159
     850	 0.01874	 0.01844	  0.3155
