/*
Particulate absorption and scattering spectra, normalized by SPM 
Scattering spectra from ac-s power-function fit 400-700 nm scaled by LISST-VSF scattering coefficient at 532 nm 
Total (a_p) and MeOH-extracted (a_d) absorption spectra from UV/VIS spectrophotometer measurements with GF/F filter inside 15-cm integrating sphere
Correction for filter-pad pathlength amplification from Stramski et al. 2015 

Lat, Lon = 70.281, -147.389
Date Time UTC = 12-Aug-2019 15:10:00
Depth = 1.6 m
SPM = 13.02 g/m3
POC = 290.97 mg/m3
PSD power-law exponent (~1.5-147 µm) = 4.17 
Scattering spectra power-function exponent (400-700 nm) = 0.286 

Created by Daniel Koestner on 15-Jan-2024 15:28:38
Data Version: V4_10-Nov-2023

Column 1: wavelength [nm]
Column 2: a_p [m^2/g]
Column 3: a_d [m^2/g]
Column 4: b_p [m^2/g]
*/
     290	  0.1701	  0.1492	   1.015
     291	  0.1695	  0.1487	   1.014
     292	  0.1687	   0.148	   1.013
     293	   0.168	  0.1473	   1.012
     294	  0.1672	  0.1465	   1.011
     295	  0.1664	  0.1457	    1.01
     296	  0.1655	  0.1449	   1.009
     297	  0.1646	  0.1442	   1.008
     298	  0.1638	  0.1435	   1.007
     299	  0.1631	  0.1428	   1.006
     300	  0.1623	  0.1421	   1.005
     301	  0.1617	  0.1415	   1.004
     302	   0.161	  0.1408	   1.004
     303	  0.1604	  0.1402	   1.003
     304	  0.1597	  0.1395	   1.002
     305	  0.1589	  0.1389	   1.001
     306	  0.1581	  0.1382	  0.9998
     307	  0.1572	  0.1374	  0.9988
     308	  0.1562	  0.1366	  0.9979
     309	  0.1551	  0.1359	   0.997
     310	  0.1541	   0.135	  0.9961
     311	  0.1531	  0.1343	  0.9951
     312	  0.1522	  0.1335	  0.9942
     313	  0.1514	  0.1329	  0.9933
     314	  0.1507	  0.1322	  0.9924
     315	  0.1499	  0.1316	  0.9915
     316	  0.1492	  0.1311	  0.9906
     317	  0.1485	  0.1305	  0.9897
     318	  0.1477	    0.13	  0.9888
     319	   0.147	  0.1294	  0.9879
     320	  0.1464	  0.1289	  0.9871
     321	  0.1457	  0.1284	  0.9862
     322	  0.1451	  0.1279	  0.9853
     323	  0.1445	  0.1274	  0.9844
     324	  0.1439	  0.1269	  0.9836
     325	  0.1433	  0.1265	  0.9827
     326	  0.1427	  0.1259	  0.9818
     327	   0.142	  0.1254	   0.981
     328	  0.1413	  0.1248	  0.9801
     329	  0.1406	  0.1242	  0.9793
     330	  0.1399	  0.1236	  0.9784
     331	  0.1393	  0.1231	  0.9776
     332	  0.1387	  0.1225	  0.9767
     333	  0.1381	   0.122	  0.9759
     334	  0.1375	  0.1215	  0.9751
     335	   0.137	   0.121	  0.9742
     336	  0.1365	  0.1206	  0.9734
     337	   0.136	  0.1201	  0.9726
     338	  0.1354	  0.1195	  0.9717
     339	  0.1349	  0.1189	  0.9709
     340	  0.1342	  0.1183	  0.9701
     341	  0.1336	  0.1176	  0.9693
     342	  0.1328	   0.117	  0.9685
     343	  0.1321	  0.1163	  0.9677
     344	  0.1314	  0.1158	  0.9669
     345	  0.1306	  0.1153	  0.9661
     346	    0.13	  0.1149	  0.9653
     347	  0.1293	  0.1145	  0.9645
     348	  0.1287	  0.1141	  0.9637
     349	  0.1281	  0.1136	  0.9629
     350	  0.1275	  0.1131	  0.9621
     351	  0.1268	  0.1125	  0.9613
     352	  0.1261	  0.1118	  0.9605
     353	  0.1254	  0.1112	  0.9598
     354	  0.1247	  0.1105	   0.959
     355	  0.1241	  0.1099	  0.9582
     356	  0.1234	  0.1092	  0.9574
     357	  0.1228	  0.1086	  0.9567
     358	  0.1222	   0.108	  0.9559
     359	  0.1216	  0.1075	  0.9552
     360	  0.1209	  0.1069	  0.9544
     361	  0.1203	  0.1063	  0.9536
     362	  0.1196	  0.1058	  0.9529
     363	  0.1189	  0.1052	  0.9521
     364	  0.1182	  0.1047	  0.9514
     365	  0.1175	  0.1041	  0.9506
     366	  0.1169	  0.1036	  0.9499
     367	  0.1163	   0.103	  0.9492
     368	  0.1156	  0.1024	  0.9484
     369	   0.115	  0.1017	  0.9477
     370	  0.1143	  0.1011	   0.947
     371	  0.1136	  0.1004	  0.9462
     372	  0.1128	 0.09965	  0.9455
     373	  0.1119	  0.0989	  0.9448
     374	   0.111	 0.09812	   0.944
     375	  0.1101	 0.09734	  0.9433
     376	  0.1091	 0.09657	  0.9426
     377	  0.1082	 0.09582	  0.9419
     378	  0.1074	 0.09511	  0.9412
     379	  0.1066	 0.09443	  0.9405
     380	  0.1059	 0.09376	  0.9398
     381	  0.1052	 0.09309	  0.9391
     382	  0.1045	 0.09241	  0.9384
     383	  0.1038	 0.09169	  0.9377
     384	  0.1031	 0.09093	   0.937
     385	  0.1023	 0.09015	  0.9363
     386	  0.1015	 0.08934	  0.9356
     387	  0.1007	 0.08853	  0.9349
     388	 0.09985	 0.08774	  0.9342
     389	 0.09906	 0.08696	  0.9335
     390	  0.0983	 0.08623	  0.9328
     391	 0.09759	 0.08552	  0.9321
     392	  0.0969	 0.08485	  0.9315
     393	 0.09623	  0.0842	  0.9308
     394	 0.09555	 0.08355	  0.9301
     395	 0.09485	  0.0829	  0.9294
     396	 0.09413	 0.08225	  0.9288
     397	  0.0934	 0.08161	  0.9281
     398	 0.09267	 0.08099	  0.9274
     399	 0.09198	 0.08041	  0.9268
     400	 0.09134	 0.07986	  0.9261
     401	 0.09076	 0.07935	  0.9254
     402	 0.09025	 0.07886	  0.9248
     403	  0.0898	 0.07838	  0.9241
     404	 0.08937	 0.07792	  0.9235
     405	 0.08895	 0.07746	  0.9228
     406	 0.08852	 0.07701	  0.9222
     407	 0.08806	 0.07658	  0.9215
     408	 0.08757	 0.07615	  0.9209
     409	 0.08704	 0.07573	  0.9202
     410	 0.08648	  0.0753	  0.9196
     411	  0.0859	 0.07484	  0.9189
     412	 0.08531	 0.07436	  0.9183
     413	  0.0847	 0.07384	  0.9177
     414	  0.0841	  0.0733	   0.917
     415	  0.0835	 0.07275	  0.9164
     416	 0.08291	 0.07221	  0.9158
     417	 0.08234	 0.07168	  0.9151
     418	 0.08179	 0.07116	  0.9145
     419	 0.08126	 0.07066	  0.9139
     420	 0.08075	 0.07016	  0.9133
     421	 0.08025	 0.06965	  0.9127
     422	 0.07976	 0.06914	   0.912
     423	 0.07927	 0.06862	  0.9114
     424	 0.07878	 0.06809	  0.9108
     425	 0.07826	 0.06755	  0.9102
     426	 0.07773	 0.06699	  0.9096
     427	 0.07716	 0.06642	   0.909
     428	 0.07656	 0.06584	  0.9084
     429	 0.07594	 0.06525	  0.9078
     430	 0.07531	 0.06466	  0.9072
     431	 0.07467	 0.06407	  0.9066
     432	 0.07404	 0.06348	   0.906
     433	 0.07342	 0.06292	  0.9054
     434	 0.07282	 0.06237	  0.9048
     435	 0.07224	 0.06185	  0.9042
     436	 0.07169	 0.06136	  0.9036
     437	 0.07116	  0.0609	   0.903
     438	 0.07066	 0.06046	  0.9024
     439	 0.07017	 0.06005	  0.9018
     440	 0.06968	 0.05966	  0.9012
     441	 0.06919	 0.05927	  0.9006
     442	  0.0687	 0.05888	     0.9
     443	  0.0682	 0.05849	  0.8995
     444	 0.06771	 0.05808	  0.8989
     445	 0.06721	 0.05767	  0.8983
     446	 0.06673	 0.05727	  0.8977
     447	 0.06627	 0.05687	  0.8972
     448	 0.06582	 0.05648	  0.8966
     449	 0.06539	 0.05611	   0.896
     450	 0.06497	 0.05575	  0.8954
     451	 0.06456	 0.05541	  0.8949
     452	 0.06416	 0.05508	  0.8943
     453	 0.06378	 0.05478	  0.8938
     454	 0.06342	 0.05449	  0.8932
     455	 0.06309	 0.05421	  0.8926
     456	 0.06278	 0.05395	  0.8921
     457	 0.06249	 0.05369	  0.8915
     458	  0.0622	 0.05342	   0.891
     459	 0.06191	 0.05314	  0.8904
     460	 0.06161	 0.05284	  0.8898
     461	  0.0613	 0.05254	  0.8893
     462	 0.06098	 0.05224	  0.8887
     463	 0.06066	 0.05194	  0.8882
     464	 0.06034	 0.05167	  0.8876
     465	 0.06004	 0.05143	  0.8871
     466	 0.05976	 0.05121	  0.8866
     467	 0.05949	 0.05102	   0.886
     468	 0.05923	 0.05085	  0.8855
     469	 0.05898	 0.05069	  0.8849
     470	 0.05871	 0.05053	  0.8844
     471	 0.05844	 0.05036	  0.8839
     472	 0.05815	 0.05019	  0.8833
     473	 0.05785	    0.05	  0.8828
     474	 0.05755	  0.0498	  0.8823
     475	 0.05724	 0.04959	  0.8817
     476	 0.05694	 0.04937	  0.8812
     477	 0.05662	 0.04915	  0.8807
     478	 0.05631	 0.04892	  0.8801
     479	 0.05598	 0.04867	  0.8796
     480	 0.05564	 0.04841	  0.8791
     481	  0.0553	 0.04814	  0.8786
     482	 0.05495	 0.04786	   0.878
     483	  0.0546	 0.04758	  0.8775
     484	 0.05427	 0.04731	   0.877
     485	 0.05394	 0.04707	  0.8765
     486	 0.05364	 0.04684	   0.876
     487	 0.05334	 0.04663	  0.8755
     488	 0.05306	 0.04643	  0.8749
     489	 0.05278	 0.04623	  0.8744
     490	  0.0525	 0.04602	  0.8739
     491	 0.05221	  0.0458	  0.8734
     492	 0.05191	 0.04557	  0.8729
     493	  0.0516	 0.04533	  0.8724
     494	 0.05127	 0.04508	  0.8719
     495	 0.05094	 0.04482	  0.8714
     496	 0.05059	 0.04456	  0.8709
     497	 0.05023	 0.04429	  0.8704
     498	 0.04987	 0.04401	  0.8699
     499	 0.04952	 0.04373	  0.8694
     500	 0.04917	 0.04344	  0.8689
     501	 0.04884	 0.04315	  0.8684
     502	 0.04851	 0.04286	  0.8679
     503	 0.04819	 0.04257	  0.8674
     504	 0.04788	  0.0423	  0.8669
     505	 0.04758	 0.04204	  0.8664
     506	 0.04728	  0.0418	  0.8659
     507	   0.047	 0.04158	  0.8655
     508	 0.04672	 0.04137	   0.865
     509	 0.04646	 0.04118	  0.8645
     510	  0.0462	 0.04099	   0.864
     511	 0.04595	 0.04081	  0.8635
     512	  0.0457	 0.04063	   0.863
     513	 0.04545	 0.04044	  0.8625
     514	 0.04519	 0.04023	  0.8621
     515	 0.04492	 0.04002	  0.8616
     516	 0.04463	 0.03978	  0.8611
     517	 0.04434	 0.03953	  0.8606
     518	 0.04404	 0.03927	  0.8602
     519	 0.04374	   0.039	  0.8597
     520	 0.04345	 0.03875	  0.8592
     521	 0.04317	 0.03851	  0.8587
     522	 0.04292	 0.03829	  0.8583
     523	 0.04269	 0.03811	  0.8578
     524	 0.04247	 0.03795	  0.8573
     525	 0.04225	  0.0378	  0.8569
     526	 0.04204	 0.03765	  0.8564
     527	 0.04182	  0.0375	  0.8559
     528	 0.04159	 0.03733	  0.8555
     529	 0.04135	 0.03716	   0.855
     530	 0.04112	 0.03698	  0.8546
     531	 0.04089	  0.0368	  0.8541
     532	 0.04068	 0.03664	  0.8536
     533	 0.04047	 0.03648	  0.8532
     534	 0.04027	 0.03633	  0.8527
     535	 0.04008	 0.03617	  0.8523
     536	 0.03987	 0.03601	  0.8518
     537	 0.03966	 0.03583	  0.8514
     538	 0.03945	 0.03564	  0.8509
     539	 0.03924	 0.03545	  0.8504
     540	 0.03902	 0.03525	    0.85
     541	 0.03881	 0.03506	  0.8496
     542	 0.03858	 0.03486	  0.8491
     543	 0.03835	 0.03467	  0.8487
     544	  0.0381	 0.03448	  0.8482
     545	 0.03783	 0.03428	  0.8478
     546	 0.03755	 0.03407	  0.8473
     547	 0.03726	 0.03387	  0.8469
     548	 0.03699	 0.03367	  0.8464
     549	 0.03673	 0.03348	   0.846
     550	  0.0365	  0.0333	  0.8456
     551	 0.03629	 0.03315	  0.8451
     552	 0.03611	 0.03302	  0.8447
     553	 0.03594	 0.03291	  0.8442
     554	 0.03579	 0.03282	  0.8438
     555	 0.03564	 0.03274	  0.8434
     556	 0.03549	 0.03266	  0.8429
     557	 0.03534	 0.03258	  0.8425
     558	 0.03518	 0.03249	  0.8421
     559	 0.03502	 0.03239	  0.8416
     560	 0.03485	 0.03227	  0.8412
     561	 0.03468	 0.03213	  0.8408
     562	 0.03452	 0.03198	  0.8404
     563	 0.03435	  0.0318	  0.8399
     564	 0.03419	 0.03162	  0.8395
     565	 0.03403	 0.03144	  0.8391
     566	 0.03387	 0.03126	  0.8387
     567	 0.03373	  0.0311	  0.8382
     568	 0.03359	 0.03095	  0.8378
     569	 0.03348	 0.03083	  0.8374
     570	 0.03337	 0.03073	   0.837
     571	 0.03328	 0.03064	  0.8366
     572	 0.03319	 0.03057	  0.8361
     573	 0.03309	  0.0305	  0.8357
     574	 0.03299	 0.03042	  0.8353
     575	 0.03288	 0.03034	  0.8349
     576	 0.03275	 0.03025	  0.8345
     577	 0.03263	 0.03016	  0.8341
     578	  0.0325	 0.03006	  0.8336
     579	 0.03237	 0.02998	  0.8332
     580	 0.03225	  0.0299	  0.8328
     581	 0.03215	 0.02982	  0.8324
     582	 0.03204	 0.02975	   0.832
     583	 0.03194	 0.02967	  0.8316
     584	 0.03183	 0.02959	  0.8312
     585	 0.03172	 0.02949	  0.8308
     586	  0.0316	 0.02939	  0.8304
     587	 0.03147	 0.02929	    0.83
     588	 0.03135	 0.02918	  0.8296
     589	 0.03124	 0.02907	  0.8292
     590	 0.03113	 0.02897	  0.8288
     591	 0.03102	 0.02887	  0.8284
     592	 0.03091	 0.02877	   0.828
     593	 0.03079	 0.02866	  0.8276
     594	 0.03068	 0.02856	  0.8272
     595	 0.03056	 0.02846	  0.8268
     596	 0.03045	 0.02835	  0.8264
     597	 0.03034	 0.02825	   0.826
     598	 0.03024	 0.02815	  0.8256
     599	 0.03015	 0.02806	  0.8252
     600	 0.03006	 0.02797	  0.8248
     601	 0.02998	 0.02788	  0.8244
     602	 0.02991	  0.0278	   0.824
     603	 0.02986	 0.02773	  0.8236
     604	 0.02981	 0.02767	  0.8232
     605	 0.02977	 0.02762	  0.8228
     606	 0.02974	 0.02757	  0.8225
     607	 0.02971	 0.02753	  0.8221
     608	 0.02967	 0.02749	  0.8217
     609	 0.02962	 0.02744	  0.8213
     610	 0.02956	 0.02739	  0.8209
     611	  0.0295	 0.02734	  0.8205
     612	 0.02942	 0.02729	  0.8201
     613	 0.02935	 0.02724	  0.8198
     614	 0.02928	 0.02719	  0.8194
     615	 0.02921	 0.02714	   0.819
     616	 0.02914	 0.02707	  0.8186
     617	 0.02906	 0.02699	  0.8182
     618	 0.02898	  0.0269	  0.8179
     619	 0.02889	 0.02681	  0.8175
     620	  0.0288	 0.02671	  0.8171
     621	 0.02871	 0.02661	  0.8167
     622	 0.02862	 0.02653	  0.8164
     623	 0.02854	 0.02645	   0.816
     624	 0.02846	 0.02639	  0.8156
     625	 0.02839	 0.02633	  0.8152
     626	 0.02833	 0.02627	  0.8149
     627	 0.02827	 0.02621	  0.8145
     628	 0.02821	 0.02615	  0.8141
     629	 0.02816	 0.02609	  0.8137
     630	  0.0281	 0.02602	  0.8134
     631	 0.02804	 0.02595	   0.813
     632	 0.02796	 0.02587	  0.8126
     633	 0.02788	 0.02579	  0.8123
     634	 0.02779	  0.0257	  0.8119
     635	  0.0277	 0.02562	  0.8115
     636	  0.0276	 0.02554	  0.8112
     637	 0.02751	 0.02547	  0.8108
     638	 0.02743	  0.0254	  0.8105
     639	 0.02735	 0.02534	  0.8101
     640	 0.02727	 0.02529	  0.8097
     641	  0.0272	 0.02524	  0.8094
     642	 0.02712	 0.02518	   0.809
     643	 0.02705	 0.02513	  0.8086
     644	 0.02698	 0.02507	  0.8083
     645	  0.0269	   0.025	  0.8079
     646	 0.02684	 0.02493	  0.8076
     647	 0.02679	 0.02487	  0.8072
     648	 0.02674	 0.02481	  0.8069
     649	  0.0267	 0.02475	  0.8065
     650	 0.02666	 0.02469	  0.8061
     651	 0.02663	 0.02463	  0.8058
     652	  0.0266	 0.02457	  0.8054
     653	 0.02656	  0.0245	  0.8051
     654	 0.02652	 0.02444	  0.8047
     655	 0.02647	 0.02437	  0.8044
     656	 0.02643	 0.02429	   0.804
     657	 0.02638	 0.02422	  0.8037
     658	 0.02634	 0.02415	  0.8033
     659	 0.02631	 0.02409	   0.803
     660	 0.02629	 0.02403	  0.8026
     661	 0.02629	 0.02397	  0.8023
     662	 0.02631	 0.02391	  0.8019
     663	 0.02634	 0.02386	  0.8016
     664	 0.02638	 0.02382	  0.8013
     665	 0.02643	 0.02377	  0.8009
     666	 0.02648	 0.02372	  0.8006
     667	 0.02653	 0.02366	  0.8002
     668	 0.02655	 0.02359	  0.7999
     669	 0.02656	 0.02351	  0.7995
     670	 0.02653	 0.02341	  0.7992
     671	 0.02649	 0.02331	  0.7989
     672	 0.02642	  0.0232	  0.7985
     673	 0.02634	 0.02309	  0.7982
     674	 0.02626	   0.023	  0.7978
     675	 0.02618	 0.02293	  0.7975
     676	  0.0261	 0.02287	  0.7972
     677	 0.02602	 0.02282	  0.7968
     678	 0.02592	 0.02277	  0.7965
     679	 0.02581	 0.02272	  0.7962
     680	 0.02567	 0.02267	  0.7958
     681	 0.02551	 0.02262	  0.7955
     682	 0.02534	 0.02256	  0.7952
     683	 0.02516	 0.02251	  0.7948
     684	 0.02498	 0.02247	  0.7945
     685	 0.02481	 0.02244	  0.7942
     686	 0.02466	 0.02243	  0.7938
     687	 0.02452	 0.02243	  0.7935
     688	  0.0244	 0.02244	  0.7932
     689	 0.02427	 0.02244	  0.7928
     690	 0.02414	 0.02244	  0.7925
     691	 0.02401	 0.02242	  0.7922
     692	 0.02387	 0.02238	  0.7919
     693	 0.02374	 0.02233	  0.7915
     694	 0.02363	 0.02227	  0.7912
     695	 0.02353	 0.02221	  0.7909
     696	 0.02345	 0.02216	  0.7906
     697	 0.02339	 0.02212	  0.7902
     698	 0.02334	  0.0221	  0.7899
     699	 0.02329	 0.02207	  0.7896
     700	 0.02324	 0.02205	  0.7893
     701	 0.02317	 0.02201	  0.7889
     702	 0.02307	 0.02195	  0.7886
     703	 0.02297	 0.02188	  0.7883
     704	 0.02286	 0.02179	   0.788
     705	 0.02275	 0.02169	  0.7877
     706	 0.02264	 0.02161	  0.7873
     707	 0.02255	 0.02154	   0.787
     708	 0.02248	 0.02148	  0.7867
     709	 0.02241	 0.02144	  0.7864
     710	 0.02235	 0.02141	  0.7861
     711	 0.02229	 0.02138	  0.7858
     712	 0.02223	 0.02134	  0.7854
     713	 0.02216	 0.02129	  0.7851
     714	 0.02208	 0.02124	  0.7848
     715	 0.02198	 0.02118	  0.7845
     716	 0.02188	 0.02113	  0.7842
     717	 0.02178	 0.02108	  0.7839
     718	 0.02169	 0.02104	  0.7836
     719	 0.02161	   0.021	  0.7832
     720	 0.02155	 0.02098	  0.7829
     721	 0.02151	 0.02095	  0.7826
     722	 0.02149	 0.02092	  0.7823
     723	 0.02146	 0.02088	   0.782
     724	 0.02142	 0.02082	  0.7817
     725	 0.02137	 0.02075	  0.7814
     726	  0.0213	 0.02067	  0.7811
     727	 0.02122	 0.02059	  0.7808
     728	 0.02114	 0.02051	  0.7805
     729	 0.02106	 0.02043	  0.7802
     730	 0.02099	 0.02037	  0.7799
     731	 0.02093	 0.02032	  0.7795
     732	 0.02089	 0.02027	  0.7792
     733	 0.02084	 0.02023	  0.7789
     734	 0.02079	 0.02018	  0.7786
     735	 0.02072	 0.02012	  0.7783
     736	 0.02063	 0.02005	   0.778
     737	 0.02053	 0.01997	  0.7777
     738	 0.02043	 0.01988	  0.7774
     739	 0.02033	 0.01979	  0.7771
     740	 0.02025	 0.01971	  0.7768
     741	 0.02018	 0.01964	  0.7765
     742	 0.02013	 0.01958	  0.7762
     743	 0.02009	 0.01954	  0.7759
     744	 0.02007	 0.01952	  0.7756
     745	 0.02005	 0.01952	  0.7753
     746	 0.02002	 0.01951	   0.775
     747	 0.01999	 0.01951	  0.7747
     748	 0.01995	  0.0195	  0.7744
     749	 0.01989	 0.01949	  0.7741
     750	 0.01983	 0.01947	  0.7739
     751	 0.01977	 0.01944	  0.7736
     752	 0.01971	 0.01941	  0.7733
     753	 0.01964	 0.01937	   0.773
     754	 0.01957	 0.01933	  0.7727
     755	  0.0195	 0.01929	  0.7724
     756	 0.01945	 0.01924	  0.7721
     757	  0.0194	 0.01919	  0.7718
     758	 0.01937	 0.01914	  0.7715
     759	 0.01936	  0.0191	  0.7712
     760	 0.01936	 0.01907	  0.7709
     761	 0.01938	 0.01905	  0.7706
     762	 0.01939	 0.01903	  0.7704
     763	 0.01939	 0.01902	  0.7701
     764	 0.01938	 0.01901	  0.7698
     765	 0.01935	 0.01899	  0.7695
     766	  0.0193	 0.01896	  0.7692
     767	 0.01924	 0.01892	  0.7689
     768	 0.01917	 0.01888	  0.7686
     769	 0.01911	 0.01883	  0.7683
     770	 0.01906	 0.01878	  0.7681
     771	 0.01901	 0.01874	  0.7678
     772	 0.01897	 0.01871	  0.7675
     773	 0.01893	 0.01869	  0.7672
     774	 0.01889	 0.01867	  0.7669
     775	 0.01886	 0.01867	  0.7666
     776	 0.01882	 0.01865	  0.7664
     777	 0.01879	 0.01863	  0.7661
     778	 0.01876	  0.0186	  0.7658
     779	 0.01873	 0.01854	  0.7655
     780	 0.01868	 0.01846	  0.7652
     781	 0.01863	 0.01837	   0.765
     782	 0.01857	 0.01828	  0.7647
     783	 0.01849	 0.01818	  0.7644
     784	 0.01841	 0.01809	  0.7641
     785	 0.01832	   0.018	  0.7638
     786	 0.01823	 0.01792	  0.7636
     787	 0.01815	 0.01786	  0.7633
     788	 0.01808	  0.0178	   0.763
     789	 0.01802	 0.01775	  0.7627
     790	 0.01797	 0.01771	  0.7625
     791	 0.01793	 0.01768	  0.7622
     792	 0.01788	 0.01766	  0.7619
     793	 0.01782	 0.01765	  0.7616
     794	 0.01776	 0.01765	  0.7614
     795	 0.01768	 0.01765	  0.7611
     796	 0.01758	 0.01763	  0.7608
     797	 0.01749	  0.0176	  0.7605
     798	  0.0174	 0.01756	  0.7603
     799	 0.01732	 0.01751	    0.76
     800	 0.01726	 0.01746	  0.7597
     801	 0.01722	 0.01742	  0.7594
     802	 0.01719	 0.01739	  0.7592
     803	 0.01718	 0.01737	  0.7589
     804	 0.01718	 0.01736	  0.7586
     805	 0.01718	 0.01734	  0.7584
     806	 0.01719	 0.01732	  0.7581
     807	  0.0172	 0.01729	  0.7578
     808	 0.01719	 0.01724	  0.7576
     809	 0.01717	 0.01717	  0.7573
     810	 0.01714	 0.01708	   0.757
     811	 0.01708	 0.01699	  0.7568
     812	 0.01701	  0.0169	  0.7565
     813	 0.01694	 0.01683	  0.7562
     814	 0.01689	 0.01679	   0.756
     815	 0.01684	 0.01678	  0.7557
     816	 0.01681	 0.01681	  0.7554
     817	 0.01679	 0.01685	  0.7552
     818	 0.01675	 0.01689	  0.7549
     819	 0.01671	  0.0169	  0.7546
     820	 0.01664	 0.01689	  0.7544
     821	 0.01657	 0.01685	  0.7541
     822	 0.01649	 0.01679	  0.7538
     823	 0.01642	  0.0167	  0.7536
     824	 0.01635	 0.01659	  0.7533
     825	  0.0163	 0.01646	  0.7531
     826	 0.01626	 0.01632	  0.7528
     827	 0.01622	 0.01618	  0.7525
     828	 0.01617	 0.01604	  0.7523
     829	 0.01612	 0.01592	   0.752
     830	 0.01607	 0.01583	  0.7518
     831	 0.01602	 0.01578	  0.7515
     832	 0.01597	 0.01577	  0.7513
     833	 0.01594	 0.01578	   0.751
     834	 0.01591	 0.01581	  0.7507
     835	 0.01589	 0.01583	  0.7505
     836	 0.01586	 0.01582	  0.7502
     837	 0.01582	  0.0158	    0.75
     838	 0.01577	 0.01575	  0.7497
     839	 0.01571	 0.01569	  0.7495
     840	 0.01564	 0.01563	  0.7492
     841	 0.01559	 0.01559	  0.7489
     842	 0.01555	 0.01557	  0.7487
     843	 0.01555	 0.01557	  0.7484
     844	 0.01558	 0.01559	  0.7482
     845	 0.01568	 0.01563	  0.7479
     846	 0.01583	  0.0157	  0.7477
     847	 0.01605	  0.0158	  0.7474
     848	 0.01633	 0.01594	  0.7472
     849	 0.01665	 0.01612	  0.7469
     850	 0.01698	 0.01632	  0.7467
