/*
Particulate absorption and scattering spectra, normalized by SPM 
Scattering spectra from ac-s power-function fit 400-700 nm scaled by LISST-VSF scattering coefficient at 532 nm 
Total (a_p) and MeOH-extracted (a_d) absorption spectra from UV/VIS spectrophotometer measurements with GF/F filter inside 15-cm integrating sphere
Correction for filter-pad pathlength amplification from Stramski et al. 2015 

Lat, Lon = 70.439, -148.106
Date Time UTC = 07-Sep-2018 23:41:57
Depth = 5.8 m
SPM = 2.24 g/m3
POC = 158.96 mg/m3
PSD power-law exponent (~1.5-147 µm) = 3.79 
Scattering spectra power-function exponent (400-700 nm) = 0.727 

Created by Daniel Koestner on 15-Jan-2024 15:28:38
Data Version: V4_10-Nov-2023

Column 1: wavelength [nm]
Column 2: a_p [m^2/g]
Column 3: a_d [m^2/g]
Column 4: b_p [m^2/g]
*/
     290	  0.3061	  0.2516	   1.576
     291	  0.3049	  0.2503	   1.572
     292	  0.3036	  0.2488	   1.568
     293	  0.3022	  0.2472	   1.564
     294	  0.3006	  0.2455	    1.56
     295	  0.2989	  0.2437	   1.556
     296	   0.297	  0.2418	   1.552
     297	   0.295	  0.2399	   1.549
     298	  0.2929	   0.238	   1.545
     299	  0.2908	  0.2362	   1.541
     300	  0.2887	  0.2345	   1.537
     301	  0.2867	   0.233	   1.534
     302	  0.2849	  0.2317	    1.53
     303	  0.2831	  0.2305	   1.526
     304	  0.2815	  0.2296	   1.523
     305	    0.28	  0.2287	   1.519
     306	  0.2786	  0.2278	   1.515
     307	  0.2772	   0.227	   1.512
     308	  0.2759	  0.2261	   1.508
     309	  0.2746	  0.2251	   1.505
     310	  0.2734	   0.224	   1.501
     311	  0.2721	  0.2229	   1.498
     312	  0.2709	  0.2217	   1.494
     313	  0.2697	  0.2207	   1.491
     314	  0.2686	  0.2198	   1.487
     315	  0.2674	  0.2191	   1.484
     316	  0.2662	  0.2184	    1.48
     317	  0.2649	  0.2178	   1.477
     318	  0.2636	  0.2171	   1.473
     319	   0.262	  0.2162	    1.47
     320	  0.2604	  0.2152	   1.467
     321	  0.2587	  0.2139	   1.463
     322	   0.257	  0.2126	    1.46
     323	  0.2553	  0.2113	   1.457
     324	  0.2537	    0.21	   1.454
     325	  0.2522	  0.2087	    1.45
     326	  0.2508	  0.2076	   1.447
     327	  0.2496	  0.2065	   1.444
     328	  0.2483	  0.2054	   1.441
     329	  0.2472	  0.2043	   1.437
     330	  0.2461	  0.2032	   1.434
     331	  0.2451	  0.2023	   1.431
     332	  0.2441	  0.2014	   1.428
     333	  0.2432	  0.2005	   1.425
     334	  0.2424	  0.1998	   1.422
     335	  0.2416	  0.1992	   1.419
     336	  0.2409	  0.1985	   1.416
     337	  0.2401	  0.1978	   1.413
     338	  0.2394	  0.1971	    1.41
     339	  0.2387	  0.1964	   1.407
     340	  0.2379	  0.1956	   1.403
     341	  0.2371	  0.1948	   1.401
     342	  0.2362	   0.194	   1.398
     343	  0.2352	  0.1932	   1.395
     344	  0.2341	  0.1923	   1.392
     345	  0.2329	  0.1912	   1.389
     346	  0.2315	  0.1901	   1.386
     347	  0.2299	  0.1888	   1.383
     348	  0.2283	  0.1874	    1.38
     349	  0.2266	  0.1861	   1.377
     350	  0.2251	  0.1848	   1.374
     351	  0.2237	  0.1836	   1.371
     352	  0.2225	  0.1825	   1.369
     353	  0.2214	  0.1816	   1.366
     354	  0.2205	  0.1807	   1.363
     355	  0.2196	    0.18	    1.36
     356	  0.2187	  0.1792	   1.357
     357	  0.2177	  0.1784	   1.355
     358	  0.2167	  0.1775	   1.352
     359	  0.2154	  0.1765	   1.349
     360	   0.214	  0.1753	   1.346
     361	  0.2125	  0.1739	   1.344
     362	   0.211	  0.1725	   1.341
     363	  0.2094	  0.1709	   1.338
     364	  0.2079	  0.1694	   1.336
     365	  0.2065	   0.168	   1.333
     366	  0.2052	  0.1666	    1.33
     367	  0.2039	  0.1653	   1.328
     368	  0.2027	  0.1641	   1.325
     369	  0.2016	   0.163	   1.322
     370	  0.2005	  0.1619	    1.32
     371	  0.1994	  0.1608	   1.317
     372	  0.1982	  0.1597	   1.315
     373	  0.1969	  0.1586	   1.312
     374	  0.1954	  0.1573	   1.309
     375	  0.1937	  0.1559	   1.307
     376	  0.1918	  0.1544	   1.304
     377	  0.1898	  0.1527	   1.302
     378	  0.1877	  0.1509	   1.299
     379	  0.1857	  0.1491	   1.297
     380	  0.1839	  0.1474	   1.294
     381	  0.1823	  0.1459	   1.292
     382	   0.181	  0.1446	   1.289
     383	  0.1798	  0.1433	   1.287
     384	  0.1787	  0.1422	   1.285
     385	  0.1775	  0.1411	   1.282
     386	  0.1762	  0.1399	    1.28
     387	  0.1749	  0.1387	   1.277
     388	  0.1735	  0.1374	   1.275
     389	   0.172	  0.1361	   1.273
     390	  0.1707	  0.1349	    1.27
     391	  0.1694	  0.1338	   1.268
     392	  0.1681	  0.1327	   1.265
     393	  0.1669	  0.1317	   1.263
     394	  0.1657	  0.1307	   1.261
     395	  0.1645	  0.1297	   1.258
     396	  0.1632	  0.1287	   1.256
     397	   0.162	  0.1276	   1.254
     398	  0.1608	  0.1266	   1.252
     399	  0.1597	  0.1256	   1.249
     400	  0.1585	  0.1246	   1.247
     401	  0.1574	  0.1235	   1.245
     402	  0.1563	  0.1223	   1.242
     403	  0.1551	  0.1211	    1.24
     404	  0.1539	  0.1197	   1.238
     405	  0.1527	  0.1184	   1.236
     406	  0.1516	   0.117	   1.234
     407	  0.1506	  0.1158	   1.231
     408	  0.1497	  0.1148	   1.229
     409	   0.149	  0.1139	   1.227
     410	  0.1484	  0.1133	   1.225
     411	  0.1478	  0.1127	   1.223
     412	  0.1472	  0.1121	    1.22
     413	  0.1466	  0.1115	   1.218
     414	   0.146	  0.1109	   1.216
     415	  0.1454	  0.1102	   1.214
     416	  0.1448	  0.1096	   1.212
     417	  0.1441	  0.1089	    1.21
     418	  0.1434	  0.1082	   1.208
     419	  0.1427	  0.1075	   1.206
     420	  0.1419	  0.1067	   1.204
     421	   0.141	  0.1058	   1.201
     422	  0.1401	  0.1049	   1.199
     423	  0.1391	  0.1038	   1.197
     424	  0.1381	  0.1028	   1.195
     425	   0.137	  0.1017	   1.193
     426	  0.1359	  0.1005	   1.191
     427	  0.1348	 0.09937	   1.189
     428	  0.1336	 0.09819	   1.187
     429	  0.1324	 0.09703	   1.185
     430	  0.1312	 0.09589	   1.183
     431	    0.13	  0.0948	   1.181
     432	  0.1289	  0.0938	   1.179
     433	  0.1279	 0.09289	   1.177
     434	  0.1269	 0.09206	   1.175
     435	  0.1261	 0.09131	   1.173
     436	  0.1252	 0.09059	   1.171
     437	  0.1244	 0.08987	   1.169
     438	  0.1236	 0.08911	   1.167
     439	  0.1227	 0.08832	   1.165
     440	  0.1217	 0.08749	   1.163
     441	  0.1207	 0.08663	   1.162
     442	  0.1196	 0.08579	    1.16
     443	  0.1185	 0.08499	   1.158
     444	  0.1175	 0.08425	   1.156
     445	  0.1164	 0.08357	   1.154
     446	  0.1154	 0.08293	   1.152
     447	  0.1144	 0.08231	    1.15
     448	  0.1134	 0.08167	   1.148
     449	  0.1124	 0.08101	   1.146
     450	  0.1114	 0.08032	   1.145
     451	  0.1104	 0.07962	   1.143
     452	  0.1095	 0.07892	   1.141
     453	  0.1086	 0.07825	   1.139
     454	  0.1078	 0.07763	   1.137
     455	  0.1071	 0.07704	   1.135
     456	  0.1064	 0.07648	   1.134
     457	  0.1058	 0.07594	   1.132
     458	  0.1052	 0.07539	    1.13
     459	  0.1045	 0.07484	   1.128
     460	  0.1038	 0.07431	   1.126
     461	  0.1032	 0.07379	   1.125
     462	  0.1026	 0.07332	   1.123
     463	  0.1021	 0.07289	   1.121
     464	  0.1017	 0.07252	   1.119
     465	  0.1013	 0.07219	   1.118
     466	  0.1009	 0.07189	   1.116
     467	  0.1005	 0.07159	   1.114
     468	  0.1001	 0.07129	   1.112
     469	 0.09961	 0.07098	   1.111
     470	 0.09907	 0.07065	   1.109
     471	 0.09849	 0.07031	   1.107
     472	 0.09788	 0.06998	   1.106
     473	 0.09727	 0.06965	   1.104
     474	 0.09665	 0.06932	   1.102
     475	 0.09604	 0.06899	     1.1
     476	 0.09544	 0.06865	   1.099
     477	 0.09483	  0.0683	   1.097
     478	 0.09422	 0.06793	   1.095
     479	  0.0936	 0.06755	   1.094
     480	 0.09298	 0.06717	   1.092
     481	 0.09235	 0.06678	    1.09
     482	 0.09171	 0.06639	   1.089
     483	 0.09105	 0.06599	   1.087
     484	 0.09036	 0.06557	   1.086
     485	 0.08965	 0.06514	   1.084
     486	 0.08893	  0.0647	   1.082
     487	 0.08819	 0.06424	   1.081
     488	 0.08743	 0.06377	   1.079
     489	 0.08665	 0.06329	   1.077
     490	 0.08588	 0.06281	   1.076
     491	  0.0851	 0.06233	   1.074
     492	 0.08435	 0.06188	   1.073
     493	 0.08362	 0.06146	   1.071
     494	 0.08293	 0.06108	    1.07
     495	 0.08225	 0.06072	   1.068
     496	 0.08159	 0.06039	   1.066
     497	 0.08092	 0.06005	   1.065
     498	 0.08025	  0.0597	   1.063
     499	 0.07956	 0.05932	   1.062
     500	 0.07887	 0.05893	    1.06
     501	 0.07818	 0.05851	   1.059
     502	 0.07749	 0.05808	   1.057
     503	  0.0768	 0.05764	   1.056
     504	 0.07611	 0.05719	   1.054
     505	  0.0754	 0.05673	   1.053
     506	 0.07466	 0.05626	   1.051
     507	  0.0739	 0.05578	   1.049
     508	 0.07313	  0.0553	   1.048
     509	 0.07237	 0.05482	   1.046
     510	 0.07164	 0.05437	   1.045
     511	 0.07097	 0.05396	   1.044
     512	 0.07037	  0.0536	   1.042
     513	 0.06983	 0.05327	   1.041
     514	 0.06934	 0.05299	   1.039
     515	 0.06888	 0.05272	   1.038
     516	 0.06841	 0.05245	   1.036
     517	 0.06792	 0.05216	   1.035
     518	 0.06739	 0.05185	   1.033
     519	 0.06682	 0.05151	   1.032
     520	 0.06623	 0.05115	    1.03
     521	 0.06562	 0.05079	   1.029
     522	 0.06502	 0.05044	   1.027
     523	 0.06443	 0.05012	   1.026
     524	 0.06386	 0.04981	   1.025
     525	 0.06333	 0.04953	   1.023
     526	 0.06282	 0.04926	   1.022
     527	 0.06233	   0.049	    1.02
     528	 0.06185	 0.04874	   1.019
     529	 0.06136	 0.04847	   1.018
     530	 0.06086	 0.04818	   1.016
     531	 0.06035	 0.04787	   1.015
     532	 0.05982	 0.04753	   1.013
     533	 0.05929	 0.04715	   1.012
     534	 0.05875	 0.04675	   1.011
     535	 0.05821	 0.04631	   1.009
     536	 0.05768	 0.04584	   1.008
     537	 0.05714	 0.04535	   1.006
     538	  0.0566	 0.04486	   1.005
     539	 0.05606	 0.04437	   1.004
     540	 0.05552	 0.04391	   1.002
     541	 0.05499	 0.04351	   1.001
     542	 0.05447	 0.04318	  0.9997
     543	 0.05398	 0.04291	  0.9984
     544	 0.05353	 0.04272	  0.9971
     545	 0.05312	 0.04257	  0.9957
     546	 0.05275	 0.04245	  0.9944
     547	 0.05241	 0.04234	  0.9931
     548	  0.0521	 0.04222	  0.9918
     549	 0.05179	 0.04208	  0.9904
     550	 0.05146	 0.04192	  0.9891
     551	 0.05109	 0.04173	  0.9878
     552	 0.05068	 0.04151	  0.9865
     553	 0.05021	 0.04126	  0.9852
     554	 0.04972	 0.04099	  0.9839
     555	 0.04921	 0.04071	  0.9826
     556	 0.04872	 0.04043	  0.9814
     557	 0.04828	 0.04017	  0.9801
     558	  0.0479	 0.03993	  0.9788
     559	 0.04757	 0.03971	  0.9775
     560	 0.04731	 0.03951	  0.9763
     561	 0.04707	 0.03932	   0.975
     562	 0.04686	 0.03912	  0.9737
     563	 0.04664	 0.03891	  0.9725
     564	 0.04641	 0.03868	  0.9712
     565	 0.04617	 0.03846	    0.97
     566	 0.04594	 0.03824	  0.9687
     567	 0.04571	 0.03805	  0.9675
     568	  0.0455	 0.03789	  0.9662
     569	 0.04532	 0.03776	   0.965
     570	 0.04514	 0.03765	  0.9638
     571	 0.04496	 0.03754	  0.9625
     572	 0.04476	  0.0374	  0.9613
     573	 0.04452	 0.03723	  0.9601
     574	 0.04425	 0.03702	  0.9589
     575	 0.04393	 0.03678	  0.9577
     576	  0.0436	 0.03652	  0.9565
     577	 0.04327	 0.03625	  0.9552
     578	 0.04298	 0.03602	   0.954
     579	 0.04274	 0.03582	  0.9528
     580	 0.04256	 0.03566	  0.9516
     581	 0.04245	 0.03555	  0.9505
     582	 0.04239	 0.03548	  0.9493
     583	 0.04237	 0.03543	  0.9481
     584	 0.04236	 0.03538	  0.9469
     585	 0.04234	 0.03533	  0.9457
     586	 0.04228	 0.03525	  0.9446
     587	 0.04218	 0.03515	  0.9434
     588	 0.04204	 0.03502	  0.9422
     589	 0.04185	 0.03487	   0.941
     590	 0.04162	  0.0347	  0.9399
     591	 0.04137	 0.03451	  0.9387
     592	 0.04109	 0.03433	  0.9376
     593	 0.04082	 0.03415	  0.9364
     594	 0.04054	 0.03398	  0.9353
     595	 0.04029	 0.03382	  0.9341
     596	 0.04005	 0.03367	   0.933
     597	 0.03984	 0.03354	  0.9319
     598	 0.03966	 0.03342	  0.9307
     599	 0.03949	  0.0333	  0.9296
     600	 0.03933	 0.03318	  0.9285
     601	 0.03916	 0.03305	  0.9273
     602	 0.03899	  0.0329	  0.9262
     603	  0.0388	 0.03275	  0.9251
     604	 0.03862	  0.0326	   0.924
     605	 0.03844	 0.03246	  0.9229
     606	 0.03828	 0.03233	  0.9218
     607	 0.03814	 0.03222	  0.9207
     608	 0.03801	 0.03212	  0.9196
     609	 0.03789	 0.03202	  0.9185
     610	 0.03777	 0.03191	  0.9174
     611	 0.03766	 0.03178	  0.9163
     612	 0.03753	 0.03164	  0.9152
     613	 0.03741	 0.03149	  0.9141
     614	  0.0373	 0.03133	   0.913
     615	 0.03719	 0.03118	  0.9119
     616	 0.03709	 0.03104	  0.9109
     617	   0.037	  0.0309	  0.9098
     618	 0.03691	 0.03078	  0.9087
     619	 0.03681	 0.03066	  0.9076
     620	 0.03671	 0.03055	  0.9066
     621	 0.03661	 0.03044	  0.9055
     622	 0.03652	 0.03032	  0.9045
     623	 0.03644	 0.03021	  0.9034
     624	 0.03638	 0.03011	  0.9023
     625	 0.03636	 0.03003	  0.9013
     626	 0.03637	 0.02998	  0.9003
     627	 0.03638	 0.02995	  0.8992
     628	  0.0364	 0.02992	  0.8982
     629	 0.03639	  0.0299	  0.8971
     630	 0.03634	 0.02987	  0.8961
     631	 0.03625	  0.0298	  0.8951
     632	 0.03612	 0.02969	   0.894
     633	 0.03598	 0.02957	   0.893
     634	 0.03585	 0.02942	   0.892
     635	 0.03575	 0.02928	   0.891
     636	 0.03568	 0.02915	  0.8899
     637	 0.03563	 0.02903	  0.8889
     638	 0.03558	 0.02891	  0.8879
     639	 0.03552	  0.0288	  0.8869
     640	 0.03543	 0.02868	  0.8859
     641	 0.03529	 0.02855	  0.8849
     642	 0.03513	 0.02841	  0.8839
     643	 0.03495	 0.02829	  0.8829
     644	 0.03478	 0.02817	  0.8819
     645	 0.03462	 0.02807	  0.8809
     646	 0.03447	 0.02798	  0.8799
     647	 0.03434	  0.0279	  0.8789
     648	 0.03422	 0.02782	  0.8779
     649	 0.03409	 0.02772	  0.8769
     650	 0.03395	 0.02761	  0.8759
     651	 0.03381	 0.02747	   0.875
     652	 0.03368	 0.02731	   0.874
     653	 0.03357	 0.02714	   0.873
     654	 0.03351	 0.02698	   0.872
     655	  0.0335	 0.02683	  0.8711
     656	 0.03357	 0.02671	  0.8701
     657	 0.03369	 0.02663	  0.8691
     658	 0.03388	 0.02657	  0.8682
     659	  0.0341	 0.02653	  0.8672
     660	 0.03436	 0.02649	  0.8663
     661	 0.03463	 0.02643	  0.8653
     662	  0.0349	 0.02635	  0.8644
     663	 0.03518	 0.02625	  0.8634
     664	 0.03545	 0.02614	  0.8625
     665	 0.03572	 0.02601	  0.8615
     666	 0.03599	  0.0259	  0.8606
     667	 0.03625	  0.0258	  0.8596
     668	 0.03648	 0.02572	  0.8587
     669	 0.03668	 0.02565	  0.8578
     670	 0.03681	 0.02558	  0.8568
     671	 0.03688	 0.02551	  0.8559
     672	 0.03689	 0.02543	   0.855
     673	 0.03682	 0.02535	  0.8541
     674	  0.0367	 0.02525	  0.8531
     675	 0.03653	 0.02515	  0.8522
     676	 0.03632	 0.02504	  0.8513
     677	 0.03606	 0.02493	  0.8504
     678	 0.03575	 0.02483	  0.8495
     679	  0.0354	 0.02476	  0.8486
     680	   0.035	 0.02471	  0.8477
     681	 0.03455	  0.0247	  0.8468
     682	 0.03409	 0.02475	  0.8459
     683	 0.03361	 0.02484	   0.845
     684	 0.03313	 0.02495	  0.8441
     685	 0.03265	 0.02507	  0.8432
     686	 0.03218	 0.02517	  0.8423
     687	 0.03169	 0.02524	  0.8414
     688	 0.03121	 0.02525	  0.8405
     689	 0.03073	 0.02522	  0.8396
     690	 0.03024	 0.02514	  0.8387
     691	 0.02977	 0.02503	  0.8378
     692	 0.02932	 0.02489	  0.8369
     693	 0.02889	 0.02474	  0.8361
     694	 0.02848	 0.02459	  0.8352
     695	 0.02808	 0.02444	  0.8343
     696	  0.0277	 0.02431	  0.8334
     697	 0.02733	  0.0242	  0.8326
     698	 0.02699	  0.0241	  0.8317
     699	 0.02669	 0.02403	  0.8308
     700	 0.02644	 0.02399	    0.83
     701	 0.02625	 0.02396	  0.8291
     702	 0.02614	 0.02396	  0.8283
     703	 0.02608	 0.02398	  0.8274
     704	 0.02605	   0.024	  0.8265
     705	 0.02604	 0.02401	  0.8257
     706	 0.02603	 0.02402	  0.8248
     707	   0.026	 0.02401	   0.824
     708	 0.02595	 0.02397	  0.8231
     709	 0.02589	  0.0239	  0.8223
     710	 0.02579	 0.02381	  0.8215
     711	 0.02567	 0.02369	  0.8206
     712	 0.02553	 0.02358	  0.8198
     713	 0.02538	 0.02346	  0.8189
     714	 0.02522	 0.02336	  0.8181
     715	 0.02506	 0.02327	  0.8173
     716	 0.02494	  0.0232	  0.8164
     717	 0.02484	 0.02314	  0.8156
     718	 0.02477	 0.02308	  0.8148
     719	 0.02473	 0.02301	   0.814
     720	 0.02471	 0.02294	  0.8131
     721	 0.02469	 0.02287	  0.8123
     722	 0.02467	 0.02281	  0.8115
     723	 0.02463	 0.02277	  0.8107
     724	 0.02458	 0.02275	  0.8099
     725	  0.0245	 0.02275	  0.8091
     726	  0.0244	 0.02275	  0.8082
     727	 0.02426	 0.02273	  0.8074
     728	 0.02411	 0.02267	  0.8066
     729	 0.02393	 0.02258	  0.8058
     730	 0.02374	 0.02244	   0.805
     731	 0.02355	 0.02228	  0.8042
     732	 0.02337	  0.0221	  0.8034
     733	  0.0232	 0.02192	  0.8026
     734	 0.02307	 0.02176	  0.8018
     735	 0.02296	 0.02161	   0.801
     736	 0.02288	 0.02149	  0.8002
     737	 0.02283	  0.0214	  0.7995
     738	  0.0228	 0.02134	  0.7987
     739	 0.02279	 0.02129	  0.7979
     740	 0.02277	 0.02127	  0.7971
     741	 0.02274	 0.02124	  0.7963
     742	 0.02266	 0.02119	  0.7955
     743	 0.02256	 0.02111	  0.7947
     744	 0.02241	   0.021	   0.794
     745	 0.02225	 0.02087	  0.7932
     746	  0.0221	 0.02075	  0.7924
     747	 0.02198	 0.02068	  0.7917
     748	 0.02191	 0.02067	  0.7909
     749	  0.0219	 0.02074	  0.7901
     750	 0.02192	 0.02087	  0.7893
     751	 0.02195	 0.02103	  0.7886
     752	 0.02196	 0.02116	  0.7878
     753	 0.02191	 0.02121	  0.7871
     754	 0.02179	 0.02117	  0.7863
     755	  0.0216	 0.02102	  0.7855
     756	 0.02135	 0.02079	  0.7848
     757	 0.02108	 0.02052	   0.784
     758	 0.02082	 0.02026	  0.7833
     759	 0.02062	 0.02005	  0.7825
     760	 0.02049	  0.0199	  0.7818
     761	 0.02044	 0.01984	   0.781
     762	 0.02045	 0.01984	  0.7803
     763	 0.02052	 0.01989	  0.7795
     764	  0.0206	 0.01997	  0.7788
     765	 0.02068	 0.02007	  0.7781
     766	 0.02072	 0.02016	  0.7773
     767	 0.02071	 0.02023	  0.7766
     768	 0.02064	 0.02025	  0.7758
     769	 0.02053	 0.02022	  0.7751
     770	 0.02038	 0.02015	  0.7744
     771	 0.02024	 0.02005	  0.7736
     772	 0.02013	 0.01995	  0.7729
     773	 0.02007	 0.01986	  0.7722
     774	 0.02005	  0.0198	  0.7715
     775	 0.02006	 0.01976	  0.7707
     776	 0.02007	 0.01972	    0.77
     777	 0.02006	 0.01969	  0.7693
     778	 0.02002	 0.01965	  0.7686
     779	 0.01995	 0.01961	  0.7679
     780	 0.01988	 0.01957	  0.7671
     781	 0.01981	 0.01956	  0.7664
     782	 0.01976	 0.01957	  0.7657
     783	 0.01973	  0.0196	   0.765
     784	  0.0197	 0.01963	  0.7643
     785	 0.01966	 0.01963	  0.7636
     786	 0.01962	 0.01959	  0.7629
     787	 0.01958	 0.01951	  0.7622
     788	 0.01954	 0.01938	  0.7615
     789	 0.01953	 0.01924	  0.7608
     790	 0.01955	 0.01911	  0.7601
     791	 0.01959	 0.01901	  0.7594
     792	 0.01965	 0.01894	  0.7587
     793	 0.01969	 0.01891	   0.758
     794	 0.01969	 0.01888	  0.7573
     795	 0.01962	 0.01884	  0.7566
     796	 0.01946	 0.01876	  0.7559
     797	 0.01922	 0.01864	  0.7552
     798	 0.01889	 0.01847	  0.7545
     799	 0.01852	 0.01826	  0.7538
     800	 0.01814	 0.01802	  0.7531
     801	 0.01779	  0.0178	  0.7525
     802	 0.01753	 0.01763	  0.7518
     803	 0.01738	 0.01754	  0.7511
     804	 0.01736	 0.01755	  0.7504
     805	 0.01748	 0.01767	  0.7497
     806	 0.01771	 0.01789	  0.7491
     807	 0.01798	 0.01815	  0.7484
     808	 0.01826	 0.01842	  0.7477
     809	 0.01851	 0.01864	   0.747
     810	 0.01869	  0.0188	  0.7464
     811	 0.01883	 0.01889	  0.7457
     812	 0.01894	 0.01893	   0.745
     813	 0.01904	 0.01894	  0.7444
     814	 0.01915	 0.01895	  0.7437
     815	 0.01927	 0.01896	   0.743
     816	 0.01937	 0.01896	  0.7424
     817	 0.01944	 0.01894	  0.7417
     818	 0.01944	 0.01887	   0.741
     819	 0.01936	 0.01876	  0.7404
     820	 0.01922	 0.01861	  0.7397
     821	 0.01903	 0.01842	  0.7391
     822	 0.01881	 0.01819	  0.7384
     823	 0.01856	 0.01793	  0.7378
     824	 0.01829	 0.01764	  0.7371
     825	 0.01798	 0.01731	  0.7365
     826	 0.01763	 0.01696	  0.7358
     827	 0.01725	 0.01659	  0.7352
     828	 0.01684	 0.01623	  0.7345
     829	 0.01643	 0.01589	  0.7339
     830	 0.01603	 0.01559	  0.7332
     831	 0.01567	 0.01533	  0.7326
     832	 0.01536	 0.01513	   0.732
     833	 0.01512	 0.01499	  0.7313
     834	 0.01493	  0.0149	  0.7307
     835	 0.01478	 0.01486	    0.73
     836	 0.01464	 0.01483	  0.7294
     837	 0.01447	 0.01478	  0.7288
     838	 0.01427	 0.01468	  0.7281
     839	 0.01402	 0.01452	  0.7275
     840	 0.01376	 0.01432	  0.7269
     841	 0.01352	 0.01413	  0.7263
     842	 0.01335	   0.014	  0.7256
     843	  0.0133	 0.01399	   0.725
     844	 0.01337	 0.01412	  0.7244
     845	 0.01357	 0.01437	  0.7237
     846	 0.01387	 0.01472	  0.7231
     847	 0.01422	 0.01508	  0.7225
     848	 0.01459	 0.01539	  0.7219
     849	  0.0149	 0.01556	  0.7213
     850	  0.0151	 0.01554	  0.7206
