/*
Particulate absorption and scattering spectra, normalized by SPM 
Scattering spectra from ac-s power-function fit 400-700 nm scaled by LISST-VSF scattering coefficient at 532 nm 
Total (a_p) and MeOH-extracted (a_d) absorption spectra from UV/VIS spectrophotometer measurements with GF/F filter inside 15-cm integrating sphere
Correction for filter-pad pathlength amplification from Stramski et al. 2015 

Lat, Lon = 70.276, -147.211
Date Time UTC = 09-Sep-2018 17:44:12
Depth = 1.6 m
SPM = 8.20 g/m3
POC = 310.11 mg/m3
PSD power-law exponent (~1.5-147 µm) = 3.44 
Scattering spectra power-function exponent (400-700 nm) = 0.566 

Created by Daniel Koestner on 15-Jan-2024 15:28:37
Data Version: V4_10-Nov-2023

Column 1: wavelength [nm]
Column 2: a_p [m^2/g]
Column 3: a_d [m^2/g]
Column 4: b_p [m^2/g]
*/
     290	  0.2623	  0.2317	   1.253
     291	  0.2618	  0.2309	   1.251
     292	  0.2611	  0.2301	   1.248
     293	  0.2603	  0.2293	   1.246
     294	  0.2594	  0.2284	   1.243
     295	  0.2585	  0.2274	   1.241
     296	  0.2575	  0.2265	   1.239
     297	  0.2565	  0.2256	   1.236
     298	  0.2555	  0.2247	   1.234
     299	  0.2545	  0.2239	   1.232
     300	  0.2534	  0.2231	   1.229
     301	  0.2524	  0.2223	   1.227
     302	  0.2514	  0.2215	   1.225
     303	  0.2504	  0.2207	   1.222
     304	  0.2495	  0.2199	    1.22
     305	  0.2485	   0.219	   1.218
     306	  0.2476	  0.2181	   1.216
     307	  0.2466	  0.2171	   1.213
     308	  0.2457	  0.2162	   1.211
     309	  0.2447	  0.2153	   1.209
     310	  0.2438	  0.2145	   1.207
     311	  0.2428	  0.2137	   1.204
     312	  0.2419	   0.213	   1.202
     313	   0.241	  0.2123	     1.2
     314	  0.2402	  0.2117	   1.198
     315	  0.2394	   0.211	   1.196
     316	  0.2386	  0.2104	   1.194
     317	  0.2378	  0.2097	   1.192
     318	   0.237	   0.209	   1.189
     319	  0.2361	  0.2082	   1.187
     320	  0.2352	  0.2074	   1.185
     321	  0.2342	  0.2066	   1.183
     322	  0.2332	  0.2059	   1.181
     323	  0.2323	  0.2051	   1.179
     324	  0.2313	  0.2043	   1.177
     325	  0.2304	  0.2036	   1.175
     326	  0.2295	  0.2028	   1.173
     327	  0.2286	  0.2021	   1.171
     328	  0.2277	  0.2013	   1.169
     329	  0.2269	  0.2005	   1.167
     330	   0.226	  0.1996	   1.165
     331	  0.2251	  0.1987	   1.163
     332	  0.2242	  0.1978	   1.161
     333	  0.2232	  0.1969	   1.159
     334	  0.2223	   0.196	   1.157
     335	  0.2213	  0.1952	   1.155
     336	  0.2203	  0.1944	   1.153
     337	  0.2194	  0.1936	   1.151
     338	  0.2184	  0.1928	   1.149
     339	  0.2174	   0.192	   1.147
     340	  0.2164	  0.1912	   1.145
     341	  0.2153	  0.1904	   1.143
     342	  0.2143	  0.1895	   1.141
     343	  0.2133	  0.1887	    1.14
     344	  0.2123	  0.1879	   1.138
     345	  0.2114	  0.1871	   1.136
     346	  0.2104	  0.1863	   1.134
     347	  0.2095	  0.1855	   1.132
     348	  0.2085	  0.1848	    1.13
     349	  0.2076	   0.184	   1.128
     350	  0.2067	  0.1832	   1.127
     351	  0.2058	  0.1824	   1.125
     352	  0.2049	  0.1816	   1.123
     353	  0.2039	  0.1807	   1.121
     354	   0.203	  0.1798	   1.119
     355	   0.202	  0.1788	   1.118
     356	   0.201	  0.1778	   1.116
     357	  0.1999	  0.1768	   1.114
     358	  0.1988	  0.1757	   1.112
     359	  0.1976	  0.1746	   1.111
     360	  0.1965	  0.1735	   1.109
     361	  0.1953	  0.1724	   1.107
     362	  0.1941	  0.1714	   1.105
     363	   0.193	  0.1703	   1.104
     364	  0.1919	  0.1693	   1.102
     365	  0.1908	  0.1683	     1.1
     366	  0.1898	  0.1673	   1.098
     367	  0.1887	  0.1663	   1.097
     368	  0.1876	  0.1652	   1.095
     369	  0.1865	  0.1642	   1.093
     370	  0.1853	  0.1631	   1.092
     371	  0.1842	  0.1621	    1.09
     372	  0.1831	   0.161	   1.088
     373	  0.1819	  0.1598	   1.087
     374	  0.1807	  0.1587	   1.085
     375	  0.1794	  0.1574	   1.083
     376	   0.178	  0.1561	   1.082
     377	  0.1764	  0.1546	    1.08
     378	  0.1748	  0.1531	   1.079
     379	  0.1732	  0.1516	   1.077
     380	  0.1715	  0.1501	   1.075
     381	    0.17	  0.1487	   1.074
     382	  0.1685	  0.1473	   1.072
     383	  0.1671	   0.146	   1.071
     384	  0.1657	  0.1448	   1.069
     385	  0.1645	  0.1436	   1.067
     386	  0.1632	  0.1424	   1.066
     387	   0.162	  0.1413	   1.064
     388	  0.1608	  0.1403	   1.063
     389	  0.1596	  0.1392	   1.061
     390	  0.1584	  0.1382	    1.06
     391	  0.1573	  0.1372	   1.058
     392	  0.1561	  0.1361	   1.057
     393	  0.1549	  0.1349	   1.055
     394	  0.1536	  0.1338	   1.054
     395	  0.1524	  0.1325	   1.052
     396	  0.1511	  0.1313	   1.051
     397	  0.1499	  0.1301	   1.049
     398	  0.1487	  0.1289	   1.048
     399	  0.1475	  0.1277	   1.046
     400	  0.1463	  0.1265	   1.045
     401	  0.1451	  0.1254	   1.043
     402	   0.144	  0.1242	   1.042
     403	  0.1428	  0.1231	    1.04
     404	  0.1417	   0.122	   1.039
     405	  0.1405	  0.1209	   1.037
     406	  0.1395	  0.1199	   1.036
     407	  0.1385	   0.119	   1.034
     408	  0.1376	  0.1182	   1.033
     409	  0.1366	  0.1174	   1.032
     410	  0.1358	  0.1166	    1.03
     411	  0.1349	  0.1158	   1.029
     412	  0.1341	   0.115	   1.027
     413	  0.1333	  0.1143	   1.026
     414	  0.1325	  0.1135	   1.024
     415	  0.1317	  0.1126	   1.023
     416	  0.1309	  0.1118	   1.022
     417	    0.13	   0.111	    1.02
     418	  0.1292	  0.1101	   1.019
     419	  0.1282	  0.1092	   1.018
     420	  0.1273	  0.1083	   1.016
     421	  0.1263	  0.1073	   1.015
     422	  0.1253	  0.1063	   1.013
     423	  0.1243	  0.1054	   1.012
     424	  0.1234	  0.1044	   1.011
     425	  0.1224	  0.1034	   1.009
     426	  0.1214	  0.1024	   1.008
     427	  0.1204	  0.1014	   1.007
     428	  0.1194	  0.1004	   1.005
     429	  0.1184	 0.09943	   1.004
     430	  0.1173	 0.09842	   1.003
     431	  0.1164	 0.09743	   1.001
     432	  0.1154	 0.09645	       1
     433	  0.1145	 0.09552	  0.9988
     434	  0.1136	 0.09463	  0.9975
     435	  0.1127	 0.09378	  0.9962
     436	  0.1118	 0.09298	  0.9949
     437	   0.111	 0.09221	  0.9936
     438	  0.1101	 0.09146	  0.9923
     439	  0.1092	 0.09072	  0.9911
     440	  0.1084	 0.08999	  0.9898
     441	  0.1075	 0.08927	  0.9885
     442	  0.1067	 0.08856	  0.9873
     443	  0.1059	 0.08784	   0.986
     444	  0.1051	 0.08712	  0.9847
     445	  0.1043	 0.08641	  0.9835
     446	  0.1035	 0.08572	  0.9822
     447	  0.1027	 0.08505	   0.981
     448	  0.1019	 0.08442	  0.9798
     449	  0.1011	 0.08382	  0.9785
     450	  0.1003	 0.08327	  0.9773
     451	 0.09957	 0.08275	  0.9761
     452	 0.09887	 0.08225	  0.9748
     453	 0.09821	 0.08177	  0.9736
     454	  0.0976	  0.0813	  0.9724
     455	 0.09702	 0.08084	  0.9712
     456	 0.09648	 0.08038	    0.97
     457	 0.09598	 0.07993	  0.9688
     458	  0.0955	 0.07949	  0.9676
     459	 0.09503	 0.07905	  0.9664
     460	 0.09458	 0.07861	  0.9652
     461	 0.09412	 0.07818	   0.964
     462	 0.09366	 0.07777	  0.9628
     463	  0.0932	 0.07737	  0.9617
     464	 0.09274	 0.07699	  0.9605
     465	 0.09229	 0.07663	  0.9593
     466	 0.09184	 0.07629	  0.9582
     467	 0.09139	 0.07595	   0.957
     468	 0.09093	 0.07561	  0.9558
     469	 0.09045	 0.07524	  0.9547
     470	 0.08996	 0.07487	  0.9535
     471	 0.08945	 0.07448	  0.9524
     472	 0.08893	  0.0741	  0.9512
     473	 0.08843	 0.07373	  0.9501
     474	 0.08794	 0.07339	   0.949
     475	 0.08748	 0.07307	  0.9478
     476	 0.08703	 0.07277	  0.9467
     477	  0.0866	 0.07249	  0.9456
     478	 0.08616	 0.07219	  0.9445
     479	  0.0857	 0.07188	  0.9434
     480	 0.08521	 0.07153	  0.9422
     481	  0.0847	 0.07114	  0.9411
     482	 0.08415	 0.07072	    0.94
     483	 0.08358	 0.07026	  0.9389
     484	 0.08299	  0.0698	  0.9378
     485	 0.08241	 0.06933	  0.9367
     486	 0.08182	 0.06887	  0.9356
     487	 0.08125	 0.06842	  0.9346
     488	 0.08068	 0.06796	  0.9335
     489	 0.08011	 0.06751	  0.9324
     490	 0.07954	 0.06705	  0.9313
     491	 0.07896	 0.06659	  0.9302
     492	 0.07839	 0.06612	  0.9292
     493	 0.07781	 0.06566	  0.9281
     494	 0.07723	  0.0652	   0.927
     495	 0.07666	 0.06474	   0.926
     496	 0.07609	 0.06429	  0.9249
     497	 0.07552	 0.06385	  0.9239
     498	 0.07496	  0.0634	  0.9228
     499	 0.07439	 0.06296	  0.9218
     500	 0.07381	 0.06252	  0.9207
     501	 0.07323	 0.06208	  0.9197
     502	 0.07265	 0.06164	  0.9187
     503	 0.07206	 0.06121	  0.9176
     504	 0.07148	 0.06079	  0.9166
     505	 0.07089	 0.06037	  0.9156
     506	 0.07031	 0.05996	  0.9145
     507	 0.06972	 0.05955	  0.9135
     508	 0.06912	 0.05913	  0.9125
     509	 0.06851	  0.0587	  0.9115
     510	  0.0679	 0.05827	  0.9105
     511	  0.0673	 0.05784	  0.9095
     512	 0.06671	 0.05741	  0.9085
     513	 0.06614	 0.05699	  0.9075
     514	 0.06561	 0.05659	  0.9065
     515	 0.06511	  0.0562	  0.9055
     516	 0.06463	 0.05582	  0.9045
     517	 0.06417	 0.05545	  0.9035
     518	 0.06372	 0.05508	  0.9025
     519	 0.06326	  0.0547	  0.9015
     520	 0.06279	 0.05432	  0.9005
     521	 0.06231	 0.05394	  0.8995
     522	 0.06182	 0.05356	  0.8986
     523	 0.06133	 0.05318	  0.8976
     524	 0.06085	 0.05281	  0.8966
     525	 0.06038	 0.05245	  0.8957
     526	 0.05992	  0.0521	  0.8947
     527	 0.05949	 0.05176	  0.8937
     528	 0.05907	 0.05143	  0.8928
     529	 0.05866	  0.0511	  0.8918
     530	 0.05826	 0.05077	  0.8909
     531	 0.05785	 0.05043	  0.8899
     532	 0.05742	 0.05008	   0.889
     533	 0.05698	 0.04971	   0.888
     534	 0.05653	 0.04934	  0.8871
     535	 0.05608	 0.04897	  0.8862
     536	 0.05563	 0.04861	  0.8852
     537	 0.05519	 0.04825	  0.8843
     538	 0.05478	 0.04792	  0.8834
     539	 0.05439	 0.04762	  0.8824
     540	 0.05403	 0.04733	  0.8815
     541	 0.05369	 0.04707	  0.8806
     542	 0.05336	  0.0468	  0.8797
     543	 0.05302	 0.04654	  0.8787
     544	 0.05269	 0.04626	  0.8778
     545	 0.05234	 0.04598	  0.8769
     546	 0.05199	 0.04569	   0.876
     547	 0.05164	  0.0454	  0.8751
     548	 0.05128	 0.04512	  0.8742
     549	 0.05094	 0.04486	  0.8733
     550	  0.0506	 0.04461	  0.8724
     551	 0.05027	 0.04438	  0.8715
     552	 0.04995	 0.04416	  0.8706
     553	 0.04962	 0.04395	  0.8697
     554	 0.04929	 0.04375	  0.8688
     555	 0.04896	 0.04353	  0.8679
     556	 0.04864	 0.04332	  0.8671
     557	 0.04833	 0.04311	  0.8662
     558	 0.04804	 0.04289	  0.8653
     559	 0.04778	 0.04268	  0.8644
     560	 0.04753	 0.04248	  0.8636
     561	 0.04729	 0.04228	  0.8627
     562	 0.04706	 0.04208	  0.8618
     563	 0.04683	 0.04189	  0.8609
     564	 0.04659	  0.0417	  0.8601
     565	 0.04635	 0.04151	  0.8592
     566	  0.0461	 0.04132	  0.8584
     567	 0.04585	 0.04112	  0.8575
     568	 0.04559	 0.04092	  0.8566
     569	 0.04534	 0.04072	  0.8558
     570	 0.04509	  0.0405	  0.8549
     571	 0.04484	 0.04029	  0.8541
     572	 0.04459	 0.04008	  0.8533
     573	 0.04435	 0.03987	  0.8524
     574	 0.04412	 0.03968	  0.8516
     575	  0.0439	 0.03949	  0.8507
     576	 0.04368	 0.03931	  0.8499
     577	 0.04347	 0.03913	  0.8491
     578	 0.04328	 0.03897	  0.8482
     579	  0.0431	 0.03881	  0.8474
     580	 0.04293	 0.03866	  0.8466
     581	 0.04277	 0.03851	  0.8458
     582	 0.04263	 0.03837	  0.8449
     583	 0.04249	 0.03823	  0.8441
     584	 0.04235	 0.03809	  0.8433
     585	 0.04221	 0.03796	  0.8425
     586	 0.04207	 0.03782	  0.8417
     587	 0.04193	 0.03769	  0.8408
     588	 0.04177	 0.03756	    0.84
     589	 0.04162	 0.03743	  0.8392
     590	 0.04146	 0.03729	  0.8384
     591	 0.04129	 0.03715	  0.8376
     592	 0.04111	   0.037	  0.8368
     593	 0.04093	 0.03685	   0.836
     594	 0.04075	 0.03669	  0.8352
     595	 0.04057	 0.03653	  0.8344
     596	 0.04039	 0.03637	  0.8336
     597	 0.04022	 0.03622	  0.8329
     598	 0.04005	 0.03607	  0.8321
     599	 0.03988	 0.03593	  0.8313
     600	 0.03972	 0.03579	  0.8305
     601	 0.03955	 0.03566	  0.8297
     602	 0.03938	 0.03552	  0.8289
     603	 0.03921	  0.0354	  0.8282
     604	 0.03905	 0.03529	  0.8274
     605	  0.0389	 0.03518	  0.8266
     606	 0.03875	 0.03509	  0.8258
     607	 0.03862	   0.035	  0.8251
     608	 0.03849	  0.0349	  0.8243
     609	 0.03837	  0.0348	  0.8235
     610	 0.03825	 0.03468	  0.8228
     611	 0.03813	 0.03456	   0.822
     612	   0.038	 0.03442	  0.8212
     613	 0.03787	 0.03428	  0.8205
     614	 0.03773	 0.03414	  0.8197
     615	  0.0376	   0.034	   0.819
     616	 0.03747	 0.03387	  0.8182
     617	 0.03733	 0.03374	  0.8175
     618	  0.0372	  0.0336	  0.8167
     619	 0.03707	 0.03346	   0.816
     620	 0.03695	 0.03332	  0.8152
     621	 0.03683	 0.03317	  0.8145
     622	 0.03671	 0.03303	  0.8137
     623	 0.03659	 0.03288	   0.813
     624	 0.03648	 0.03274	  0.8123
     625	 0.03636	 0.03261	  0.8115
     626	 0.03626	 0.03248	  0.8108
     627	 0.03615	 0.03236	  0.8101
     628	 0.03605	 0.03224	  0.8093
     629	 0.03596	 0.03213	  0.8086
     630	 0.03586	 0.03203	  0.8079
     631	 0.03577	 0.03192	  0.8072
     632	 0.03567	 0.03182	  0.8064
     633	 0.03557	 0.03171	  0.8057
     634	 0.03547	 0.03161	   0.805
     635	 0.03536	 0.03151	  0.8043
     636	 0.03526	 0.03141	  0.8036
     637	 0.03516	 0.03131	  0.8028
     638	 0.03506	 0.03122	  0.8021
     639	 0.03497	 0.03113	  0.8014
     640	 0.03488	 0.03104	  0.8007
     641	 0.03479	 0.03095	     0.8
     642	  0.0347	 0.03085	  0.7993
     643	 0.03461	 0.03075	  0.7986
     644	  0.0345	 0.03065	  0.7979
     645	 0.03439	 0.03053	  0.7972
     646	 0.03427	 0.03041	  0.7965
     647	 0.03415	 0.03029	  0.7958
     648	 0.03403	 0.03017	  0.7951
     649	 0.03392	 0.03005	  0.7944
     650	 0.03382	 0.02995	  0.7937
     651	 0.03374	 0.02986	   0.793
     652	 0.03368	 0.02977	  0.7923
     653	 0.03363	  0.0297	  0.7917
     654	 0.03361	 0.02964	   0.791
     655	 0.03361	 0.02957	  0.7903
     656	 0.03363	  0.0295	  0.7896
     657	 0.03366	 0.02942	  0.7889
     658	 0.03371	 0.02933	  0.7882
     659	 0.03378	 0.02923	  0.7876
     660	 0.03386	 0.02913	  0.7869
     661	 0.03395	 0.02903	  0.7862
     662	 0.03405	 0.02893	  0.7856
     663	 0.03415	 0.02882	  0.7849
     664	 0.03425	 0.02872	  0.7842
     665	 0.03435	 0.02861	  0.7835
     666	 0.03444	 0.02851	  0.7829
     667	 0.03451	 0.02839	  0.7822
     668	 0.03458	 0.02828	  0.7816
     669	 0.03463	 0.02816	  0.7809
     670	 0.03467	 0.02805	  0.7802
     671	 0.03469	 0.02794	  0.7796
     672	 0.03469	 0.02783	  0.7789
     673	 0.03467	 0.02773	  0.7783
     674	 0.03461	 0.02763	  0.7776
     675	 0.03452	 0.02753	   0.777
     676	 0.03439	 0.02743	  0.7763
     677	 0.03422	 0.02733	  0.7757
     678	 0.03402	 0.02723	   0.775
     679	 0.03378	 0.02714	  0.7744
     680	 0.03351	 0.02707	  0.7737
     681	 0.03321	   0.027	  0.7731
     682	 0.03289	 0.02695	  0.7724
     683	 0.03255	 0.02691	  0.7718
     684	 0.03219	 0.02687	  0.7712
     685	 0.03181	 0.02684	  0.7705
     686	 0.03142	  0.0268	  0.7699
     687	 0.03102	 0.02675	  0.7692
     688	 0.03063	 0.02669	  0.7686
     689	 0.03024	 0.02663	   0.768
     690	 0.02986	 0.02656	  0.7674
     691	 0.02951	 0.02649	  0.7667
     692	 0.02917	 0.02641	  0.7661
     693	 0.02886	 0.02633	  0.7655
     694	 0.02856	 0.02624	  0.7648
     695	 0.02829	 0.02614	  0.7642
     696	 0.02803	 0.02603	  0.7636
     697	  0.0278	 0.02592	   0.763
     698	 0.02758	  0.0258	  0.7624
     699	 0.02739	  0.0257	  0.7617
     700	 0.02722	  0.0256	  0.7611
     701	 0.02707	 0.02551	  0.7605
     702	 0.02693	 0.02544	  0.7599
     703	  0.0268	 0.02538	  0.7593
     704	 0.02667	 0.02533	  0.7587
     705	 0.02655	 0.02527	  0.7581
     706	 0.02643	 0.02522	  0.7575
     707	 0.02631	 0.02516	  0.7569
     708	 0.02619	 0.02509	  0.7563
     709	 0.02607	 0.02501	  0.7557
     710	 0.02595	 0.02493	   0.755
     711	 0.02584	 0.02484	  0.7544
     712	 0.02574	 0.02475	  0.7538
     713	 0.02565	 0.02467	  0.7533
     714	 0.02557	 0.02459	  0.7527
     715	 0.02552	 0.02451	  0.7521
     716	 0.02547	 0.02445	  0.7515
     717	 0.02544	 0.02439	  0.7509
     718	  0.0254	 0.02432	  0.7503
     719	 0.02537	 0.02426	  0.7497
     720	 0.02532	 0.02419	  0.7491
     721	 0.02526	 0.02411	  0.7485
     722	 0.02517	 0.02403	  0.7479
     723	 0.02507	 0.02395	  0.7473
     724	 0.02496	 0.02387	  0.7468
     725	 0.02484	 0.02379	  0.7462
     726	 0.02471	 0.02371	  0.7456
     727	 0.02458	 0.02364	   0.745
     728	 0.02446	 0.02357	  0.7444
     729	 0.02434	 0.02351	  0.7439
     730	 0.02424	 0.02345	  0.7433
     731	 0.02416	 0.02338	  0.7427
     732	 0.02408	 0.02331	  0.7421
     733	 0.02402	 0.02324	  0.7416
     734	 0.02396	 0.02318	   0.741
     735	 0.02389	 0.02311	  0.7404
     736	 0.02382	 0.02304	  0.7398
     737	 0.02373	 0.02297	  0.7393
     738	 0.02362	  0.0229	  0.7387
     739	 0.02349	 0.02282	  0.7381
     740	 0.02336	 0.02273	  0.7376
     741	 0.02323	 0.02263	   0.737
     742	 0.02311	 0.02252	  0.7365
     743	 0.02301	  0.0224	  0.7359
     744	 0.02292	 0.02228	  0.7353
     745	 0.02285	 0.02217	  0.7348
     746	  0.0228	 0.02207	  0.7342
     747	 0.02276	 0.02199	  0.7337
     748	 0.02271	 0.02194	  0.7331
     749	 0.02267	  0.0219	  0.7325
     750	 0.02263	 0.02188	   0.732
     751	 0.02258	 0.02186	  0.7314
     752	 0.02254	 0.02185	  0.7309
     753	 0.02249	 0.02185	  0.7303
     754	 0.02244	 0.02183	  0.7298
     755	 0.02239	 0.02181	  0.7292
     756	 0.02234	 0.02178	  0.7287
     757	 0.02228	 0.02174	  0.7282
     758	 0.02222	 0.02169	  0.7276
     759	 0.02215	 0.02163	  0.7271
     760	 0.02209	 0.02156	  0.7265
     761	 0.02203	 0.02149	   0.726
     762	 0.02198	 0.02142	  0.7255
     763	 0.02192	 0.02135	  0.7249
     764	 0.02185	 0.02128	  0.7244
     765	 0.02177	 0.02122	  0.7238
     766	 0.02168	 0.02115	  0.7233
     767	 0.02157	 0.02107	  0.7228
     768	 0.02146	 0.02098	  0.7222
     769	 0.02134	 0.02088	  0.7217
     770	 0.02123	 0.02078	  0.7212
     771	 0.02114	  0.0207	  0.7206
     772	 0.02108	 0.02062	  0.7201
     773	 0.02104	 0.02057	  0.7196
     774	 0.02103	 0.02054	  0.7191
     775	 0.02102	 0.02051	  0.7185
     776	   0.021	 0.02048	   0.718
     777	 0.02097	 0.02043	  0.7175
     778	 0.02092	 0.02036	   0.717
     779	 0.02085	 0.02027	  0.7165
     780	 0.02075	 0.02017	  0.7159
     781	 0.02065	 0.02006	  0.7154
     782	 0.02054	 0.01996	  0.7149
     783	 0.02045	 0.01987	  0.7144
     784	 0.02037	  0.0198	  0.7139
     785	 0.02031	 0.01975	  0.7133
     786	 0.02027	 0.01973	  0.7128
     787	 0.02024	 0.01973	  0.7123
     788	 0.02024	 0.01976	  0.7118
     789	 0.02025	 0.01982	  0.7113
     790	 0.02028	 0.01988	  0.7108
     791	  0.0203	 0.01996	  0.7103
     792	 0.02031	 0.02002	  0.7098
     793	  0.0203	 0.02006	  0.7093
     794	 0.02027	 0.02007	  0.7088
     795	  0.0202	 0.02005	  0.7083
     796	  0.0201	 0.01999	  0.7078
     797	 0.01999	 0.01989	  0.7073
     798	 0.01986	 0.01978	  0.7068
     799	 0.01972	 0.01965	  0.7062
     800	 0.01957	 0.01951	  0.7058
     801	 0.01943	 0.01937	  0.7053
     802	 0.01929	 0.01923	  0.7048
     803	 0.01917	  0.0191	  0.7043
     804	 0.01907	 0.01899	  0.7038
     805	   0.019	 0.01891	  0.7033
     806	 0.01896	 0.01886	  0.7028
     807	 0.01895	 0.01883	  0.7023
     808	 0.01896	 0.01881	  0.7018
     809	 0.01897	 0.01878	  0.7013
     810	 0.01896	 0.01875	  0.7008
     811	 0.01894	  0.0187	  0.7003
     812	  0.0189	 0.01864	  0.6998
     813	 0.01885	 0.01857	  0.6993
     814	 0.01879	 0.01851	  0.6989
     815	 0.01873	 0.01846	  0.6984
     816	 0.01867	 0.01843	  0.6979
     817	 0.01863	 0.01842	  0.6974
     818	 0.01859	 0.01843	  0.6969
     819	 0.01857	 0.01844	  0.6964
     820	 0.01856	 0.01847	   0.696
     821	 0.01855	 0.01851	  0.6955
     822	 0.01855	 0.01854	   0.695
     823	 0.01853	 0.01855	  0.6945
     824	 0.01848	 0.01854	   0.694
     825	 0.01841	 0.01849	  0.6936
     826	 0.01831	 0.01841	  0.6931
     827	  0.0182	  0.0183	  0.6926
     828	 0.01808	 0.01818	  0.6921
     829	 0.01798	 0.01806	  0.6917
     830	  0.0179	 0.01796	  0.6912
     831	 0.01785	 0.01788	  0.6907
     832	  0.0178	 0.01781	  0.6903
     833	 0.01776	 0.01775	  0.6898
     834	 0.01771	 0.01768	  0.6893
     835	 0.01765	 0.01761	  0.6889
     836	 0.01759	 0.01754	  0.6884
     837	 0.01753	 0.01747	  0.6879
     838	 0.01746	 0.01741	  0.6875
     839	 0.01739	 0.01736	   0.687
     840	 0.01733	 0.01733	  0.6865
     841	 0.01726	 0.01733	  0.6861
     842	  0.0172	 0.01736	  0.6856
     843	 0.01716	  0.0174	  0.6852
     844	 0.01714	 0.01746	  0.6847
     845	 0.01714	 0.01752	  0.6842
     846	 0.01715	 0.01758	  0.6838
     847	 0.01716	 0.01761	  0.6833
     848	 0.01715	 0.01762	  0.6829
     849	 0.01711	 0.01759	  0.6824
     850	 0.01702	 0.01752	   0.682
