/*
Particulate absorption and scattering spectra, normalized by SPM 
Scattering spectra from ac-s power-function fit 400-700 nm scaled by LISST-VSF scattering coefficient at 532 nm 
Total (a_p) and MeOH-extracted (a_d) absorption spectra from UV/VIS spectrophotometer measurements with GF/F filter inside 15-cm integrating sphere
Correction for filter-pad pathlength amplification from Stramski et al. 2015 

Lat, Lon = 70.321, -147.122
Date Time UTC = 10-Sep-2018 18:16:56
Depth = 1.4 m
SPM = 4.15 g/m3
POC = 247.73 mg/m3
PSD power-law exponent (~1.5-147 µm) = 3.79 
Scattering spectra power-function exponent (400-700 nm) = 0.486 

Created by Daniel Koestner on 15-Jan-2024 15:28:38
Data Version: V4_10-Nov-2023

Column 1: wavelength [nm]
Column 2: a_p [m^2/g]
Column 3: a_d [m^2/g]
Column 4: b_p [m^2/g]
*/
     290	  0.2625	  0.2342	   2.085
     291	  0.2621	  0.2337	   2.082
     292	   0.261	  0.2326	   2.078
     293	  0.2599	  0.2314	   2.075
     294	  0.2585	  0.2299	   2.071
     295	  0.2569	  0.2284	   2.068
     296	  0.2551	  0.2268	   2.065
     297	  0.2534	  0.2252	   2.061
     298	  0.2517	  0.2238	   2.058
     299	  0.2501	  0.2226	   2.055
     300	  0.2487	  0.2215	   2.051
     301	  0.2473	  0.2205	   2.048
     302	   0.246	  0.2195	   2.045
     303	  0.2448	  0.2185	   2.041
     304	  0.2436	  0.2174	   2.038
     305	  0.2423	  0.2163	   2.035
     306	  0.2411	  0.2152	   2.032
     307	  0.2398	  0.2142	   2.028
     308	  0.2385	  0.2132	   2.025
     309	  0.2372	  0.2123	   2.022
     310	   0.236	  0.2115	   2.019
     311	  0.2348	  0.2108	   2.016
     312	  0.2335	  0.2101	   2.012
     313	  0.2324	  0.2094	   2.009
     314	  0.2313	  0.2086	   2.006
     315	  0.2303	  0.2079	   2.003
     316	  0.2293	   0.207	       2
     317	  0.2284	   0.206	   1.997
     318	  0.2274	   0.205	   1.994
     319	  0.2264	  0.2038	   1.991
     320	  0.2253	  0.2026	   1.988
     321	  0.2241	  0.2014	   1.985
     322	   0.223	  0.2002	   1.982
     323	  0.2219	   0.199	   1.979
     324	  0.2208	  0.1979	   1.976
     325	  0.2199	  0.1969	   1.973
     326	   0.219	  0.1959	    1.97
     327	  0.2183	  0.1949	   1.967
     328	  0.2176	  0.1939	   1.964
     329	   0.217	   0.193	   1.961
     330	  0.2165	  0.1921	   1.958
     331	   0.216	  0.1913	   1.956
     332	  0.2155	  0.1905	   1.953
     333	  0.2149	  0.1898	    1.95
     334	  0.2144	  0.1892	   1.947
     335	  0.2139	  0.1887	   1.944
     336	  0.2133	  0.1882	   1.941
     337	  0.2127	  0.1878	   1.939
     338	  0.2119	  0.1874	   1.936
     339	  0.2112	   0.187	   1.933
     340	  0.2103	  0.1865	    1.93
     341	  0.2094	   0.186	   1.927
     342	  0.2084	  0.1854	   1.925
     343	  0.2074	  0.1846	   1.922
     344	  0.2063	  0.1838	   1.919
     345	  0.2051	  0.1828	   1.917
     346	   0.204	  0.1817	   1.914
     347	  0.2028	  0.1806	   1.911
     348	  0.2016	  0.1795	   1.909
     349	  0.2005	  0.1785	   1.906
     350	  0.1995	  0.1775	   1.903
     351	  0.1985	  0.1765	   1.901
     352	  0.1977	  0.1756	   1.898
     353	  0.1969	  0.1747	   1.895
     354	  0.1961	  0.1739	   1.893
     355	  0.1955	   0.173	    1.89
     356	  0.1948	  0.1722	   1.888
     357	  0.1942	  0.1714	   1.885
     358	  0.1935	  0.1705	   1.882
     359	  0.1927	  0.1695	    1.88
     360	  0.1919	  0.1685	   1.877
     361	   0.191	  0.1675	   1.875
     362	    0.19	  0.1664	   1.872
     363	  0.1889	  0.1653	    1.87
     364	  0.1879	  0.1642	   1.867
     365	  0.1868	  0.1631	   1.865
     366	  0.1857	   0.162	   1.862
     367	  0.1846	  0.1609	    1.86
     368	  0.1835	  0.1597	   1.857
     369	  0.1824	  0.1585	   1.855
     370	  0.1815	  0.1572	   1.853
     371	  0.1806	  0.1559	    1.85
     372	  0.1797	  0.1547	   1.848
     373	   0.179	  0.1535	   1.845
     374	  0.1783	  0.1524	   1.843
     375	  0.1775	  0.1513	   1.841
     376	  0.1766	  0.1501	   1.838
     377	  0.1757	  0.1488	   1.836
     378	  0.1746	  0.1475	   1.833
     379	  0.1735	  0.1462	   1.831
     380	  0.1724	  0.1448	   1.829
     381	  0.1713	  0.1435	   1.826
     382	  0.1702	  0.1422	   1.824
     383	   0.169	  0.1409	   1.822
     384	  0.1679	  0.1397	   1.819
     385	  0.1666	  0.1384	   1.817
     386	  0.1653	  0.1372	   1.815
     387	   0.164	  0.1359	   1.813
     388	  0.1627	  0.1347	    1.81
     389	  0.1615	  0.1334	   1.808
     390	  0.1604	  0.1322	   1.806
     391	  0.1594	   0.131	   1.804
     392	  0.1585	  0.1298	   1.801
     393	  0.1577	  0.1286	   1.799
     394	  0.1569	  0.1274	   1.797
     395	  0.1561	  0.1262	   1.795
     396	  0.1552	  0.1251	   1.793
     397	  0.1544	   0.124	    1.79
     398	  0.1535	   0.123	   1.788
     399	  0.1527	   0.122	   1.786
     400	  0.1518	   0.121	   1.784
     401	  0.1509	    0.12	   1.782
     402	  0.1501	  0.1188	   1.779
     403	  0.1492	  0.1176	   1.777
     404	  0.1484	  0.1164	   1.775
     405	  0.1477	  0.1151	   1.773
     406	  0.1471	  0.1139	   1.771
     407	  0.1465	  0.1128	   1.769
     408	   0.146	  0.1117	   1.767
     409	  0.1456	  0.1108	   1.765
     410	  0.1452	    0.11	   1.763
     411	  0.1448	  0.1092	    1.76
     412	  0.1445	  0.1086	   1.758
     413	  0.1441	  0.1079	   1.756
     414	  0.1438	  0.1073	   1.754
     415	  0.1434	  0.1067	   1.752
     416	   0.143	   0.106	    1.75
     417	  0.1424	  0.1052	   1.748
     418	  0.1418	  0.1043	   1.746
     419	   0.141	  0.1034	   1.744
     420	  0.1402	  0.1024	   1.742
     421	  0.1393	  0.1014	    1.74
     422	  0.1384	  0.1004	   1.738
     423	  0.1376	 0.09933	   1.736
     424	  0.1368	 0.09829	   1.734
     425	  0.1361	 0.09726	   1.732
     426	  0.1355	 0.09626	    1.73
     427	  0.1349	 0.09528	   1.728
     428	  0.1344	 0.09432	   1.726
     429	   0.134	  0.0934	   1.724
     430	  0.1335	 0.09249	   1.722
     431	  0.1331	 0.09161	    1.72
     432	  0.1326	 0.09074	   1.718
     433	  0.1321	 0.08989	   1.716
     434	  0.1315	 0.08904	   1.715
     435	  0.1308	  0.0882	   1.713
     436	    0.13	 0.08735	   1.711
     437	  0.1292	 0.08652	   1.709
     438	  0.1283	 0.08568	   1.707
     439	  0.1274	 0.08486	   1.705
     440	  0.1265	 0.08406	   1.703
     441	  0.1256	 0.08327	   1.701
     442	  0.1246	 0.08252	   1.699
     443	  0.1237	  0.0818	   1.698
     444	  0.1228	  0.0811	   1.696
     445	  0.1218	 0.08043	   1.694
     446	  0.1208	 0.07976	   1.692
     447	  0.1198	 0.07911	    1.69
     448	  0.1189	 0.07847	   1.688
     449	  0.1179	 0.07785	   1.686
     450	   0.117	 0.07724	   1.685
     451	  0.1163	 0.07667	   1.683
     452	  0.1156	 0.07612	   1.681
     453	  0.1149	 0.07561	   1.679
     454	  0.1144	 0.07512	   1.677
     455	  0.1139	 0.07464	   1.676
     456	  0.1135	  0.0742	   1.674
     457	   0.113	 0.07377	   1.672
     458	  0.1126	 0.07336	    1.67
     459	  0.1121	 0.07296	   1.669
     460	  0.1116	 0.07258	   1.667
     461	  0.1112	  0.0722	   1.665
     462	  0.1107	 0.07183	   1.663
     463	  0.1102	 0.07145	   1.661
     464	  0.1097	 0.07108	    1.66
     465	  0.1092	 0.07072	   1.658
     466	  0.1087	 0.07038	   1.656
     467	  0.1081	 0.07006	   1.655
     468	  0.1075	 0.06976	   1.653
     469	  0.1068	 0.06948	   1.651
     470	  0.1061	  0.0692	   1.649
     471	  0.1054	 0.06893	   1.648
     472	  0.1047	 0.06865	   1.646
     473	  0.1039	 0.06836	   1.644
     474	  0.1031	 0.06806	   1.643
     475	  0.1023	 0.06775	   1.641
     476	  0.1015	 0.06742	   1.639
     477	  0.1007	 0.06707	   1.638
     478	 0.09984	 0.06671	   1.636
     479	 0.09901	 0.06634	   1.634
     480	  0.0982	 0.06595	   1.633
     481	  0.0974	 0.06554	   1.631
     482	 0.09662	 0.06511	   1.629
     483	 0.09587	 0.06467	   1.628
     484	 0.09512	 0.06421	   1.626
     485	 0.09438	 0.06374	   1.624
     486	 0.09364	 0.06328	   1.623
     487	 0.09289	 0.06283	   1.621
     488	 0.09214	 0.06238	    1.62
     489	 0.09136	 0.06195	   1.618
     490	 0.09058	 0.06152	   1.616
     491	 0.08978	 0.06111	   1.615
     492	 0.08898	  0.0607	   1.613
     493	 0.08818	 0.06031	   1.612
     494	 0.08738	 0.05992	    1.61
     495	  0.0866	 0.05953	   1.608
     496	 0.08581	 0.05913	   1.607
     497	 0.08501	 0.05871	   1.605
     498	  0.0842	 0.05826	   1.604
     499	 0.08335	 0.05779	   1.602
     500	 0.08248	  0.0573	   1.601
     501	 0.08158	 0.05682	   1.599
     502	 0.08067	 0.05636	   1.598
     503	 0.07975	 0.05592	   1.596
     504	 0.07885	 0.05552	   1.594
     505	 0.07795	 0.05513	   1.593
     506	 0.07706	 0.05474	   1.591
     507	 0.07617	 0.05434	    1.59
     508	 0.07529	 0.05393	   1.588
     509	 0.07441	 0.05351	   1.587
     510	 0.07354	 0.05309	   1.585
     511	 0.07269	 0.05269	   1.584
     512	 0.07187	 0.05231	   1.582
     513	 0.07109	 0.05195	   1.581
     514	 0.07036	 0.05161	   1.579
     515	 0.06965	 0.05127	   1.578
     516	 0.06898	 0.05093	   1.576
     517	 0.06834	 0.05058	   1.575
     518	 0.06771	 0.05023	   1.573
     519	 0.06711	 0.04988	   1.572
     520	 0.06652	 0.04953	    1.57
     521	 0.06594	 0.04921	   1.569
     522	 0.06537	 0.04889	   1.567
     523	 0.06479	 0.04857	   1.566
     524	  0.0642	 0.04825	   1.565
     525	 0.06359	 0.04792	   1.563
     526	 0.06299	 0.04758	   1.562
     527	 0.06239	 0.04724	    1.56
     528	 0.06182	 0.04691	   1.559
     529	 0.06128	  0.0466	   1.557
     530	 0.06077	 0.04631	   1.556
     531	 0.06029	 0.04603	   1.555
     532	 0.05982	 0.04576	   1.553
     533	 0.05934	 0.04547	   1.552
     534	 0.05883	 0.04515	    1.55
     535	  0.0583	 0.04481	   1.549
     536	 0.05775	 0.04445	   1.547
     537	 0.05718	 0.04408	   1.546
     538	 0.05661	 0.04371	   1.545
     539	 0.05607	 0.04336	   1.543
     540	 0.05555	 0.04304	   1.542
     541	 0.05506	 0.04275	   1.541
     542	  0.0546	 0.04247	   1.539
     543	 0.05416	 0.04221	   1.538
     544	 0.05374	 0.04197	   1.536
     545	 0.05333	 0.04173	   1.535
     546	 0.05294	 0.04151	   1.534
     547	 0.05255	  0.0413	   1.532
     548	 0.05218	 0.04112	   1.531
     549	 0.05182	 0.04095	    1.53
     550	 0.05146	 0.04079	   1.528
     551	  0.0511	 0.04062	   1.527
     552	 0.05074	 0.04045	   1.526
     553	 0.05036	 0.04026	   1.524
     554	 0.04997	 0.04006	   1.523
     555	 0.04958	 0.03986	   1.522
     556	 0.04918	 0.03967	    1.52
     557	 0.04878	 0.03949	   1.519
     558	 0.04838	 0.03932	   1.518
     559	   0.048	 0.03917	   1.516
     560	 0.04762	 0.03902	   1.515
     561	 0.04725	 0.03886	   1.514
     562	 0.04688	 0.03867	   1.512
     563	 0.04652	 0.03846	   1.511
     564	 0.04617	 0.03821	    1.51
     565	 0.04583	 0.03795	   1.508
     566	  0.0455	 0.03769	   1.507
     567	 0.04519	 0.03743	   1.506
     568	  0.0449	 0.03719	   1.505
     569	 0.04462	 0.03698	   1.503
     570	 0.04436	  0.0368	   1.502
     571	 0.04412	 0.03664	   1.501
     572	  0.0439	  0.0365	   1.499
     573	 0.04368	 0.03636	   1.498
     574	 0.04348	 0.03623	   1.497
     575	 0.04328	 0.03608	   1.496
     576	 0.04307	 0.03592	   1.494
     577	 0.04288	 0.03575	   1.493
     578	 0.04269	 0.03558	   1.492
     579	 0.04252	 0.03543	   1.491
     580	 0.04238	 0.03529	   1.489
     581	 0.04226	 0.03516	   1.488
     582	 0.04217	 0.03504	   1.487
     583	 0.04208	 0.03493	   1.486
     584	   0.042	 0.03482	   1.484
     585	  0.0419	 0.03471	   1.483
     586	  0.0418	 0.03461	   1.482
     587	 0.04169	  0.0345	   1.481
     588	 0.04157	 0.03441	   1.479
     589	 0.04144	 0.03432	   1.478
     590	  0.0413	 0.03422	   1.477
     591	 0.04115	  0.0341	   1.476
     592	 0.04098	 0.03396	   1.475
     593	 0.04078	  0.0338	   1.473
     594	 0.04057	 0.03362	   1.472
     595	 0.04035	 0.03344	   1.471
     596	 0.04012	 0.03326	    1.47
     597	 0.03991	 0.03309	   1.469
     598	 0.03972	 0.03295	   1.467
     599	 0.03955	 0.03282	   1.466
     600	 0.03939	  0.0327	   1.465
     601	 0.03924	 0.03258	   1.464
     602	  0.0391	 0.03247	   1.463
     603	 0.03896	 0.03235	   1.461
     604	 0.03883	 0.03222	    1.46
     605	  0.0387	 0.03211	   1.459
     606	 0.03858	 0.03199	   1.458
     607	 0.03848	 0.03189	   1.457
     608	 0.03839	  0.0318	   1.456
     609	 0.03832	  0.0317	   1.454
     610	 0.03826	 0.03161	   1.453
     611	 0.03821	 0.03151	   1.452
     612	 0.03817	  0.0314	   1.451
     613	 0.03813	 0.03129	    1.45
     614	  0.0381	 0.03117	   1.449
     615	 0.03807	 0.03105	   1.448
     616	 0.03804	 0.03093	   1.446
     617	 0.03802	 0.03082	   1.445
     618	   0.038	 0.03071	   1.444
     619	 0.03798	 0.03061	   1.443
     620	 0.03797	 0.03051	   1.442
     621	 0.03794	 0.03042	   1.441
     622	 0.03791	 0.03033	    1.44
     623	 0.03786	 0.03023	   1.438
     624	  0.0378	 0.03012	   1.437
     625	 0.03773	    0.03	   1.436
     626	 0.03767	 0.02987	   1.435
     627	 0.03761	 0.02973	   1.434
     628	 0.03756	  0.0296	   1.433
     629	 0.03752	 0.02947	   1.432
     630	 0.03749	 0.02935	   1.431
     631	 0.03746	 0.02924	    1.43
     632	 0.03743	 0.02914	   1.429
     633	  0.0374	 0.02904	   1.427
     634	 0.03735	 0.02894	   1.426
     635	  0.0373	 0.02884	   1.425
     636	 0.03724	 0.02875	   1.424
     637	 0.03718	 0.02865	   1.423
     638	 0.03711	 0.02855	   1.422
     639	 0.03704	 0.02843	   1.421
     640	 0.03696	 0.02831	    1.42
     641	 0.03687	 0.02818	   1.419
     642	 0.03677	 0.02805	   1.418
     643	 0.03667	 0.02792	   1.417
     644	 0.03656	  0.0278	   1.416
     645	 0.03646	 0.02769	   1.414
     646	 0.03637	  0.0276	   1.413
     647	 0.03629	 0.02752	   1.412
     648	 0.03624	 0.02746	   1.411
     649	 0.03622	 0.02739	    1.41
     650	 0.03624	 0.02734	   1.409
     651	 0.03631	 0.02728	   1.408
     652	 0.03643	 0.02721	   1.407
     653	  0.0366	 0.02715	   1.406
     654	 0.03682	 0.02709	   1.405
     655	 0.03709	 0.02704	   1.404
     656	  0.0374	 0.02699	   1.403
     657	 0.03777	 0.02696	   1.402
     658	 0.03818	 0.02692	   1.401
     659	 0.03867	 0.02688	     1.4
     660	 0.03923	 0.02682	   1.399
     661	 0.03987	 0.02675	   1.398
     662	 0.04058	 0.02667	   1.397
     663	 0.04137	 0.02658	   1.396
     664	  0.0422	 0.02648	   1.395
     665	 0.04304	 0.02638	   1.394
     666	 0.04388	 0.02629	   1.393
     667	 0.04467	 0.02621	   1.392
     668	  0.0454	 0.02614	   1.391
     669	 0.04605	 0.02608	    1.39
     670	 0.04659	 0.02601	   1.389
     671	 0.04701	 0.02594	   1.388
     672	  0.0473	 0.02587	   1.387
     673	 0.04745	 0.02578	   1.386
     674	 0.04745	 0.02567	   1.385
     675	 0.04729	 0.02556	   1.384
     676	 0.04698	 0.02545	   1.383
     677	 0.04652	 0.02534	   1.382
     678	 0.04592	 0.02523	   1.381
     679	 0.04517	 0.02515	    1.38
     680	 0.04429	 0.02508	   1.379
     681	 0.04329	 0.02503	   1.378
     682	 0.04217	 0.02498	   1.377
     683	 0.04098	 0.02494	   1.376
     684	 0.03974	  0.0249	   1.375
     685	 0.03847	 0.02486	   1.374
     686	 0.03721	  0.0248	   1.373
     687	 0.03598	 0.02473	   1.372
     688	 0.03479	 0.02464	   1.371
     689	 0.03365	 0.02453	    1.37
     690	 0.03258	  0.0244	   1.369
     691	 0.03157	 0.02426	   1.368
     692	 0.03063	 0.02411	   1.367
     693	 0.02976	 0.02395	   1.366
     694	 0.02898	 0.02379	   1.365
     695	 0.02828	 0.02364	   1.364
     696	 0.02766	  0.0235	   1.363
     697	 0.02713	 0.02339	   1.362
     698	 0.02667	 0.02331	   1.361
     699	  0.0263	 0.02328	    1.36
     700	   0.026	 0.02328	   1.359
     701	 0.02575	 0.02331	   1.358
     702	 0.02555	 0.02335	   1.357
     703	 0.02537	  0.0234	   1.357
     704	 0.02521	 0.02342	   1.356
     705	 0.02504	 0.02341	   1.355
     706	 0.02487	 0.02337	   1.354
     707	  0.0247	  0.0233	   1.353
     708	 0.02453	 0.02321	   1.352
     709	 0.02437	 0.02311	   1.351
     710	 0.02423	 0.02302	    1.35
     711	 0.02412	 0.02295	   1.349
     712	 0.02402	 0.02289	   1.348
     713	 0.02393	 0.02287	   1.347
     714	 0.02385	 0.02285	   1.346
     715	 0.02376	 0.02285	   1.345
     716	 0.02367	 0.02284	   1.345
     717	 0.02357	 0.02282	   1.344
     718	 0.02346	 0.02279	   1.343
     719	 0.02334	 0.02274	   1.342
     720	 0.02323	 0.02267	   1.341
     721	 0.02313	 0.02259	    1.34
     722	 0.02304	 0.02252	   1.339
     723	 0.02297	 0.02246	   1.338
     724	 0.02293	 0.02242	   1.337
     725	  0.0229	 0.02237	   1.336
     726	 0.02287	 0.02232	   1.336
     727	 0.02283	 0.02225	   1.335
     728	 0.02275	 0.02214	   1.334
     729	 0.02264	 0.02201	   1.333
     730	 0.02251	 0.02184	   1.332
     731	 0.02236	 0.02167	   1.331
     732	 0.02221	  0.0215	    1.33
     733	 0.02209	 0.02134	   1.329
     734	   0.022	 0.02121	   1.328
     735	 0.02195	 0.02111	   1.328
     736	 0.02192	 0.02104	   1.327
     737	 0.02192	 0.02101	   1.326
     738	 0.02191	 0.02101	   1.325
     739	 0.02189	 0.02102	   1.324
     740	 0.02184	 0.02102	   1.323
     741	 0.02174	   0.021	   1.322
     742	 0.02161	 0.02095	   1.321
     743	 0.02143	 0.02088	   1.321
     744	 0.02124	 0.02078	    1.32
     745	 0.02104	 0.02067	   1.319
     746	 0.02088	 0.02058	   1.318
     747	 0.02075	  0.0205	   1.317
     748	 0.02065	 0.02045	   1.316
     749	 0.02059	 0.02042	   1.315
     750	 0.02053	  0.0204	   1.315
     751	 0.02048	 0.02036	   1.314
     752	 0.02041	  0.0203	   1.313
     753	 0.02033	 0.02022	   1.312
     754	 0.02023	 0.02011	   1.311
     755	 0.02014	 0.01999	    1.31
     756	 0.02005	 0.01986	    1.31
     757	 0.01999	 0.01975	   1.309
     758	 0.01996	 0.01965	   1.308
     759	 0.01995	 0.01959	   1.307
     760	 0.01997	 0.01956	   1.306
     761	    0.02	 0.01955	   1.305
     762	 0.02003	 0.01957	   1.304
     763	 0.02007	  0.0196	   1.304
     764	 0.02009	 0.01964	   1.303
     765	 0.02011	 0.01968	   1.302
     766	 0.02011	  0.0197	   1.301
     767	 0.02008	  0.0197	     1.3
     768	 0.02004	 0.01968	     1.3
     769	 0.01998	 0.01965	   1.299
     770	 0.01992	  0.0196	   1.298
     771	 0.01987	 0.01956	   1.297
     772	 0.01983	 0.01954	   1.296
     773	 0.01981	 0.01953	   1.295
     774	  0.0198	 0.01953	   1.295
     775	 0.01978	 0.01953	   1.294
     776	 0.01976	 0.01952	   1.293
     777	 0.01972	 0.01948	   1.292
     778	 0.01967	 0.01943	   1.291
     779	 0.01962	 0.01937	   1.291
     780	 0.01958	 0.01932	    1.29
     781	 0.01954	 0.01927	   1.289
     782	 0.01951	 0.01922	   1.288
     783	 0.01947	 0.01917	   1.287
     784	 0.01941	  0.0191	   1.287
     785	 0.01932	 0.01901	   1.286
     786	  0.0192	 0.01889	   1.285
     787	 0.01905	 0.01876	   1.284
     788	 0.01888	 0.01863	   1.283
     789	  0.0187	  0.0185	   1.283
     790	 0.01855	 0.01839	   1.282
     791	 0.01842	 0.01828	   1.281
     792	 0.01832	 0.01817	    1.28
     793	 0.01825	 0.01805	   1.279
     794	 0.01821	 0.01793	   1.279
     795	 0.01818	 0.01779	   1.278
     796	 0.01815	 0.01767	   1.277
     797	 0.01812	 0.01758	   1.276
     798	 0.01807	 0.01751	   1.276
     799	 0.01802	 0.01749	   1.275
     800	 0.01797	 0.01751	   1.274
     801	 0.01792	 0.01755	   1.273
     802	 0.01787	  0.0176	   1.272
     803	 0.01784	 0.01766	   1.272
     804	 0.01782	 0.01771	   1.271
     805	 0.01782	 0.01777	    1.27
     806	 0.01784	 0.01782	   1.269
     807	 0.01787	 0.01788	   1.269
     808	  0.0179	 0.01794	   1.268
     809	 0.01793	 0.01799	   1.267
     810	 0.01793	 0.01802	   1.266
     811	 0.01789	 0.01801	   1.266
     812	 0.01782	 0.01797	   1.265
     813	 0.01773	  0.0179	   1.264
     814	 0.01763	  0.0178	   1.263
     815	 0.01754	 0.01769	   1.263
     816	 0.01745	 0.01758	   1.262
     817	 0.01739	 0.01746	   1.261
     818	 0.01733	 0.01735	    1.26
     819	 0.01727	 0.01724	    1.26
     820	  0.0172	 0.01713	   1.259
     821	  0.0171	 0.01703	   1.258
     822	 0.01699	 0.01694	   1.257
     823	 0.01685	 0.01684	   1.257
     824	 0.01668	 0.01672	   1.256
     825	 0.01649	 0.01659	   1.255
     826	 0.01629	 0.01644	   1.254
     827	 0.01608	 0.01627	   1.254
     828	 0.01588	  0.0161	   1.253
     829	 0.01572	 0.01596	   1.252
     830	 0.01561	 0.01586	   1.251
     831	 0.01555	 0.01581	   1.251
     832	 0.01555	 0.01581	    1.25
     833	 0.01559	 0.01585	   1.249
     834	 0.01565	  0.0159	   1.249
     835	 0.01571	 0.01595	   1.248
     836	 0.01578	   0.016	   1.247
     837	 0.01583	 0.01603	   1.246
     838	 0.01588	 0.01606	   1.246
     839	 0.01595	  0.0161	   1.245
     840	 0.01605	 0.01616	   1.244
     841	 0.01619	 0.01624	   1.243
     842	 0.01635	 0.01633	   1.243
     843	 0.01653	 0.01642	   1.242
     844	 0.01669	 0.01648	   1.241
     845	 0.01681	 0.01649	   1.241
     846	 0.01688	 0.01645	    1.24
     847	 0.01686	 0.01635	   1.239
     848	 0.01677	 0.01617	   1.238
     849	  0.0166	 0.01592	   1.238
     850	 0.01636	  0.0156	   1.237
