/*
Particulate absorption and scattering spectra, normalized by SPM 
Scattering spectra from ac-s power-function fit 400-700 nm scaled by LISST-VSF scattering coefficient at 532 nm 
Total (a_p) and MeOH-extracted (a_d) absorption spectra from UV/VIS spectrophotometer measurements with GF/F filter inside 15-cm integrating sphere
Correction for filter-pad pathlength amplification from Stramski et al. 2015 

Lat, Lon = 70.464, -148.522
Date Time UTC = 07-Sep-2018 01:59:02
Depth = 1.6 m
SPM = 2.80 g/m3
POC = 133.24 mg/m3
PSD power-law exponent (~1.5-147 µm) = 3.81 
Scattering spectra power-function exponent (400-700 nm) = 0.608 

Created by Daniel Koestner on 15-Jan-2024 15:28:37
Data Version: V4_10-Nov-2023

Column 1: wavelength [nm]
Column 2: a_p [m^2/g]
Column 3: a_d [m^2/g]
Column 4: b_p [m^2/g]
*/
     290	  0.2564	  0.2206	    1.62
     291	  0.2542	  0.2193	   1.617
     292	  0.2521	  0.2177	   1.613
     293	  0.2501	  0.2162	    1.61
     294	  0.2481	  0.2145	   1.607
     295	  0.2461	  0.2128	   1.603
     296	  0.2443	  0.2111	     1.6
     297	  0.2425	  0.2094	   1.597
     298	   0.241	  0.2079	   1.594
     299	  0.2395	  0.2065	    1.59
     300	  0.2382	  0.2052	   1.587
     301	   0.237	  0.2041	   1.584
     302	  0.2358	  0.2032	   1.581
     303	  0.2347	  0.2022	   1.578
     304	  0.2336	  0.2014	   1.574
     305	  0.2324	  0.2005	   1.571
     306	  0.2313	  0.1996	   1.568
     307	  0.2301	  0.1986	   1.565
     308	  0.2289	  0.1977	   1.562
     309	  0.2278	  0.1968	   1.559
     310	  0.2267	  0.1959	   1.556
     311	  0.2256	  0.1951	   1.553
     312	  0.2246	  0.1944	    1.55
     313	  0.2236	  0.1938	   1.547
     314	  0.2227	  0.1932	   1.544
     315	  0.2218	  0.1927	   1.541
     316	   0.221	  0.1921	   1.538
     317	  0.2201	  0.1915	   1.535
     318	  0.2192	  0.1907	   1.532
     319	  0.2181	  0.1898	   1.529
     320	   0.217	  0.1888	   1.526
     321	  0.2158	  0.1877	   1.523
     322	  0.2146	  0.1865	    1.52
     323	  0.2134	  0.1853	   1.518
     324	  0.2123	  0.1842	   1.515
     325	  0.2113	  0.1832	   1.512
     326	  0.2104	  0.1824	   1.509
     327	  0.2096	  0.1816	   1.506
     328	  0.2089	   0.181	   1.503
     329	  0.2081	  0.1803	   1.501
     330	  0.2073	  0.1797	   1.498
     331	  0.2065	   0.179	   1.495
     332	  0.2055	  0.1782	   1.492
     333	  0.2045	  0.1773	    1.49
     334	  0.2034	  0.1762	   1.487
     335	  0.2024	  0.1752	   1.484
     336	  0.2014	   0.174	   1.482
     337	  0.2005	   0.173	   1.479
     338	  0.1998	  0.1719	   1.476
     339	  0.1991	   0.171	   1.474
     340	  0.1984	  0.1702	   1.471
     341	  0.1978	  0.1695	   1.468
     342	  0.1971	  0.1689	   1.466
     343	  0.1963	  0.1683	   1.463
     344	  0.1955	  0.1678	   1.461
     345	  0.1946	  0.1673	   1.458
     346	  0.1936	  0.1667	   1.455
     347	  0.1927	  0.1661	   1.453
     348	  0.1917	  0.1655	    1.45
     349	  0.1908	  0.1648	   1.448
     350	  0.1898	   0.164	   1.445
     351	  0.1889	  0.1631	   1.443
     352	  0.1879	  0.1622	    1.44
     353	   0.187	  0.1614	   1.438
     354	   0.186	  0.1605	   1.435
     355	  0.1851	  0.1597	   1.433
     356	  0.1842	   0.159	    1.43
     357	  0.1833	  0.1582	   1.428
     358	  0.1824	  0.1573	   1.426
     359	  0.1815	  0.1564	   1.423
     360	  0.1805	  0.1555	   1.421
     361	  0.1794	  0.1544	   1.418
     362	  0.1783	  0.1533	   1.416
     363	  0.1772	  0.1523	   1.414
     364	  0.1761	  0.1512	   1.411
     365	   0.175	  0.1502	   1.409
     366	  0.1739	  0.1492	   1.407
     367	  0.1729	  0.1482	   1.404
     368	  0.1719	  0.1473	   1.402
     369	  0.1709	  0.1463	     1.4
     370	  0.1699	  0.1453	   1.397
     371	  0.1689	  0.1442	   1.395
     372	  0.1678	   0.143	   1.393
     373	  0.1666	  0.1417	    1.39
     374	  0.1653	  0.1404	   1.388
     375	  0.1639	  0.1391	   1.386
     376	  0.1624	  0.1376	   1.384
     377	  0.1608	  0.1362	   1.381
     378	  0.1592	  0.1348	   1.379
     379	  0.1577	  0.1334	   1.377
     380	  0.1563	  0.1322	   1.375
     381	  0.1551	  0.1311	   1.373
     382	   0.154	  0.1301	    1.37
     383	   0.153	  0.1292	   1.368
     384	   0.152	  0.1283	   1.366
     385	  0.1511	  0.1275	   1.364
     386	  0.1501	  0.1266	   1.362
     387	   0.149	  0.1256	    1.36
     388	   0.148	  0.1246	   1.357
     389	  0.1469	  0.1236	   1.355
     390	  0.1459	  0.1225	   1.353
     391	  0.1449	  0.1214	   1.351
     392	  0.1439	  0.1204	   1.349
     393	   0.143	  0.1193	   1.347
     394	  0.1421	  0.1183	   1.345
     395	  0.1411	  0.1173	   1.343
     396	  0.1403	  0.1164	   1.341
     397	  0.1394	  0.1155	   1.339
     398	  0.1386	  0.1147	   1.337
     399	  0.1377	  0.1139	   1.335
     400	  0.1369	   0.113	   1.333
     401	   0.136	  0.1122	   1.331
     402	  0.1351	  0.1113	   1.329
     403	  0.1342	  0.1104	   1.327
     404	  0.1332	  0.1094	   1.325
     405	  0.1323	  0.1085	   1.323
     406	  0.1313	  0.1076	   1.321
     407	  0.1303	  0.1067	   1.319
     408	  0.1294	  0.1058	   1.317
     409	  0.1286	   0.105	   1.315
     410	  0.1279	  0.1043	   1.313
     411	  0.1273	  0.1036	   1.311
     412	  0.1267	  0.1029	   1.309
     413	  0.1261	  0.1022	   1.307
     414	  0.1256	  0.1014	   1.305
     415	   0.125	  0.1006	   1.303
     416	  0.1245	 0.09982	   1.301
     417	  0.1239	   0.099	   1.299
     418	  0.1233	 0.09819	   1.297
     419	  0.1226	 0.09741	   1.296
     420	   0.122	 0.09665	   1.294
     421	  0.1213	 0.09591	   1.292
     422	  0.1205	 0.09518	    1.29
     423	  0.1197	 0.09445	   1.288
     424	  0.1188	  0.0937	   1.286
     425	   0.118	 0.09292	   1.284
     426	  0.1171	 0.09212	   1.283
     427	  0.1162	 0.09128	   1.281
     428	  0.1153	 0.09041	   1.279
     429	  0.1144	 0.08952	   1.277
     430	  0.1135	  0.0886	   1.275
     431	  0.1127	 0.08767	   1.273
     432	  0.1119	 0.08674	   1.272
     433	   0.111	 0.08583	    1.27
     434	  0.1103	 0.08494	   1.268
     435	  0.1095	 0.08407	   1.266
     436	  0.1087	 0.08324	   1.265
     437	  0.1079	 0.08242	   1.263
     438	  0.1071	 0.08163	   1.261
     439	  0.1062	 0.08086	   1.259
     440	  0.1054	 0.08011	   1.258
     441	  0.1046	  0.0794	   1.256
     442	  0.1037	 0.07872	   1.254
     443	  0.1029	 0.07807	   1.252
     444	  0.1021	 0.07746	   1.251
     445	  0.1012	 0.07687	   1.249
     446	  0.1004	  0.0763	   1.247
     447	 0.09953	 0.07573	   1.246
     448	 0.09869	 0.07517	   1.244
     449	 0.09786	 0.07463	   1.242
     450	 0.09707	  0.0741	   1.241
     451	 0.09633	 0.07359	   1.239
     452	 0.09563	 0.07311	   1.237
     453	 0.09499	 0.07265	   1.236
     454	 0.09439	  0.0722	   1.234
     455	 0.09383	 0.07175	   1.232
     456	 0.09329	  0.0713	   1.231
     457	 0.09276	 0.07083	   1.229
     458	 0.09224	 0.07037	   1.227
     459	 0.09173	 0.06991	   1.226
     460	 0.09122	 0.06947	   1.224
     461	 0.09073	 0.06905	   1.222
     462	 0.09025	 0.06867	   1.221
     463	 0.08979	 0.06832	   1.219
     464	 0.08933	 0.06799	   1.218
     465	 0.08888	 0.06769	   1.216
     466	 0.08842	 0.06739	   1.214
     467	 0.08796	  0.0671	   1.213
     468	 0.08748	  0.0668	   1.211
     469	   0.087	 0.06649	    1.21
     470	  0.0865	 0.06617	   1.208
     471	   0.086	 0.06583	   1.207
     472	  0.0855	 0.06548	   1.205
     473	 0.08501	 0.06512	   1.203
     474	 0.08452	 0.06475	   1.202
     475	 0.08403	 0.06438	     1.2
     476	 0.08352	 0.06401	   1.199
     477	   0.083	 0.06365	   1.197
     478	 0.08246	  0.0633	   1.196
     479	  0.0819	 0.06296	   1.194
     480	 0.08132	 0.06262	   1.193
     481	 0.08074	 0.06228	   1.191
     482	 0.08015	 0.06193	    1.19
     483	 0.07958	 0.06157	   1.188
     484	 0.07902	 0.06119	   1.187
     485	 0.07847	 0.06079	   1.185
     486	 0.07794	  0.0604	   1.184
     487	 0.07741	    0.06	   1.182
     488	 0.07688	 0.05962	   1.181
     489	 0.07634	 0.05925	   1.179
     490	 0.07578	 0.05889	   1.178
     491	 0.07521	 0.05854	   1.176
     492	 0.07461	 0.05819	   1.175
     493	 0.07399	 0.05782	   1.174
     494	 0.07336	 0.05745	   1.172
     495	  0.0727	 0.05705	   1.171
     496	 0.07203	 0.05664	   1.169
     497	 0.07135	 0.05621	   1.168
     498	 0.07065	 0.05577	   1.166
     499	 0.06996	 0.05533	   1.165
     500	 0.06927	 0.05489	   1.164
     501	  0.0686	 0.05446	   1.162
     502	 0.06796	 0.05405	   1.161
     503	 0.06734	 0.05367	   1.159
     504	 0.06676	 0.05331	   1.158
     505	 0.06621	 0.05298	   1.157
     506	 0.06568	 0.05267	   1.155
     507	 0.06517	 0.05237	   1.154
     508	 0.06466	 0.05208	   1.152
     509	 0.06416	  0.0518	   1.151
     510	 0.06364	 0.05152	    1.15
     511	 0.06313	 0.05124	   1.148
     512	 0.06261	 0.05095	   1.147
     513	 0.06209	 0.05066	   1.146
     514	 0.06159	 0.05037	   1.144
     515	 0.06111	 0.05007	   1.143
     516	 0.06064	 0.04976	   1.141
     517	 0.06018	 0.04945	    1.14
     518	 0.05973	 0.04914	   1.139
     519	 0.05929	 0.04882	   1.137
     520	 0.05884	  0.0485	   1.136
     521	 0.05838	 0.04819	   1.135
     522	 0.05793	 0.04788	   1.133
     523	 0.05747	 0.04757	   1.132
     524	 0.05701	 0.04727	   1.131
     525	 0.05656	 0.04698	    1.13
     526	 0.05613	 0.04669	   1.128
     527	 0.05571	 0.04642	   1.127
     528	 0.05532	 0.04614	   1.126
     529	 0.05493	 0.04587	   1.124
     530	 0.05455	 0.04559	   1.123
     531	 0.05416	  0.0453	   1.122
     532	 0.05375	   0.045	   1.121
     533	 0.05332	 0.04469	   1.119
     534	 0.05288	 0.04435	   1.118
     535	 0.05243	 0.04402	   1.117
     536	 0.05197	 0.04368	   1.115
     537	 0.05152	 0.04335	   1.114
     538	 0.05109	 0.04304	   1.113
     539	 0.05067	 0.04275	   1.112
     540	 0.05027	  0.0425	    1.11
     541	 0.04989	 0.04226	   1.109
     542	 0.04954	 0.04206	   1.108
     543	 0.04921	 0.04187	   1.107
     544	 0.04891	 0.04169	   1.105
     545	 0.04862	  0.0415	   1.104
     546	 0.04833	 0.04131	   1.103
     547	 0.04805	  0.0411	   1.102
     548	 0.04777	 0.04087	   1.101
     549	 0.04747	 0.04065	   1.099
     550	 0.04717	 0.04042	   1.098
     551	 0.04687	  0.0402	   1.097
     552	 0.04655	 0.03999	   1.096
     553	 0.04623	 0.03979	   1.094
     554	  0.0459	 0.03958	   1.093
     555	 0.04556	 0.03937	   1.092
     556	 0.04523	 0.03915	   1.091
     557	 0.04489	 0.03892	    1.09
     558	 0.04458	 0.03871	   1.088
     559	 0.04429	  0.0385	   1.087
     560	 0.04402	 0.03831	   1.086
     561	 0.04377	 0.03813	   1.085
     562	 0.04354	 0.03796	   1.084
     563	 0.04331	 0.03779	   1.083
     564	 0.04308	 0.03762	   1.081
     565	 0.04286	 0.03743	    1.08
     566	 0.04263	 0.03724	   1.079
     567	  0.0424	 0.03704	   1.078
     568	 0.04218	 0.03683	   1.077
     569	 0.04195	 0.03662	   1.076
     570	 0.04172	 0.03641	   1.074
     571	 0.04149	  0.0362	   1.073
     572	 0.04126	   0.036	   1.072
     573	 0.04104	 0.03582	   1.071
     574	 0.04082	 0.03565	    1.07
     575	 0.04062	 0.03551	   1.069
     576	 0.04043	 0.03538	   1.068
     577	 0.04026	 0.03527	   1.067
     578	 0.04009	 0.03518	   1.065
     579	 0.03994	 0.03509	   1.064
     580	 0.03979	 0.03501	   1.063
     581	 0.03965	 0.03492	   1.062
     582	 0.03953	 0.03482	   1.061
     583	 0.03942	 0.03471	    1.06
     584	 0.03932	 0.03459	   1.059
     585	 0.03924	 0.03447	   1.058
     586	 0.03917	 0.03435	   1.057
     587	  0.0391	 0.03423	   1.055
     588	 0.03904	 0.03413	   1.054
     589	 0.03897	 0.03403	   1.053
     590	 0.03889	 0.03394	   1.052
     591	 0.03878	 0.03385	   1.051
     592	 0.03865	 0.03374	    1.05
     593	 0.03847	 0.03363	   1.049
     594	 0.03827	 0.03349	   1.048
     595	 0.03805	 0.03334	   1.047
     596	 0.03783	 0.03319	   1.046
     597	  0.0376	 0.03303	   1.045
     598	 0.03739	 0.03287	   1.044
     599	 0.03719	 0.03271	   1.043
     600	   0.037	 0.03256	   1.042
     601	 0.03683	 0.03242	    1.04
     602	 0.03666	 0.03228	   1.039
     603	 0.03651	 0.03216	   1.038
     604	 0.03638	 0.03205	   1.037
     605	 0.03626	 0.03196	   1.036
     606	 0.03616	 0.03187	   1.035
     607	 0.03607	  0.0318	   1.034
     608	 0.03599	 0.03173	   1.033
     609	 0.03592	 0.03166	   1.032
     610	 0.03585	 0.03159	   1.031
     611	 0.03578	 0.03151	    1.03
     612	  0.0357	 0.03144	   1.029
     613	 0.03563	 0.03136	   1.028
     614	 0.03555	 0.03127	   1.027
     615	 0.03547	 0.03119	   1.026
     616	 0.03538	 0.03109	   1.025
     617	  0.0353	 0.03098	   1.024
     618	  0.0352	 0.03086	   1.023
     619	 0.03511	 0.03073	   1.022
     620	   0.035	 0.03059	   1.021
     621	 0.03489	 0.03044	    1.02
     622	 0.03479	  0.0303	   1.019
     623	 0.03469	 0.03017	   1.018
     624	  0.0346	 0.03005	   1.017
     625	 0.03453	 0.02995	   1.016
     626	 0.03447	 0.02986	   1.015
     627	 0.03442	 0.02978	   1.014
     628	 0.03437	 0.02971	   1.013
     629	 0.03433	 0.02964	   1.012
     630	 0.03429	 0.02958	   1.011
     631	 0.03424	 0.02951	    1.01
     632	 0.03419	 0.02945	   1.009
     633	 0.03412	 0.02937	   1.008
     634	 0.03404	  0.0293	   1.007
     635	 0.03394	 0.02921	   1.006
     636	 0.03384	 0.02912	   1.005
     637	 0.03373	 0.02903	   1.004
     638	 0.03362	 0.02893	   1.003
     639	 0.03352	 0.02882	   1.002
     640	 0.03342	 0.02873	   1.001
     641	 0.03335	 0.02863	       1
     642	 0.03329	 0.02856	  0.9995
     643	 0.03326	 0.02849	  0.9986
     644	 0.03325	 0.02844	  0.9977
     645	 0.03325	  0.0284	  0.9967
     646	 0.03324	 0.02836	  0.9958
     647	 0.03323	 0.02831	  0.9948
     648	 0.03321	 0.02825	  0.9939
     649	 0.03317	 0.02817	   0.993
     650	 0.03312	 0.02809	   0.992
     651	 0.03307	 0.02799	  0.9911
     652	 0.03302	 0.02787	  0.9902
     653	 0.03298	 0.02775	  0.9893
     654	 0.03296	 0.02762	  0.9884
     655	 0.03296	 0.02748	  0.9874
     656	   0.033	 0.02735	  0.9865
     657	 0.03307	 0.02723	  0.9856
     658	 0.03318	 0.02713	  0.9847
     659	 0.03333	 0.02705	  0.9838
     660	 0.03352	   0.027	  0.9829
     661	 0.03373	 0.02696	   0.982
     662	 0.03398	 0.02693	  0.9811
     663	 0.03423	 0.02689	  0.9802
     664	  0.0345	 0.02684	  0.9793
     665	 0.03476	 0.02678	  0.9784
     666	 0.03502	 0.02669	  0.9775
     667	 0.03526	  0.0266	  0.9766
     668	 0.03548	  0.0265	  0.9757
     669	 0.03567	 0.02639	  0.9748
     670	 0.03583	 0.02629	  0.9739
     671	 0.03596	  0.0262	  0.9731
     672	 0.03605	 0.02613	  0.9722
     673	 0.03609	 0.02607	  0.9713
     674	 0.03607	 0.02602	  0.9704
     675	 0.03598	 0.02597	  0.9695
     676	  0.0358	 0.02592	  0.9687
     677	 0.03555	 0.02586	  0.9678
     678	 0.03522	 0.02579	  0.9669
     679	 0.03482	 0.02572	  0.9661
     680	 0.03436	 0.02564	  0.9652
     681	 0.03387	 0.02557	  0.9643
     682	 0.03336	  0.0255	  0.9635
     683	 0.03284	 0.02544	  0.9626
     684	 0.03233	 0.02539	  0.9618
     685	 0.03183	 0.02536	  0.9609
     686	 0.03134	 0.02534	  0.9601
     687	 0.03088	 0.02533	  0.9592
     688	 0.03043	 0.02532	  0.9584
     689	    0.03	  0.0253	  0.9575
     690	 0.02958	 0.02528	  0.9567
     691	 0.02918	 0.02524	  0.9558
     692	 0.02878	 0.02518	   0.955
     693	 0.02839	 0.02511	  0.9542
     694	 0.02801	 0.02503	  0.9533
     695	 0.02766	 0.02493	  0.9525
     696	 0.02733	 0.02482	  0.9517
     697	 0.02703	 0.02471	  0.9508
     698	 0.02678	 0.02461	    0.95
     699	 0.02657	  0.0245	  0.9492
     700	 0.02639	 0.02441	  0.9483
     701	 0.02625	 0.02432	  0.9475
     702	 0.02613	 0.02425	  0.9467
     703	 0.02602	  0.0242	  0.9459
     704	 0.02592	 0.02415	  0.9451
     705	 0.02582	 0.02411	  0.9443
     706	 0.02572	 0.02408	  0.9434
     707	 0.02561	 0.02404	  0.9426
     708	  0.0255	   0.024	  0.9418
     709	 0.02539	 0.02395	   0.941
     710	 0.02528	 0.02389	  0.9402
     711	 0.02518	 0.02382	  0.9394
     712	 0.02508	 0.02374	  0.9386
     713	 0.02498	 0.02366	  0.9378
     714	 0.02489	 0.02359	   0.937
     715	 0.02478	 0.02352	  0.9362
     716	 0.02468	 0.02345	  0.9354
     717	 0.02458	  0.0234	  0.9346
     718	 0.02448	 0.02335	  0.9338
     719	 0.02438	 0.02331	   0.933
     720	 0.02428	 0.02327	  0.9322
     721	 0.02419	 0.02322	  0.9315
     722	 0.02411	 0.02317	  0.9307
     723	 0.02402	 0.02311	  0.9299
     724	 0.02394	 0.02303	  0.9291
     725	 0.02386	 0.02296	  0.9283
     726	 0.02378	 0.02287	  0.9276
     727	 0.02369	 0.02279	  0.9268
     728	  0.0236	 0.02271	   0.926
     729	 0.02349	 0.02263	  0.9252
     730	 0.02338	 0.02256	  0.9245
     731	 0.02326	 0.02248	  0.9237
     732	 0.02313	  0.0224	  0.9229
     733	 0.02301	 0.02231	  0.9222
     734	  0.0229	 0.02221	  0.9214
     735	  0.0228	 0.02211	  0.9206
     736	 0.02271	 0.02201	  0.9199
     737	 0.02262	 0.02192	  0.9191
     738	 0.02254	 0.02184	  0.9184
     739	 0.02247	 0.02177	  0.9176
     740	 0.02238	 0.02172	  0.9169
     741	 0.02227	 0.02168	  0.9161
     742	 0.02215	 0.02165	  0.9153
     743	 0.02202	 0.02161	  0.9146
     744	 0.02189	 0.02157	  0.9139
     745	 0.02176	 0.02152	  0.9131
     746	 0.02167	 0.02147	  0.9124
     747	 0.02161	 0.02142	  0.9116
     748	  0.0216	 0.02138	  0.9109
     749	 0.02163	 0.02133	  0.9101
     750	 0.02169	 0.02129	  0.9094
     751	 0.02174	 0.02124	  0.9087
     752	 0.02178	 0.02118	  0.9079
     753	  0.0218	 0.02112	  0.9072
     754	 0.02178	 0.02107	  0.9065
     755	 0.02174	 0.02102	  0.9057
     756	 0.02169	 0.02099	   0.905
     757	 0.02161	 0.02097	  0.9043
     758	 0.02154	 0.02096	  0.9036
     759	 0.02146	 0.02095	  0.9028
     760	 0.02138	 0.02093	  0.9021
     761	  0.0213	  0.0209	  0.9014
     762	 0.02123	 0.02085	  0.9007
     763	 0.02116	 0.02078	     0.9
     764	 0.02109	 0.02069	  0.8992
     765	 0.02103	 0.02059	  0.8985
     766	 0.02095	 0.02049	  0.8978
     767	 0.02088	 0.02039	  0.8971
     768	 0.02079	 0.02031	  0.8964
     769	 0.02071	 0.02024	  0.8957
     770	 0.02063	 0.02019	   0.895
     771	 0.02055	 0.02014	  0.8943
     772	 0.02048	  0.0201	  0.8936
     773	 0.02042	 0.02006	  0.8929
     774	 0.02035	 0.02003	  0.8922
     775	 0.02029	    0.02	  0.8915
     776	 0.02023	 0.01999	  0.8908
     777	 0.02018	 0.01999	  0.8901
     778	 0.02014	    0.02	  0.8894
     779	 0.02009	 0.02001	  0.8887
     780	 0.02006	 0.02001	   0.888
     781	 0.02002	 0.01999	  0.8873
     782	 0.01998	 0.01994	  0.8866
     783	 0.01993	 0.01986	  0.8859
     784	 0.01988	 0.01976	  0.8852
     785	 0.01982	 0.01965	  0.8845
     786	 0.01977	 0.01954	  0.8839
     787	 0.01973	 0.01945	  0.8832
     788	 0.01969	 0.01937	  0.8825
     789	 0.01966	 0.01932	  0.8818
     790	 0.01965	  0.0193	  0.8811
     791	 0.01963	 0.01929	  0.8805
     792	 0.01961	 0.01929	  0.8798
     793	 0.01958	 0.01929	  0.8791
     794	 0.01952	 0.01926	  0.8784
     795	 0.01943	  0.0192	  0.8778
     796	  0.0193	  0.0191	  0.8771
     797	 0.01915	 0.01895	  0.8764
     798	 0.01898	 0.01877	  0.8758
     799	 0.01881	 0.01857	  0.8751
     800	 0.01866	 0.01838	  0.8744
     801	 0.01855	 0.01823	  0.8738
     802	 0.01846	 0.01812	  0.8731
     803	 0.01843	 0.01808	  0.8724
     804	 0.01843	 0.01809	  0.8718
     805	 0.01846	 0.01817	  0.8711
     806	 0.01852	 0.01828	  0.8705
     807	 0.01859	  0.0184	  0.8698
     808	 0.01865	 0.01851	  0.8691
     809	  0.0187	 0.01859	  0.8685
     810	 0.01873	 0.01863	  0.8678
     811	 0.01873	 0.01861	  0.8672
     812	 0.01871	 0.01856	  0.8665
     813	 0.01868	 0.01848	  0.8659
     814	 0.01864	 0.01839	  0.8652
     815	 0.01859	 0.01831	  0.8646
     816	 0.01853	 0.01824	   0.864
     817	 0.01846	 0.01819	  0.8633
     818	 0.01838	 0.01815	  0.8627
     819	 0.01828	 0.01811	   0.862
     820	 0.01816	 0.01807	  0.8614
     821	 0.01802	 0.01802	  0.8608
     822	 0.01787	 0.01795	  0.8601
     823	 0.01771	 0.01786	  0.8595
     824	 0.01755	 0.01775	  0.8588
     825	 0.01738	 0.01763	  0.8582
     826	 0.01721	 0.01751	  0.8576
     827	 0.01706	 0.01739	   0.857
     828	 0.01694	 0.01729	  0.8563
     829	 0.01684	 0.01721	  0.8557
     830	 0.01676	 0.01715	  0.8551
     831	 0.01671	  0.0171	  0.8544
     832	 0.01667	 0.01704	  0.8538
     833	 0.01662	 0.01695	  0.8532
     834	 0.01657	 0.01682	  0.8526
     835	 0.01651	 0.01665	   0.852
     836	 0.01644	 0.01645	  0.8513
     837	 0.01637	 0.01624	  0.8507
     838	 0.01629	 0.01605	  0.8501
     839	 0.01621	 0.01589	  0.8495
     840	 0.01612	  0.0158	  0.8489
     841	 0.01604	 0.01578	  0.8483
     842	 0.01597	 0.01584	  0.8476
     843	 0.01594	 0.01597	   0.847
     844	 0.01598	 0.01616	  0.8464
     845	 0.01608	 0.01639	  0.8458
     846	 0.01624	 0.01664	  0.8452
     847	 0.01645	 0.01689	  0.8446
     848	 0.01667	 0.01711	   0.844
     849	 0.01686	 0.01731	  0.8434
     850	   0.017	 0.01747	  0.8428
