/*
Particulate absorption and scattering spectra, normalized by SPM 
Scattering spectra from ac-s power-function fit 400-700 nm scaled by LISST-VSF scattering coefficient at 532 nm 
Total (a_p) and MeOH-extracted (a_d) absorption spectra from UV/VIS spectrophotometer measurements with GF/F filter inside 15-cm integrating sphere
Correction for filter-pad pathlength amplification from Stramski et al. 2015 

Lat, Lon = 70.464, -148.522
Date Time UTC = 13-Aug-2019 20:32:00
Depth = 1.8 m
SPM = 13.11 g/m3
POC = 365.88 mg/m3
PSD power-law exponent (~1.5-147 µm) = 3.42 
Scattering spectra power-function exponent (400-700 nm) = 0.384 

Created by Daniel Koestner on 15-Jan-2024 15:28:37
Data Version: V4_10-Nov-2023

Column 1: wavelength [nm]
Column 2: a_p [m^2/g]
Column 3: a_d [m^2/g]
Column 4: b_p [m^2/g]
*/
     290	  0.1958	  0.1484	   1.033
     291	   0.195	  0.1485	   1.032
     292	  0.1941	  0.1482	    1.03
     293	  0.1932	  0.1479	   1.029
     294	  0.1923	  0.1475	   1.027
     295	  0.1914	   0.147	   1.026
     296	  0.1905	  0.1464	   1.025
     297	  0.1897	  0.1458	   1.023
     298	  0.1889	  0.1452	   1.022
     299	  0.1881	  0.1447	   1.021
     300	  0.1873	  0.1442	    1.02
     301	  0.1866	  0.1437	   1.018
     302	  0.1858	  0.1432	   1.017
     303	   0.185	  0.1426	   1.016
     304	  0.1841	  0.1419	   1.014
     305	  0.1832	  0.1412	   1.013
     306	  0.1822	  0.1403	   1.012
     307	  0.1811	  0.1395	   1.011
     308	    0.18	  0.1386	   1.009
     309	  0.1789	  0.1377	   1.008
     310	  0.1778	   0.137	   1.007
     311	  0.1768	  0.1363	   1.006
     312	  0.1758	  0.1356	   1.004
     313	  0.1749	   0.135	   1.003
     314	  0.1741	  0.1343	   1.002
     315	  0.1733	  0.1337	   1.001
     316	  0.1726	   0.133	  0.9994
     317	  0.1718	  0.1322	  0.9982
     318	   0.171	  0.1315	   0.997
     319	  0.1702	  0.1308	  0.9958
     320	  0.1694	  0.1301	  0.9946
     321	  0.1687	  0.1296	  0.9934
     322	  0.1681	  0.1291	  0.9922
     323	  0.1675	  0.1286	   0.991
     324	  0.1669	  0.1282	  0.9899
     325	  0.1664	  0.1278	  0.9887
     326	  0.1657	  0.1274	  0.9875
     327	   0.165	  0.1268	  0.9864
     328	  0.1642	  0.1263	  0.9852
     329	  0.1633	  0.1257	  0.9841
     330	  0.1624	   0.125	  0.9829
     331	  0.1615	  0.1245	  0.9818
     332	  0.1605	  0.1239	  0.9806
     333	  0.1596	  0.1234	  0.9795
     334	  0.1587	  0.1229	  0.9784
     335	  0.1579	  0.1226	  0.9773
     336	  0.1572	  0.1222	  0.9761
     337	  0.1566	  0.1219	   0.975
     338	   0.156	  0.1215	  0.9739
     339	  0.1554	  0.1211	  0.9728
     340	  0.1547	  0.1206	  0.9717
     341	  0.1541	    0.12	  0.9706
     342	  0.1534	  0.1193	  0.9695
     343	  0.1526	  0.1186	  0.9684
     344	  0.1519	   0.118	  0.9674
     345	  0.1513	  0.1173	  0.9663
     346	  0.1507	  0.1167	  0.9652
     347	  0.1501	  0.1161	  0.9641
     348	  0.1494	  0.1156	  0.9631
     349	  0.1488	   0.115	   0.962
     350	  0.1481	  0.1144	   0.961
     351	  0.1473	  0.1137	  0.9599
     352	  0.1464	  0.1131	  0.9589
     353	  0.1456	  0.1125	  0.9578
     354	  0.1448	  0.1119	  0.9568
     355	   0.144	  0.1113	  0.9557
     356	  0.1433	  0.1108	  0.9547
     357	  0.1426	  0.1102	  0.9537
     358	   0.142	  0.1097	  0.9527
     359	  0.1413	  0.1091	  0.9516
     360	  0.1406	  0.1084	  0.9506
     361	  0.1398	  0.1078	  0.9496
     362	   0.139	  0.1071	  0.9486
     363	  0.1382	  0.1065	  0.9476
     364	  0.1375	  0.1059	  0.9466
     365	  0.1367	  0.1053	  0.9456
     366	   0.136	  0.1047	  0.9446
     367	  0.1354	  0.1041	  0.9436
     368	  0.1347	  0.1035	  0.9426
     369	   0.134	  0.1028	  0.9416
     370	  0.1333	  0.1021	  0.9407
     371	  0.1324	  0.1013	  0.9397
     372	  0.1315	  0.1005	  0.9387
     373	  0.1305	 0.09973	  0.9378
     374	  0.1294	 0.09889	  0.9368
     375	  0.1283	 0.09803	  0.9358
     376	  0.1273	 0.09718	  0.9349
     377	  0.1262	 0.09635	  0.9339
     378	  0.1253	 0.09556	   0.933
     379	  0.1243	 0.09481	   0.932
     380	  0.1234	  0.0941	  0.9311
     381	  0.1224	 0.09343	  0.9301
     382	  0.1215	 0.09276	  0.9292
     383	  0.1206	 0.09208	  0.9283
     384	  0.1197	 0.09137	  0.9273
     385	  0.1187	 0.09061	  0.9264
     386	  0.1178	 0.08981	  0.9255
     387	  0.1168	 0.08898	  0.9246
     388	  0.1159	 0.08813	  0.9237
     389	   0.115	 0.08728	  0.9228
     390	  0.1141	 0.08647	  0.9218
     391	  0.1132	  0.0857	  0.9209
     392	  0.1124	   0.085	    0.92
     393	  0.1116	 0.08436	  0.9191
     394	  0.1108	 0.08376	  0.9182
     395	    0.11	 0.08321	  0.9173
     396	  0.1092	 0.08267	  0.9165
     397	  0.1084	 0.08213	  0.9156
     398	  0.1076	  0.0816	  0.9147
     399	  0.1068	 0.08106	  0.9138
     400	  0.1061	 0.08053	  0.9129
     401	  0.1054	    0.08	   0.912
     402	  0.1047	 0.07946	  0.9112
     403	  0.1041	 0.07892	  0.9103
     404	  0.1034	 0.07836	  0.9094
     405	  0.1028	 0.07779	  0.9086
     406	  0.1021	 0.07722	  0.9077
     407	  0.1015	 0.07666	  0.9069
     408	  0.1008	  0.0761	   0.906
     409	  0.1002	 0.07556	  0.9052
     410	 0.09947	 0.07504	  0.9043
     411	 0.09879	 0.07452	  0.9035
     412	 0.09811	   0.074	  0.9026
     413	 0.09743	 0.07348	  0.9018
     414	 0.09677	 0.07296	  0.9009
     415	 0.09612	 0.07244	  0.9001
     416	 0.09549	 0.07192	  0.8993
     417	 0.09489	 0.07142	  0.8984
     418	 0.09429	 0.07092	  0.8976
     419	  0.0937	 0.07043	  0.8968
     420	  0.0931	 0.06993	   0.896
     421	  0.0925	 0.06944	  0.8952
     422	 0.09188	 0.06893	  0.8943
     423	 0.09123	 0.06843	  0.8935
     424	 0.09056	 0.06792	  0.8927
     425	 0.08987	 0.06739	  0.8919
     426	 0.08915	 0.06686	  0.8911
     427	 0.08842	 0.06632	  0.8903
     428	 0.08768	 0.06575	  0.8895
     429	 0.08693	 0.06517	  0.8887
     430	 0.08619	 0.06457	  0.8879
     431	 0.08546	 0.06396	  0.8871
     432	 0.08473	 0.06335	  0.8863
     433	 0.08403	 0.06274	  0.8856
     434	 0.08334	 0.06215	  0.8848
     435	 0.08267	 0.06158	   0.884
     436	 0.08203	 0.06105	  0.8832
     437	 0.08142	 0.06056	  0.8824
     438	 0.08084	 0.06011	  0.8817
     439	 0.08027	 0.05969	  0.8809
     440	 0.07972	  0.0593	  0.8801
     441	 0.07916	 0.05892	  0.8793
     442	  0.0786	 0.05854	  0.8786
     443	 0.07803	 0.05816	  0.8778
     444	 0.07745	 0.05777	  0.8771
     445	 0.07687	 0.05738	  0.8763
     446	  0.0763	 0.05698	  0.8756
     447	 0.07574	 0.05659	  0.8748
     448	  0.0752	  0.0562	   0.874
     449	 0.07467	 0.05582	  0.8733
     450	 0.07416	 0.05545	  0.8726
     451	 0.07368	 0.05509	  0.8718
     452	 0.07322	 0.05475	  0.8711
     453	 0.07279	 0.05443	  0.8703
     454	 0.07239	 0.05412	  0.8696
     455	 0.07203	 0.05384	  0.8689
     456	 0.07169	 0.05358	  0.8681
     457	 0.07137	 0.05332	  0.8674
     458	 0.07107	 0.05307	  0.8667
     459	 0.07075	 0.05282	  0.8659
     460	 0.07043	 0.05256	  0.8652
     461	  0.0701	 0.05231	  0.8645
     462	 0.06975	 0.05207	  0.8638
     463	  0.0694	 0.05185	  0.8631
     464	 0.06905	 0.05165	  0.8623
     465	 0.06872	 0.05149	  0.8616
     466	 0.06839	 0.05135	  0.8609
     467	 0.06807	 0.05122	  0.8602
     468	 0.06777	 0.05109	  0.8595
     469	 0.06748	 0.05096	  0.8588
     470	 0.06719	 0.05079	  0.8581
     471	 0.06691	  0.0506	  0.8574
     472	 0.06662	 0.05038	  0.8567
     473	 0.06634	 0.05015	   0.856
     474	 0.06606	  0.0499	  0.8553
     475	 0.06577	 0.04965	  0.8546
     476	 0.06547	 0.04941	  0.8539
     477	 0.06515	 0.04917	  0.8532
     478	 0.06481	 0.04893	  0.8526
     479	 0.06444	 0.04869	  0.8519
     480	 0.06405	 0.04844	  0.8512
     481	 0.06365	 0.04818	  0.8505
     482	 0.06325	 0.04792	  0.8498
     483	 0.06286	 0.04766	  0.8492
     484	 0.06249	  0.0474	  0.8485
     485	 0.06213	 0.04716	  0.8478
     486	 0.06179	 0.04693	  0.8471
     487	 0.06146	 0.04671	  0.8465
     488	 0.06114	 0.04649	  0.8458
     489	 0.06081	 0.04627	  0.8451
     490	 0.06046	 0.04605	  0.8445
     491	 0.06011	 0.04582	  0.8438
     492	 0.05975	 0.04559	  0.8432
     493	 0.05938	 0.04535	  0.8425
     494	   0.059	 0.04511	  0.8419
     495	 0.05862	 0.04485	  0.8412
     496	 0.05824	  0.0446	  0.8405
     497	 0.05785	 0.04434	  0.8399
     498	 0.05745	 0.04408	  0.8392
     499	 0.05706	 0.04382	  0.8386
     500	 0.05666	 0.04357	   0.838
     501	 0.05626	 0.04331	  0.8373
     502	 0.05587	 0.04306	  0.8367
     503	 0.05547	 0.04281	   0.836
     504	 0.05509	 0.04256	  0.8354
     505	 0.05471	 0.04232	  0.8348
     506	 0.05435	  0.0421	  0.8341
     507	   0.054	 0.04189	  0.8335
     508	 0.05367	 0.04169	  0.8329
     509	 0.05336	  0.0415	  0.8322
     510	 0.05306	 0.04133	  0.8316
     511	 0.05277	 0.04116	   0.831
     512	 0.05248	 0.04098	  0.8304
     513	 0.05218	  0.0408	  0.8297
     514	 0.05187	  0.0406	  0.8291
     515	 0.05155	 0.04039	  0.8285
     516	 0.05121	 0.04016	  0.8279
     517	 0.05086	 0.03993	  0.8273
     518	 0.05049	 0.03969	  0.8267
     519	 0.05012	 0.03945	   0.826
     520	 0.04977	 0.03924	  0.8254
     521	 0.04942	 0.03904	  0.8248
     522	  0.0491	 0.03885	  0.8242
     523	  0.0488	 0.03868	  0.8236
     524	 0.04853	 0.03852	   0.823
     525	 0.04826	 0.03835	  0.8224
     526	 0.04799	 0.03817	  0.8218
     527	 0.04772	 0.03797	  0.8212
     528	 0.04744	 0.03777	  0.8206
     529	 0.04716	 0.03757	    0.82
     530	 0.04689	 0.03737	  0.8194
     531	 0.04663	 0.03718	  0.8188
     532	 0.04639	 0.03701	  0.8182
     533	 0.04617	 0.03686	  0.8176
     534	 0.04597	 0.03672	  0.8171
     535	 0.04577	 0.03658	  0.8165
     536	 0.04556	 0.03643	  0.8159
     537	 0.04533	 0.03628	  0.8153
     538	 0.04508	 0.03612	  0.8147
     539	 0.04481	 0.03596	  0.8141
     540	 0.04452	 0.03579	  0.8136
     541	 0.04422	 0.03562	   0.813
     542	 0.04392	 0.03545	  0.8124
     543	  0.0436	 0.03526	  0.8118
     544	 0.04329	 0.03506	  0.8113
     545	 0.04296	 0.03485	  0.8107
     546	 0.04264	 0.03461	  0.8101
     547	 0.04233	 0.03438	  0.8095
     548	 0.04204	 0.03415	   0.809
     549	 0.04178	 0.03395	  0.8084
     550	 0.04155	 0.03377	  0.8078
     551	 0.04134	 0.03363	  0.8073
     552	 0.04116	 0.03352	  0.8067
     553	 0.04099	 0.03343	  0.8062
     554	 0.04083	 0.03335	  0.8056
     555	 0.04067	 0.03327	   0.805
     556	 0.04051	 0.03319	  0.8045
     557	 0.04034	 0.03309	  0.8039
     558	 0.04016	 0.03298	  0.8034
     559	 0.03996	 0.03286	  0.8028
     560	 0.03976	 0.03273	  0.8023
     561	 0.03955	 0.03259	  0.8017
     562	 0.03934	 0.03244	  0.8012
     563	 0.03913	 0.03229	  0.8006
     564	 0.03891	 0.03214	  0.8001
     565	  0.0387	 0.03198	  0.7995
     566	  0.0385	 0.03184	   0.799
     567	 0.03831	 0.03171	  0.7985
     568	 0.03814	 0.03159	  0.7979
     569	 0.03799	  0.0315	  0.7974
     570	 0.03786	 0.03142	  0.7968
     571	 0.03774	 0.03135	  0.7963
     572	 0.03763	  0.0313	  0.7958
     573	 0.03752	 0.03124	  0.7952
     574	 0.03741	 0.03117	  0.7947
     575	 0.03728	 0.03109	  0.7942
     576	 0.03714	   0.031	  0.7936
     577	   0.037	 0.03091	  0.7931
     578	 0.03685	  0.0308	  0.7926
     579	 0.03672	  0.0307	  0.7921
     580	 0.03659	  0.0306	  0.7915
     581	 0.03647	  0.0305	   0.791
     582	 0.03635	 0.03041	  0.7905
     583	 0.03623	 0.03031	    0.79
     584	  0.0361	  0.0302	  0.7894
     585	 0.03596	  0.0301	  0.7889
     586	 0.03581	 0.02999	  0.7884
     587	 0.03565	 0.02987	  0.7879
     588	 0.03549	 0.02976	  0.7874
     589	 0.03534	 0.02966	  0.7869
     590	 0.03519	 0.02956	  0.7864
     591	 0.03505	 0.02946	  0.7858
     592	 0.03492	 0.02936	  0.7853
     593	 0.03479	 0.02926	  0.7848
     594	 0.03465	 0.02916	  0.7843
     595	 0.03451	 0.02906	  0.7838
     596	 0.03438	 0.02896	  0.7833
     597	 0.03424	 0.02886	  0.7828
     598	 0.03411	 0.02876	  0.7823
     599	 0.03399	 0.02866	  0.7818
     600	 0.03388	 0.02857	  0.7813
     601	 0.03378	  0.0285	  0.7808
     602	  0.0337	 0.02843	  0.7803
     603	 0.03363	 0.02838	  0.7798
     604	 0.03358	 0.02835	  0.7793
     605	 0.03354	 0.02833	  0.7788
     606	 0.03351	 0.02831	  0.7783
     607	 0.03346	 0.02829	  0.7778
     608	 0.03342	 0.02826	  0.7773
     609	 0.03335	 0.02822	  0.7768
     610	 0.03328	 0.02816	  0.7764
     611	  0.0332	  0.0281	  0.7759
     612	 0.03311	 0.02804	  0.7754
     613	 0.03301	 0.02798	  0.7749
     614	 0.03291	 0.02792	  0.7744
     615	 0.03281	 0.02786	  0.7739
     616	  0.0327	 0.02778	  0.7734
     617	 0.03259	  0.0277	   0.773
     618	 0.03248	 0.02761	  0.7725
     619	 0.03236	 0.02752	   0.772
     620	 0.03225	 0.02742	  0.7715
     621	 0.03215	 0.02734	   0.771
     622	 0.03205	 0.02726	  0.7706
     623	 0.03197	 0.02719	  0.7701
     624	  0.0319	 0.02714	  0.7696
     625	 0.03183	 0.02709	  0.7691
     626	 0.03176	 0.02705	  0.7687
     627	 0.03169	 0.02701	  0.7682
     628	 0.03162	 0.02696	  0.7677
     629	 0.03155	 0.02692	  0.7673
     630	 0.03147	 0.02687	  0.7668
     631	 0.03139	 0.02682	  0.7663
     632	 0.03131	 0.02676	  0.7659
     633	 0.03122	 0.02669	  0.7654
     634	 0.03115	 0.02662	  0.7649
     635	 0.03107	 0.02655	  0.7645
     636	 0.03099	 0.02647	   0.764
     637	 0.03091	  0.0264	  0.7635
     638	 0.03083	 0.02632	  0.7631
     639	 0.03074	 0.02625	  0.7626
     640	 0.03064	 0.02618	  0.7622
     641	 0.03054	 0.02611	  0.7617
     642	 0.03045	 0.02603	  0.7613
     643	 0.03035	 0.02597	  0.7608
     644	 0.03027	  0.0259	  0.7604
     645	 0.03019	 0.02585	  0.7599
     646	 0.03012	  0.0258	  0.7594
     647	 0.03006	 0.02576	   0.759
     648	 0.03001	 0.02573	  0.7585
     649	 0.02995	  0.0257	  0.7581
     650	 0.02989	 0.02566	  0.7576
     651	 0.02982	 0.02562	  0.7572
     652	 0.02976	 0.02558	  0.7568
     653	 0.02969	 0.02553	  0.7563
     654	 0.02963	 0.02548	  0.7559
     655	 0.02957	 0.02542	  0.7554
     656	 0.02952	 0.02536	   0.755
     657	 0.02947	 0.02529	  0.7545
     658	 0.02943	 0.02522	  0.7541
     659	  0.0294	 0.02515	  0.7537
     660	 0.02938	 0.02508	  0.7532
     661	 0.02937	 0.02502	  0.7528
     662	 0.02937	 0.02496	  0.7523
     663	 0.02939	  0.0249	  0.7519
     664	 0.02942	 0.02486	  0.7515
     665	 0.02945	 0.02482	   0.751
     666	 0.02948	 0.02478	  0.7506
     667	 0.02951	 0.02474	  0.7502
     668	 0.02953	 0.02468	  0.7497
     669	 0.02953	 0.02461	  0.7493
     670	 0.02951	 0.02451	  0.7489
     671	 0.02947	 0.02441	  0.7485
     672	 0.02941	  0.0243	   0.748
     673	 0.02933	 0.02418	  0.7476
     674	 0.02923	 0.02408	  0.7472
     675	 0.02913	 0.02399	  0.7467
     676	 0.02902	 0.02392	  0.7463
     677	 0.02891	 0.02386	  0.7459
     678	 0.02879	 0.02382	  0.7455
     679	 0.02865	 0.02378	  0.7451
     680	 0.02851	 0.02375	  0.7446
     681	 0.02835	 0.02371	  0.7442
     682	 0.02819	 0.02367	  0.7438
     683	 0.02802	 0.02362	  0.7434
     684	 0.02786	 0.02357	   0.743
     685	  0.0277	 0.02353	  0.7425
     686	 0.02755	 0.02349	  0.7421
     687	 0.02742	 0.02347	  0.7417
     688	 0.02729	 0.02346	  0.7413
     689	 0.02717	 0.02347	  0.7409
     690	 0.02704	 0.02347	  0.7405
     691	 0.02692	 0.02348	  0.7401
     692	 0.02679	 0.02349	  0.7397
     693	 0.02666	 0.02348	  0.7392
     694	 0.02652	 0.02347	  0.7388
     695	 0.02639	 0.02344	  0.7384
     696	 0.02627	 0.02342	   0.738
     697	 0.02615	 0.02339	  0.7376
     698	 0.02604	 0.02336	  0.7372
     699	 0.02593	 0.02333	  0.7368
     700	 0.02582	 0.02329	  0.7364
     701	 0.02571	 0.02325	   0.736
     702	 0.02559	 0.02321	  0.7356
     703	 0.02547	 0.02317	  0.7352
     704	 0.02536	 0.02313	  0.7348
     705	 0.02526	 0.02309	  0.7344
     706	 0.02519	 0.02307	   0.734
     707	 0.02513	 0.02305	  0.7336
     708	 0.02509	 0.02304	  0.7332
     709	 0.02506	 0.02302	  0.7328
     710	 0.02501	 0.02299	  0.7324
     711	 0.02495	 0.02295	   0.732
     712	 0.02486	 0.02288	  0.7316
     713	 0.02475	 0.02281	  0.7312
     714	 0.02462	 0.02271	  0.7308
     715	 0.02449	 0.02262	  0.7304
     716	 0.02437	 0.02252	    0.73
     717	 0.02428	 0.02244	  0.7296
     718	 0.02422	 0.02238	  0.7292
     719	 0.02418	 0.02234	  0.7289
     720	 0.02418	 0.02233	  0.7285
     721	 0.02419	 0.02234	  0.7281
     722	  0.0242	 0.02234	  0.7277
     723	 0.02419	 0.02235	  0.7273
     724	 0.02416	 0.02233	  0.7269
     725	 0.02409	  0.0223	  0.7265
     726	 0.02399	 0.02225	  0.7262
     727	 0.02388	 0.02218	  0.7258
     728	 0.02376	  0.0221	  0.7254
     729	 0.02366	 0.02203	   0.725
     730	 0.02356	 0.02197	  0.7246
     731	 0.02349	 0.02191	  0.7242
     732	 0.02344	 0.02186	  0.7239
     733	 0.02339	 0.02181	  0.7235
     734	 0.02334	 0.02176	  0.7231
     735	 0.02327	 0.02169	  0.7227
     736	 0.02319	 0.02162	  0.7223
     737	  0.0231	 0.02153	   0.722
     738	 0.02299	 0.02143	  0.7216
     739	 0.02287	 0.02134	  0.7212
     740	 0.02277	 0.02125	  0.7208
     741	 0.02268	 0.02118	  0.7205
     742	  0.0226	 0.02112	  0.7201
     743	 0.02254	 0.02108	  0.7197
     744	 0.02249	 0.02105	  0.7194
     745	 0.02244	 0.02104	   0.719
     746	 0.02238	 0.02102	  0.7186
     747	 0.02233	   0.021	  0.7182
     748	 0.02227	 0.02099	  0.7179
     749	 0.02222	 0.02097	  0.7175
     750	 0.02217	 0.02096	  0.7171
     751	 0.02214	 0.02095	  0.7168
     752	 0.02211	 0.02093	  0.7164
     753	 0.02207	 0.02091	   0.716
     754	 0.02202	 0.02088	  0.7157
     755	 0.02196	 0.02084	  0.7153
     756	 0.02188	 0.02079	  0.7149
     757	 0.02179	 0.02075	  0.7146
     758	 0.02171	  0.0207	  0.7142
     759	 0.02164	 0.02067	  0.7139
     760	 0.02158	 0.02065	  0.7135
     761	 0.02155	 0.02066	  0.7131
     762	 0.02152	 0.02067	  0.7128
     763	  0.0215	 0.02068	  0.7124
     764	 0.02147	 0.02068	  0.7121
     765	 0.02143	 0.02067	  0.7117
     766	 0.02138	 0.02064	  0.7114
     767	 0.02132	  0.0206	   0.711
     768	 0.02126	 0.02055	  0.7106
     769	 0.02119	  0.0205	  0.7103
     770	 0.02114	 0.02046	  0.7099
     771	  0.0211	 0.02043	  0.7096
     772	 0.02107	 0.02041	  0.7092
     773	 0.02106	 0.02039	  0.7089
     774	 0.02107	 0.02039	  0.7085
     775	 0.02108	 0.02038	  0.7082
     776	 0.02109	 0.02038	  0.7078
     777	 0.02109	 0.02037	  0.7075
     778	 0.02107	 0.02035	  0.7071
     779	 0.02102	 0.02031	  0.7068
     780	 0.02094	 0.02026	  0.7064
     781	 0.02083	 0.02019	  0.7061
     782	  0.0207	 0.02011	  0.7057
     783	 0.02057	 0.02002	  0.7054
     784	 0.02044	 0.01992	   0.705
     785	 0.02033	 0.01982	  0.7047
     786	 0.02023	 0.01973	  0.7043
     787	 0.02014	 0.01966	   0.704
     788	 0.02008	 0.01959	  0.7037
     789	 0.02003	 0.01955	  0.7033
     790	    0.02	 0.01951	   0.703
     791	 0.01999	  0.0195	  0.7026
     792	 0.01999	 0.01949	  0.7023
     793	 0.01999	 0.01949	   0.702
     794	 0.01999	 0.01948	  0.7016
     795	 0.01996	 0.01946	  0.7013
     796	 0.01991	 0.01944	  0.7009
     797	 0.01984	 0.01939	  0.7006
     798	 0.01975	 0.01935	  0.7003
     799	 0.01965	  0.0193	  0.6999
     800	 0.01956	 0.01925	  0.6996
     801	 0.01949	 0.01922	  0.6993
     802	 0.01945	 0.01919	  0.6989
     803	 0.01943	 0.01917	  0.6986
     804	 0.01944	 0.01917	  0.6982
     805	 0.01945	 0.01917	  0.6979
     806	 0.01948	 0.01918	  0.6976
     807	 0.01949	 0.01919	  0.6972
     808	 0.01948	  0.0192	  0.6969
     809	 0.01945	  0.0192	  0.6966
     810	 0.01939	 0.01917	  0.6963
     811	 0.01931	 0.01912	  0.6959
     812	 0.01923	 0.01905	  0.6956
     813	 0.01917	 0.01898	  0.6953
     814	 0.01913	 0.01892	  0.6949
     815	 0.01913	 0.01889	  0.6946
     816	 0.01915	 0.01888	  0.6943
     817	 0.01919	 0.01888	   0.694
     818	 0.01921	 0.01887	  0.6936
     819	 0.01919	 0.01885	  0.6933
     820	 0.01914	 0.01881	   0.693
     821	 0.01906	 0.01874	  0.6927
     822	 0.01894	 0.01865	  0.6923
     823	 0.01881	 0.01856	   0.692
     824	 0.01869	 0.01847	  0.6917
     825	 0.01858	 0.01839	  0.6914
     826	 0.01849	 0.01831	   0.691
     827	  0.0184	 0.01825	  0.6907
     828	 0.01832	  0.0182	  0.6904
     829	 0.01823	 0.01816	  0.6901
     830	 0.01813	 0.01812	  0.6898
     831	 0.01803	 0.01808	  0.6894
     832	 0.01794	 0.01803	  0.6891
     833	 0.01787	 0.01798	  0.6888
     834	 0.01782	 0.01793	  0.6885
     835	 0.01779	 0.01788	  0.6882
     836	 0.01778	 0.01784	  0.6879
     837	 0.01776	  0.0178	  0.6875
     838	 0.01772	 0.01777	  0.6872
     839	 0.01766	 0.01775	  0.6869
     840	 0.01755	 0.01775	  0.6866
     841	 0.01743	 0.01775	  0.6863
     842	  0.0173	 0.01775	   0.686
     843	 0.01719	 0.01777	  0.6857
     844	 0.01711	  0.0178	  0.6853
     845	 0.01709	 0.01786	   0.685
     846	 0.01714	 0.01797	  0.6847
     847	 0.01725	 0.01814	  0.6844
     848	 0.01741	 0.01837	  0.6841
     849	 0.01761	 0.01865	  0.6838
     850	 0.01782	 0.01896	  0.6835
