/*
Particulate absorption and scattering spectra, normalized by SPM 
Scattering spectra from ac-s power-function fit 400-700 nm scaled by LISST-VSF scattering coefficient at 532 nm 
Total (a_p) and MeOH-extracted (a_d) absorption spectra from UV/VIS spectrophotometer measurements with GF/F filter inside 15-cm integrating sphere
Correction for filter-pad pathlength amplification from Stramski et al. 2015 

Lat, Lon = 70.237, -147.576
Date Time UTC = 09-Sep-2018 22:49:46
Depth = 1.5 m
SPM = 9.78 g/m3
POC = 241.92 mg/m3
PSD power-law exponent (~1.5-147 µm) = 3.11 
Scattering spectra power-function exponent (400-700 nm) = 0.488 

Created by Daniel Koestner on 15-Jan-2024 15:28:37
Data Version: V4_10-Nov-2023

Column 1: wavelength [nm]
Column 2: a_p [m^2/g]
Column 3: a_d [m^2/g]
Column 4: b_p [m^2/g]
*/
     290	  0.2069	   0.177	   1.866
     291	  0.2061	  0.1759	   1.863
     292	  0.2054	   0.175	   1.859
     293	  0.2046	  0.1741	   1.856
     294	  0.2038	  0.1733	   1.853
     295	   0.203	  0.1725	    1.85
     296	  0.2022	  0.1717	   1.847
     297	  0.2013	  0.1709	   1.844
     298	  0.2003	  0.1701	   1.841
     299	  0.1993	  0.1693	   1.838
     300	  0.1983	  0.1685	   1.835
     301	  0.1974	  0.1678	   1.832
     302	  0.1966	  0.1672	   1.829
     303	  0.1959	  0.1667	   1.826
     304	  0.1954	  0.1662	   1.823
     305	  0.1948	  0.1657	    1.82
     306	  0.1942	  0.1652	   1.817
     307	  0.1936	  0.1646	   1.815
     308	  0.1928	  0.1639	   1.812
     309	   0.192	  0.1632	   1.809
     310	  0.1912	  0.1624	   1.806
     311	  0.1903	  0.1617	   1.803
     312	  0.1895	   0.161	     1.8
     313	  0.1888	  0.1604	   1.797
     314	  0.1881	  0.1599	   1.795
     315	  0.1875	  0.1594	   1.792
     316	   0.187	  0.1589	   1.789
     317	  0.1864	  0.1584	   1.786
     318	  0.1857	  0.1578	   1.784
     319	   0.185	  0.1571	   1.781
     320	  0.1841	  0.1564	   1.778
     321	  0.1832	  0.1555	   1.775
     322	  0.1822	  0.1547	   1.773
     323	  0.1813	   0.154	    1.77
     324	  0.1804	  0.1533	   1.767
     325	  0.1796	  0.1527	   1.765
     326	  0.1789	  0.1522	   1.762
     327	  0.1783	  0.1517	   1.759
     328	  0.1777	  0.1512	   1.757
     329	  0.1771	  0.1507	   1.754
     330	  0.1764	  0.1503	   1.752
     331	  0.1758	  0.1498	   1.749
     332	  0.1751	  0.1492	   1.747
     333	  0.1744	  0.1486	   1.744
     334	  0.1737	  0.1479	   1.741
     335	   0.173	  0.1472	   1.739
     336	  0.1723	  0.1465	   1.736
     337	  0.1716	  0.1458	   1.734
     338	  0.1709	  0.1451	   1.731
     339	  0.1703	  0.1445	   1.729
     340	  0.1696	  0.1439	   1.726
     341	  0.1689	  0.1433	   1.724
     342	  0.1682	  0.1428	   1.721
     343	  0.1674	  0.1422	   1.719
     344	  0.1666	  0.1415	   1.717
     345	  0.1657	  0.1408	   1.714
     346	  0.1648	  0.1401	   1.712
     347	  0.1639	  0.1393	   1.709
     348	   0.163	  0.1386	   1.707
     349	  0.1622	  0.1378	   1.704
     350	  0.1613	  0.1371	   1.702
     351	  0.1605	  0.1365	     1.7
     352	  0.1597	  0.1358	   1.697
     353	  0.1589	  0.1352	   1.695
     354	  0.1581	  0.1345	   1.693
     355	  0.1573	  0.1339	    1.69
     356	  0.1565	  0.1333	   1.688
     357	  0.1556	  0.1327	   1.686
     358	  0.1548	   0.132	   1.683
     359	   0.154	  0.1313	   1.681
     360	  0.1531	  0.1306	   1.679
     361	  0.1523	  0.1299	   1.677
     362	  0.1514	  0.1292	   1.674
     363	  0.1506	  0.1285	   1.672
     364	  0.1498	  0.1278	    1.67
     365	  0.1491	  0.1272	   1.668
     366	  0.1483	  0.1265	   1.665
     367	  0.1476	  0.1258	   1.663
     368	  0.1468	  0.1251	   1.661
     369	  0.1459	  0.1242	   1.659
     370	   0.145	  0.1233	   1.657
     371	   0.144	  0.1223	   1.654
     372	  0.1429	  0.1212	   1.652
     373	  0.1417	  0.1201	    1.65
     374	  0.1405	  0.1189	   1.648
     375	  0.1391	  0.1176	   1.646
     376	  0.1377	  0.1163	   1.644
     377	  0.1362	   0.115	   1.641
     378	  0.1347	  0.1138	   1.639
     379	  0.1333	  0.1126	   1.637
     380	   0.132	  0.1115	   1.635
     381	  0.1308	  0.1106	   1.633
     382	  0.1296	  0.1097	   1.631
     383	  0.1286	  0.1089	   1.629
     384	  0.1275	   0.108	   1.627
     385	  0.1264	  0.1071	   1.625
     386	  0.1253	  0.1061	   1.623
     387	  0.1242	  0.1051	   1.621
     388	  0.1231	   0.104	   1.619
     389	   0.122	   0.103	   1.617
     390	  0.1211	   0.102	   1.615
     391	  0.1203	  0.1011	   1.613
     392	  0.1195	  0.1003	   1.611
     393	  0.1188	 0.09949	   1.609
     394	   0.118	 0.09875	   1.607
     395	  0.1171	   0.098	   1.605
     396	  0.1162	 0.09724	   1.603
     397	  0.1151	 0.09646	   1.601
     398	  0.1141	 0.09563	   1.599
     399	  0.1129	 0.09477	   1.597
     400	  0.1118	 0.09388	   1.595
     401	  0.1108	 0.09296	   1.593
     402	  0.1098	 0.09202	   1.591
     403	  0.1089	 0.09108	   1.589
     404	   0.108	 0.09015	   1.587
     405	  0.1072	 0.08925	   1.585
     406	  0.1064	 0.08839	   1.583
     407	  0.1056	 0.08759	   1.581
     408	  0.1049	 0.08684	   1.579
     409	  0.1041	 0.08614	   1.577
     410	  0.1034	 0.08549	   1.576
     411	  0.1027	 0.08487	   1.574
     412	   0.102	 0.08426	   1.572
     413	  0.1013	 0.08368	    1.57
     414	  0.1006	 0.08311	   1.568
     415	 0.09995	 0.08255	   1.566
     416	 0.09929	 0.08202	   1.564
     417	 0.09863	 0.08149	   1.563
     418	 0.09794	 0.08096	   1.561
     419	 0.09723	 0.08041	   1.559
     420	 0.09649	 0.07982	   1.557
     421	 0.09573	 0.07919	   1.555
     422	 0.09496	 0.07854	   1.554
     423	  0.0942	 0.07786	   1.552
     424	 0.09345	 0.07718	    1.55
     425	  0.0927	  0.0765	   1.548
     426	 0.09194	 0.07581	   1.546
     427	 0.09116	  0.0751	   1.545
     428	 0.09035	 0.07438	   1.543
     429	 0.08953	 0.07361	   1.541
     430	  0.0887	 0.07282	   1.539
     431	 0.08791	 0.07201	   1.538
     432	 0.08715	  0.0712	   1.536
     433	 0.08646	 0.07041	   1.534
     434	 0.08581	 0.06966	   1.532
     435	  0.0852	 0.06896	   1.531
     436	  0.0846	  0.0683	   1.529
     437	 0.08399	 0.06769	   1.527
     438	 0.08335	 0.06711	   1.526
     439	 0.08267	 0.06655	   1.524
     440	 0.08194	 0.06598	   1.522
     441	 0.08118	 0.06542	   1.521
     442	  0.0804	 0.06485	   1.519
     443	 0.07959	 0.06427	   1.517
     444	 0.07879	 0.06369	   1.516
     445	 0.07798	 0.06312	   1.514
     446	  0.0772	 0.06255	   1.512
     447	 0.07645	 0.06202	   1.511
     448	 0.07575	 0.06152	   1.509
     449	 0.07512	 0.06108	   1.507
     450	 0.07456	 0.06068	   1.506
     451	 0.07406	 0.06033	   1.504
     452	 0.07362	 0.06002	   1.502
     453	  0.0732	 0.05973	   1.501
     454	 0.07279	 0.05945	   1.499
     455	 0.07238	 0.05917	   1.498
     456	 0.07195	 0.05888	   1.496
     457	 0.07152	 0.05857	   1.494
     458	 0.07107	 0.05826	   1.493
     459	 0.07064	 0.05793	   1.491
     460	 0.07021	 0.05759	    1.49
     461	 0.06981	 0.05724	   1.488
     462	 0.06944	 0.05691	   1.486
     463	 0.06909	 0.05658	   1.485
     464	 0.06877	 0.05627	   1.483
     465	 0.06847	 0.05599	   1.482
     466	 0.06818	 0.05572	    1.48
     467	  0.0679	 0.05548	   1.479
     468	 0.06762	 0.05526	   1.477
     469	 0.06734	 0.05505	   1.476
     470	 0.06706	 0.05485	   1.474
     471	 0.06677	 0.05466	   1.472
     472	 0.06647	 0.05445	   1.471
     473	 0.06616	 0.05424	   1.469
     474	 0.06584	 0.05401	   1.468
     475	  0.0655	 0.05376	   1.466
     476	 0.06514	  0.0535	   1.465
     477	 0.06476	 0.05323	   1.463
     478	 0.06436	 0.05294	   1.462
     479	 0.06395	 0.05265	    1.46
     480	 0.06353	 0.05236	   1.459
     481	 0.06311	 0.05206	   1.457
     482	  0.0627	 0.05176	   1.456
     483	 0.06231	 0.05147	   1.455
     484	 0.06192	 0.05119	   1.453
     485	 0.06154	  0.0509	   1.452
     486	 0.06117	 0.05062	    1.45
     487	 0.06079	 0.05033	   1.449
     488	  0.0604	 0.05003	   1.447
     489	 0.05999	 0.04972	   1.446
     490	 0.05956	 0.04939	   1.444
     491	 0.05911	 0.04904	   1.443
     492	 0.05866	 0.04868	   1.441
     493	 0.05821	 0.04832	    1.44
     494	 0.05776	 0.04798	   1.439
     495	 0.05733	 0.04765	   1.437
     496	 0.05692	 0.04734	   1.436
     497	 0.05654	 0.04704	   1.434
     498	 0.05617	 0.04676	   1.433
     499	 0.05582	 0.04648	   1.432
     500	 0.05547	  0.0462	    1.43
     501	 0.05512	  0.0459	   1.429
     502	 0.05475	  0.0456	   1.427
     503	 0.05437	  0.0453	   1.426
     504	 0.05397	 0.04501	   1.425
     505	 0.05356	 0.04473	   1.423
     506	 0.05314	 0.04446	   1.422
     507	 0.05271	 0.04421	   1.421
     508	 0.05227	 0.04396	   1.419
     509	 0.05182	 0.04371	   1.418
     510	 0.05137	 0.04346	   1.416
     511	 0.05093	 0.04322	   1.415
     512	 0.05051	 0.04297	   1.414
     513	  0.0501	 0.04272	   1.412
     514	 0.04972	 0.04247	   1.411
     515	 0.04935	 0.04221	    1.41
     516	 0.04899	 0.04193	   1.408
     517	 0.04863	 0.04164	   1.407
     518	 0.04825	 0.04134	   1.406
     519	 0.04787	 0.04102	   1.404
     520	 0.04748	 0.04071	   1.403
     521	 0.04709	 0.04039	   1.402
     522	 0.04671	 0.04009	     1.4
     523	 0.04635	 0.03979	   1.399
     524	 0.04601	  0.0395	   1.398
     525	 0.04568	 0.03922	   1.397
     526	 0.04537	 0.03896	   1.395
     527	 0.04507	  0.0387	   1.394
     528	 0.04479	 0.03845	   1.393
     529	 0.04451	 0.03822	   1.391
     530	 0.04424	 0.03798	    1.39
     531	 0.04397	 0.03774	   1.389
     532	 0.04369	 0.03749	   1.388
     533	 0.04339	 0.03723	   1.386
     534	 0.04308	 0.03696	   1.385
     535	 0.04275	 0.03668	   1.384
     536	  0.0424	 0.03639	   1.382
     537	 0.04203	 0.03611	   1.381
     538	 0.04167	 0.03583	    1.38
     539	  0.0413	 0.03555	   1.379
     540	 0.04095	 0.03528	   1.377
     541	 0.04063	 0.03503	   1.376
     542	 0.04033	  0.0348	   1.375
     543	 0.04005	 0.03459	   1.374
     544	 0.03978	  0.0344	   1.373
     545	 0.03952	 0.03421	   1.371
     546	 0.03924	 0.03403	    1.37
     547	 0.03896	 0.03385	   1.369
     548	 0.03867	 0.03367	   1.368
     549	 0.03838	 0.03348	   1.366
     550	 0.03809	 0.03329	   1.365
     551	 0.03781	 0.03309	   1.364
     552	 0.03755	 0.03289	   1.363
     553	 0.03731	 0.03269	   1.362
     554	  0.0371	  0.0325	    1.36
     555	 0.03691	 0.03233	   1.359
     556	 0.03676	 0.03217	   1.358
     557	 0.03663	 0.03204	   1.357
     558	 0.03653	 0.03193	   1.356
     559	 0.03643	 0.03183	   1.354
     560	 0.03632	 0.03175	   1.353
     561	  0.0362	 0.03166	   1.352
     562	 0.03607	 0.03157	   1.351
     563	 0.03592	 0.03147	    1.35
     564	 0.03575	 0.03136	   1.349
     565	 0.03558	 0.03125	   1.347
     566	 0.03541	 0.03112	   1.346
     567	 0.03523	 0.03098	   1.345
     568	 0.03506	 0.03084	   1.344
     569	 0.03491	 0.03071	   1.343
     570	 0.03476	 0.03058	   1.342
     571	 0.03462	 0.03046	    1.34
     572	 0.03449	 0.03035	   1.339
     573	 0.03435	 0.03023	   1.338
     574	  0.0342	 0.03011	   1.337
     575	 0.03404	 0.02998	   1.336
     576	 0.03387	 0.02983	   1.335
     577	 0.03369	 0.02968	   1.334
     578	  0.0335	 0.02952	   1.332
     579	 0.03332	 0.02937	   1.331
     580	 0.03315	 0.02922	    1.33
     581	   0.033	 0.02909	   1.329
     582	 0.03285	 0.02897	   1.328
     583	 0.03273	 0.02886	   1.327
     584	 0.03261	 0.02876	   1.326
     585	  0.0325	 0.02868	   1.325
     586	  0.0324	  0.0286	   1.324
     587	 0.03231	 0.02855	   1.322
     588	 0.03223	  0.0285	   1.321
     589	 0.03214	 0.02846	    1.32
     590	 0.03205	 0.02842	   1.319
     591	 0.03194	 0.02837	   1.318
     592	 0.03183	 0.02829	   1.317
     593	  0.0317	  0.0282	   1.316
     594	 0.03156	 0.02808	   1.315
     595	 0.03143	 0.02796	   1.314
     596	  0.0313	 0.02783	   1.313
     597	 0.03118	  0.0277	   1.312
     598	 0.03106	 0.02759	   1.311
     599	 0.03095	 0.02749	   1.309
     600	 0.03084	 0.02739	   1.308
     601	 0.03072	  0.0273	   1.307
     602	  0.0306	 0.02721	   1.306
     603	 0.03047	 0.02711	   1.305
     604	 0.03035	 0.02703	   1.304
     605	 0.03024	 0.02695	   1.303
     606	 0.03014	 0.02688	   1.302
     607	 0.03005	 0.02682	   1.301
     608	 0.02998	 0.02677	     1.3
     609	 0.02989	  0.0267	   1.299
     610	  0.0298	 0.02663	   1.298
     611	  0.0297	 0.02654	   1.297
     612	 0.02959	 0.02644	   1.296
     613	 0.02948	 0.02634	   1.295
     614	 0.02937	 0.02624	   1.294
     615	 0.02927	 0.02615	   1.293
     616	 0.02919	 0.02607	   1.292
     617	 0.02911	   0.026	   1.291
     618	 0.02904	 0.02594	    1.29
     619	 0.02898	 0.02587	   1.289
     620	 0.02891	  0.0258	   1.288
     621	 0.02884	 0.02572	   1.287
     622	 0.02876	 0.02564	   1.286
     623	 0.02868	 0.02555	   1.285
     624	 0.02859	 0.02545	   1.284
     625	  0.0285	 0.02535	   1.283
     626	 0.02841	 0.02525	   1.282
     627	 0.02832	 0.02514	   1.281
     628	 0.02823	 0.02504	    1.28
     629	 0.02814	 0.02494	   1.279
     630	 0.02804	 0.02484	   1.278
     631	 0.02795	 0.02475	   1.277
     632	 0.02785	 0.02466	   1.276
     633	 0.02775	 0.02458	   1.275
     634	 0.02765	 0.02451	   1.274
     635	 0.02756	 0.02445	   1.273
     636	 0.02747	 0.02438	   1.272
     637	 0.02738	 0.02432	   1.271
     638	  0.0273	 0.02425	    1.27
     639	 0.02721	 0.02417	   1.269
     640	 0.02713	 0.02409	   1.268
     641	 0.02706	   0.024	   1.267
     642	 0.02699	 0.02391	   1.266
     643	 0.02692	 0.02382	   1.265
     644	 0.02686	 0.02374	   1.264
     645	 0.02679	 0.02365	   1.263
     646	  0.0267	 0.02357	   1.262
     647	 0.02661	 0.02348	   1.261
     648	 0.02652	  0.0234	    1.26
     649	 0.02642	 0.02333	   1.259
     650	 0.02633	 0.02326	   1.258
     651	 0.02625	 0.02321	   1.257
     652	 0.02618	 0.02317	   1.256
     653	 0.02613	 0.02314	   1.255
     654	 0.02608	 0.02311	   1.255
     655	 0.02606	 0.02307	   1.254
     656	 0.02604	 0.02303	   1.253
     657	 0.02604	 0.02297	   1.252
     658	 0.02605	 0.02291	   1.251
     659	 0.02607	 0.02283	    1.25
     660	 0.02611	 0.02274	   1.249
     661	 0.02615	 0.02265	   1.248
     662	 0.02621	 0.02256	   1.247
     663	 0.02625	 0.02247	   1.246
     664	 0.02628	 0.02237	   1.245
     665	 0.02629	 0.02227	   1.244
     666	 0.02628	 0.02216	   1.243
     667	 0.02625	 0.02205	   1.243
     668	 0.02622	 0.02195	   1.242
     669	  0.0262	 0.02187	   1.241
     670	 0.02619	  0.0218	    1.24
     671	  0.0262	 0.02176	   1.239
     672	 0.02623	 0.02172	   1.238
     673	 0.02625	  0.0217	   1.237
     674	 0.02626	 0.02166	   1.236
     675	 0.02623	 0.02162	   1.235
     676	 0.02617	 0.02156	   1.234
     677	 0.02606	 0.02149	   1.234
     678	 0.02591	 0.02142	   1.233
     679	 0.02574	 0.02136	   1.232
     680	 0.02554	 0.02132	   1.231
     681	 0.02535	 0.02131	    1.23
     682	 0.02516	 0.02132	   1.229
     683	 0.02497	 0.02134	   1.228
     684	 0.02479	 0.02137	   1.227
     685	 0.02461	  0.0214	   1.227
     686	 0.02442	  0.0214	   1.226
     687	 0.02421	 0.02138	   1.225
     688	 0.02399	 0.02134	   1.224
     689	 0.02376	 0.02127	   1.223
     690	 0.02354	 0.02118	   1.222
     691	 0.02333	 0.02109	   1.221
     692	 0.02314	   0.021	    1.22
     693	 0.02296	 0.02091	    1.22
     694	 0.02279	 0.02083	   1.219
     695	 0.02264	 0.02076	   1.218
     696	 0.02249	 0.02069	   1.217
     697	 0.02234	 0.02062	   1.216
     698	  0.0222	 0.02054	   1.215
     699	 0.02207	 0.02047	   1.214
     700	 0.02195	  0.0204	   1.214
     701	 0.02184	 0.02034	   1.213
     702	 0.02175	 0.02029	   1.212
     703	 0.02168	 0.02026	   1.211
     704	 0.02161	 0.02023	    1.21
     705	 0.02155	  0.0202	   1.209
     706	  0.0215	 0.02017	   1.209
     707	 0.02144	 0.02012	   1.208
     708	 0.02138	 0.02006	   1.207
     709	 0.02131	 0.01999	   1.206
     710	 0.02124	 0.01991	   1.205
     711	 0.02116	 0.01983	   1.204
     712	 0.02108	 0.01976	   1.204
     713	   0.021	 0.01968	   1.203
     714	 0.02092	 0.01962	   1.202
     715	 0.02083	 0.01956	   1.201
     716	 0.02075	 0.01951	     1.2
     717	 0.02066	 0.01947	   1.199
     718	 0.02056	 0.01943	   1.199
     719	 0.02047	 0.01939	   1.198
     720	 0.02037	 0.01936	   1.197
     721	 0.02027	 0.01932	   1.196
     722	 0.02019	 0.01928	   1.195
     723	 0.02012	 0.01923	   1.195
     724	 0.02007	 0.01919	   1.194
     725	 0.02004	 0.01914	   1.193
     726	 0.02001	 0.01908	   1.192
     727	 0.01998	 0.01902	   1.191
     728	 0.01994	 0.01894	   1.191
     729	 0.01986	 0.01885	    1.19
     730	 0.01976	 0.01875	   1.189
     731	 0.01962	 0.01864	   1.188
     732	 0.01946	 0.01854	   1.187
     733	  0.0193	 0.01845	   1.187
     734	 0.01915	 0.01838	   1.186
     735	 0.01902	 0.01833	   1.185
     736	 0.01893	 0.01831	   1.184
     737	 0.01887	 0.01831	   1.183
     738	 0.01885	 0.01833	   1.183
     739	 0.01885	 0.01835	   1.182
     740	 0.01887	 0.01837	   1.181
     741	 0.01889	 0.01838	    1.18
     742	  0.0189	 0.01837	    1.18
     743	 0.01891	 0.01834	   1.179
     744	  0.0189	 0.01829	   1.178
     745	 0.01889	 0.01825	   1.177
     746	 0.01887	 0.01821	   1.177
     747	 0.01883	  0.0182	   1.176
     748	 0.01879	  0.0182	   1.175
     749	 0.01873	 0.01821	   1.174
     750	 0.01866	 0.01822	   1.173
     751	 0.01858	 0.01822	   1.173
     752	  0.0185	  0.0182	   1.172
     753	 0.01842	 0.01816	   1.171
     754	 0.01834	  0.0181	    1.17
     755	 0.01828	 0.01803	    1.17
     756	 0.01823	 0.01795	   1.169
     757	 0.01818	 0.01788	   1.168
     758	 0.01813	 0.01782	   1.167
     759	 0.01808	 0.01775	   1.167
     760	 0.01802	  0.0177	   1.166
     761	 0.01796	 0.01765	   1.165
     762	  0.0179	  0.0176	   1.164
     763	 0.01786	 0.01756	   1.164
     764	 0.01782	 0.01753	   1.163
     765	  0.0178	 0.01749	   1.162
     766	 0.01778	 0.01744	   1.161
     767	 0.01775	 0.01738	   1.161
     768	 0.01772	 0.01731	    1.16
     769	  0.0177	 0.01724	   1.159
     770	 0.01769	 0.01719	   1.158
     771	  0.0177	 0.01717	   1.158
     772	 0.01774	 0.01718	   1.157
     773	 0.01781	 0.01722	   1.156
     774	 0.01789	 0.01729	   1.156
     775	 0.01797	 0.01735	   1.155
     776	 0.01803	  0.0174	   1.154
     777	 0.01805	 0.01741	   1.153
     778	 0.01802	 0.01737	   1.153
     779	 0.01794	  0.0173	   1.152
     780	 0.01783	 0.01721	   1.151
     781	  0.0177	 0.01711	    1.15
     782	 0.01758	 0.01703	    1.15
     783	 0.01746	 0.01698	   1.149
     784	 0.01736	 0.01697	   1.148
     785	 0.01729	 0.01699	   1.148
     786	 0.01723	 0.01704	   1.147
     787	 0.01719	  0.0171	   1.146
     788	 0.01715	 0.01716	   1.145
     789	 0.01712	  0.0172	   1.145
     790	  0.0171	 0.01722	   1.144
     791	 0.01708	 0.01721	   1.143
     792	 0.01705	 0.01717	   1.143
     793	 0.01703	  0.0171	   1.142
     794	 0.01699	 0.01701	   1.141
     795	 0.01693	 0.01691	   1.141
     796	 0.01685	 0.01679	    1.14
     797	 0.01676	 0.01667	   1.139
     798	 0.01665	 0.01654	   1.138
     799	 0.01654	  0.0164	   1.138
     800	 0.01643	 0.01626	   1.137
     801	 0.01632	 0.01611	   1.136
     802	 0.01622	 0.01597	   1.136
     803	 0.01614	 0.01586	   1.135
     804	 0.01608	 0.01579	   1.134
     805	 0.01605	 0.01576	   1.134
     806	 0.01603	 0.01579	   1.133
     807	 0.01602	 0.01584	   1.132
     808	 0.01602	 0.01591	   1.132
     809	 0.01601	 0.01596	   1.131
     810	 0.01598	 0.01598	    1.13
     811	 0.01594	 0.01595	    1.13
     812	  0.0159	 0.01588	   1.129
     813	 0.01586	 0.01579	   1.128
     814	 0.01584	  0.0157	   1.127
     815	 0.01584	 0.01561	   1.127
     816	 0.01586	 0.01553	   1.126
     817	 0.01588	 0.01547	   1.125
     818	 0.01589	 0.01543	   1.125
     819	 0.01589	 0.01542	   1.124
     820	 0.01587	 0.01545	   1.123
     821	 0.01584	  0.0155	   1.123
     822	 0.01582	 0.01559	   1.122
     823	 0.01579	  0.0157	   1.121
     824	 0.01576	 0.01579	   1.121
     825	 0.01572	 0.01584	    1.12
     826	 0.01565	 0.01584	   1.119
     827	 0.01555	 0.01578	   1.119
     828	 0.01541	 0.01566	   1.118
     829	 0.01523	 0.01551	   1.117
     830	 0.01505	 0.01534	   1.117
     831	 0.01485	 0.01515	   1.116
     832	 0.01467	 0.01497	   1.115
     833	 0.01452	  0.0148	   1.115
     834	 0.01438	 0.01464	   1.114
     835	 0.01428	  0.0145	   1.114
     836	 0.01421	 0.01438	   1.113
     837	 0.01417	  0.0143	   1.112
     838	 0.01414	 0.01425	   1.112
     839	 0.01414	 0.01423	   1.111
     840	 0.01414	 0.01422	    1.11
     841	 0.01416	 0.01422	    1.11
     842	 0.01417	 0.01422	   1.109
     843	 0.01416	  0.0142	   1.108
     844	 0.01412	 0.01417	   1.108
     845	 0.01403	 0.01414	   1.107
     846	 0.01392	 0.01413	   1.106
     847	 0.01381	 0.01414	   1.106
     848	  0.0137	 0.01418	   1.105
     849	 0.01362	 0.01423	   1.105
     850	 0.01358	 0.01427	   1.104
