/*
Particulate absorption and scattering spectra, normalized by SPM 
Scattering spectra from ac-s power-function fit 400-700 nm scaled by LISST-VSF scattering coefficient at 532 nm 
Total (a_p) and MeOH-extracted (a_d) absorption spectra from UV/VIS spectrophotometer measurements with GF/F filter inside 15-cm integrating sphere
Correction for filter-pad pathlength amplification from Stramski et al. 2015 

Lat, Lon = 70.550, -148.100
Date Time UTC = 12-Aug-2019 22:50:32
Depth = 1.7 m
SPM = 1.45 g/m3
POC = 105.09 mg/m3
PSD power-law exponent (~1.5-147 µm) = 4.14 
Scattering spectra power-function exponent (400-700 nm) = -0.080 

Created by Daniel Koestner on 15-Jan-2024 15:28:38
Data Version: V4_10-Nov-2023

Column 1: wavelength [nm]
Column 2: a_p [m^2/g]
Column 3: a_d [m^2/g]
Column 4: b_p [m^2/g]
*/
     290	  0.1542	  0.1357	  0.5622
     291	  0.1534	  0.1348	  0.5623
     292	  0.1525	  0.1338	  0.5625
     293	  0.1514	  0.1328	  0.5626
     294	  0.1503	  0.1318	  0.5628
     295	  0.1492	  0.1308	  0.5629
     296	   0.148	  0.1297	  0.5631
     297	  0.1468	  0.1288	  0.5633
     298	  0.1458	  0.1278	  0.5634
     299	  0.1447	   0.127	  0.5636
     300	  0.1438	  0.1262	  0.5637
     301	   0.143	  0.1255	  0.5639
     302	  0.1422	  0.1248	   0.564
     303	  0.1415	  0.1242	  0.5642
     304	  0.1408	  0.1236	  0.5643
     305	  0.1401	   0.123	  0.5645
     306	  0.1393	  0.1223	  0.5646
     307	  0.1386	  0.1217	  0.5648
     308	  0.1379	  0.1211	  0.5649
     309	  0.1372	  0.1206	   0.565
     310	  0.1366	    0.12	  0.5652
     311	   0.136	  0.1196	  0.5653
     312	  0.1355	  0.1191	  0.5655
     313	  0.1349	  0.1186	  0.5656
     314	  0.1344	  0.1181	  0.5658
     315	  0.1339	  0.1175	  0.5659
     316	  0.1333	  0.1168	  0.5661
     317	  0.1327	  0.1161	  0.5662
     318	   0.132	  0.1153	  0.5664
     319	  0.1314	  0.1146	  0.5665
     320	  0.1308	  0.1139	  0.5666
     321	  0.1302	  0.1132	  0.5668
     322	  0.1297	  0.1126	  0.5669
     323	  0.1292	  0.1121	  0.5671
     324	  0.1288	  0.1117	  0.5672
     325	  0.1285	  0.1114	  0.5673
     326	  0.1282	  0.1111	  0.5675
     327	  0.1279	  0.1108	  0.5676
     328	  0.1275	  0.1106	  0.5678
     329	  0.1272	  0.1103	  0.5679
     330	  0.1267	    0.11	   0.568
     331	  0.1263	  0.1096	  0.5682
     332	  0.1258	  0.1091	  0.5683
     333	  0.1253	  0.1087	  0.5685
     334	  0.1247	  0.1082	  0.5686
     335	  0.1242	  0.1077	  0.5687
     336	  0.1237	  0.1072	  0.5689
     337	  0.1232	  0.1068	   0.569
     338	  0.1227	  0.1064	  0.5691
     339	  0.1222	   0.106	  0.5693
     340	  0.1216	  0.1056	  0.5694
     341	  0.1211	  0.1052	  0.5695
     342	  0.1204	  0.1048	  0.5697
     343	  0.1198	  0.1044	  0.5698
     344	  0.1192	  0.1039	  0.5699
     345	  0.1186	  0.1035	  0.5701
     346	  0.1181	   0.103	  0.5702
     347	  0.1175	  0.1026	  0.5703
     348	   0.117	  0.1022	  0.5705
     349	  0.1165	  0.1017	  0.5706
     350	   0.116	  0.1012	  0.5707
     351	  0.1155	  0.1008	  0.5709
     352	   0.115	  0.1003	   0.571
     353	  0.1144	 0.09986	  0.5711
     354	  0.1139	  0.0994	  0.5712
     355	  0.1134	 0.09893	  0.5714
     356	  0.1128	 0.09843	  0.5715
     357	  0.1122	  0.0979	  0.5716
     358	  0.1117	 0.09733	  0.5718
     359	  0.1111	 0.09673	  0.5719
     360	  0.1105	 0.09613	   0.572
     361	  0.1099	 0.09556	  0.5721
     362	  0.1094	 0.09502	  0.5723
     363	  0.1089	 0.09454	  0.5724
     364	  0.1085	 0.09411	  0.5725
     365	  0.1081	 0.09371	  0.5727
     366	  0.1077	 0.09331	  0.5728
     367	  0.1073	  0.0929	  0.5729
     368	  0.1069	 0.09244	   0.573
     369	  0.1064	 0.09194	  0.5732
     370	  0.1059	 0.09141	  0.5733
     371	  0.1053	 0.09086	  0.5734
     372	  0.1047	 0.09031	  0.5735
     373	  0.1041	 0.08978	  0.5737
     374	  0.1035	 0.08928	  0.5738
     375	  0.1029	 0.08878	  0.5739
     376	  0.1022	 0.08829	   0.574
     377	  0.1016	 0.08778	  0.5741
     378	  0.1009	 0.08724	  0.5743
     379	  0.1003	 0.08667	  0.5744
     380	 0.09974	 0.08607	  0.5745
     381	 0.09918	 0.08546	  0.5746
     382	 0.09864	 0.08483	  0.5747
     383	 0.09811	  0.0842	  0.5749
     384	 0.09758	 0.08358	   0.575
     385	 0.09705	 0.08297	  0.5751
     386	 0.09651	 0.08238	  0.5752
     387	 0.09596	 0.08179	  0.5753
     388	 0.09539	 0.08123	  0.5755
     389	 0.09482	 0.08068	  0.5756
     390	 0.09425	 0.08016	  0.5757
     391	 0.09369	 0.07965	  0.5758
     392	 0.09313	 0.07915	  0.5759
     393	 0.09258	 0.07865	  0.5761
     394	 0.09205	 0.07815	  0.5762
     395	 0.09152	 0.07763	  0.5763
     396	   0.091	  0.0771	  0.5764
     397	  0.0905	 0.07655	  0.5765
     398	    0.09	 0.07601	  0.5766
     399	 0.08953	 0.07547	  0.5768
     400	 0.08908	 0.07496	  0.5769
     401	 0.08866	 0.07446	   0.577
     402	 0.08827	 0.07399	  0.5771
     403	 0.08791	 0.07354	  0.5772
     404	 0.08758	 0.07311	  0.5773
     405	 0.08727	  0.0727	  0.5775
     406	   0.087	 0.07231	  0.5776
     407	 0.08675	 0.07193	  0.5777
     408	 0.08652	 0.07157	  0.5778
     409	 0.08629	  0.0712	  0.5779
     410	 0.08604	 0.07083	   0.578
     411	 0.08577	 0.07045	  0.5781
     412	 0.08545	 0.07003	  0.5782
     413	 0.08508	 0.06959	  0.5784
     414	 0.08466	 0.06912	  0.5785
     415	 0.08421	 0.06863	  0.5786
     416	 0.08374	 0.06812	  0.5787
     417	 0.08326	 0.06761	  0.5788
     418	 0.08278	 0.06709	  0.5789
     419	 0.08232	 0.06657	   0.579
     420	 0.08187	 0.06606	  0.5791
     421	 0.08144	 0.06554	  0.5793
     422	 0.08101	 0.06502	  0.5794
     423	 0.08058	 0.06449	  0.5795
     424	 0.08013	 0.06395	  0.5796
     425	 0.07968	 0.06339	  0.5797
     426	 0.07922	 0.06283	  0.5798
     427	 0.07875	 0.06228	  0.5799
     428	  0.0783	 0.06173	    0.58
     429	 0.07785	 0.06121	  0.5801
     430	 0.07741	 0.06071	  0.5802
     431	 0.07699	 0.06023	  0.5803
     432	 0.07657	 0.05977	  0.5805
     433	 0.07614	 0.05933	  0.5806
     434	  0.0757	 0.05888	  0.5807
     435	 0.07525	 0.05843	  0.5808
     436	 0.07478	 0.05797	  0.5809
     437	 0.07429	 0.05751	   0.581
     438	 0.07379	 0.05705	  0.5811
     439	 0.07328	  0.0566	  0.5812
     440	 0.07274	 0.05615	  0.5813
     441	 0.07219	  0.0557	  0.5814
     442	 0.07161	 0.05527	  0.5815
     443	 0.07102	 0.05483	  0.5816
     444	  0.0704	 0.05438	  0.5817
     445	 0.06978	 0.05394	  0.5818
     446	 0.06916	 0.05348	  0.5819
     447	 0.06854	 0.05302	   0.582
     448	 0.06794	 0.05257	  0.5821
     449	 0.06737	 0.05214	  0.5823
     450	 0.06684	 0.05172	  0.5824
     451	 0.06634	 0.05133	  0.5825
     452	 0.06588	 0.05098	  0.5826
     453	 0.06546	 0.05065	  0.5827
     454	 0.06506	 0.05034	  0.5828
     455	 0.06469	 0.05006	  0.5829
     456	 0.06434	 0.04979	   0.583
     457	 0.06401	 0.04952	  0.5831
     458	 0.06369	 0.04926	  0.5832
     459	 0.06338	 0.04899	  0.5833
     460	 0.06308	 0.04872	  0.5834
     461	 0.06276	 0.04843	  0.5835
     462	 0.06244	 0.04813	  0.5836
     463	  0.0621	 0.04784	  0.5837
     464	 0.06176	 0.04754	  0.5838
     465	 0.06142	 0.04725	  0.5839
     466	 0.06108	 0.04698	   0.584
     467	 0.06075	 0.04672	  0.5841
     468	 0.06043	 0.04647	  0.5842
     469	 0.06011	 0.04624	  0.5843
     470	  0.0598	 0.04601	  0.5844
     471	 0.05947	 0.04578	  0.5845
     472	 0.05914	 0.04554	  0.5846
     473	 0.05879	  0.0453	  0.5847
     474	 0.05844	 0.04505	  0.5848
     475	 0.05808	  0.0448	  0.5849
     476	 0.05771	 0.04455	   0.585
     477	 0.05735	  0.0443	  0.5851
     478	 0.05699	 0.04405	  0.5852
     479	 0.05662	 0.04381	  0.5853
     480	 0.05626	 0.04356	  0.5854
     481	 0.05589	 0.04332	  0.5855
     482	 0.05551	 0.04307	  0.5856
     483	 0.05513	 0.04282	  0.5857
     484	 0.05474	 0.04256	  0.5858
     485	 0.05434	 0.04231	  0.5859
     486	 0.05395	 0.04205	   0.586
     487	 0.05356	 0.04179	  0.5861
     488	 0.05317	 0.04154	  0.5862
     489	 0.05278	 0.04129	  0.5863
     490	 0.05239	 0.04104	  0.5864
     491	   0.052	  0.0408	  0.5864
     492	  0.0516	 0.04057	  0.5865
     493	  0.0512	 0.04034	  0.5866
     494	  0.0508	 0.04012	  0.5867
     495	  0.0504	  0.0399	  0.5868
     496	 0.04998	 0.03968	  0.5869
     497	 0.04957	 0.03945	   0.587
     498	 0.04915	 0.03921	  0.5871
     499	 0.04873	 0.03897	  0.5872
     500	 0.04831	 0.03873	  0.5873
     501	 0.04789	 0.03849	  0.5874
     502	 0.04747	 0.03824	  0.5875
     503	 0.04705	 0.03799	  0.5876
     504	 0.04663	 0.03774	  0.5877
     505	 0.04621	 0.03748	  0.5878
     506	 0.04579	 0.03723	  0.5879
     507	 0.04537	 0.03699	   0.588
     508	 0.04497	 0.03676	  0.5881
     509	 0.04458	 0.03654	  0.5881
     510	  0.0442	 0.03633	  0.5882
     511	 0.04383	 0.03613	  0.5883
     512	 0.04346	 0.03594	  0.5884
     513	  0.0431	 0.03574	  0.5885
     514	 0.04275	 0.03554	  0.5886
     515	 0.04239	 0.03533	  0.5887
     516	 0.04205	 0.03511	  0.5888
     517	 0.04171	  0.0349	  0.5889
     518	 0.04138	 0.03468	   0.589
     519	 0.04106	 0.03446	  0.5891
     520	 0.04075	 0.03424	  0.5892
     521	 0.04044	 0.03402	  0.5892
     522	 0.04014	 0.03381	  0.5893
     523	 0.03984	  0.0336	  0.5894
     524	 0.03954	  0.0334	  0.5895
     525	 0.03924	  0.0332	  0.5896
     526	 0.03895	   0.033	  0.5897
     527	 0.03865	 0.03282	  0.5898
     528	 0.03837	 0.03263	  0.5899
     529	 0.03808	 0.03245	    0.59
     530	  0.0378	 0.03226	  0.5901
     531	 0.03752	 0.03206	  0.5901
     532	 0.03724	 0.03186	  0.5902
     533	 0.03697	 0.03165	  0.5903
     534	 0.03669	 0.03145	  0.5904
     535	 0.03641	 0.03125	  0.5905
     536	 0.03614	 0.03106	  0.5906
     537	 0.03587	 0.03089	  0.5907
     538	 0.03561	 0.03072	  0.5908
     539	 0.03535	 0.03056	  0.5909
     540	  0.0351	 0.03041	  0.5909
     541	 0.03485	 0.03025	   0.591
     542	 0.03461	 0.03008	  0.5911
     543	 0.03437	 0.02991	  0.5912
     544	 0.03413	 0.02973	  0.5913
     545	 0.03389	 0.02955	  0.5914
     546	 0.03365	 0.02937	  0.5915
     547	 0.03342	 0.02919	  0.5916
     548	 0.03319	 0.02903	  0.5916
     549	 0.03297	 0.02888	  0.5917
     550	 0.03276	 0.02873	  0.5918
     551	 0.03256	  0.0286	  0.5919
     552	 0.03236	 0.02846	   0.592
     553	 0.03217	 0.02833	  0.5921
     554	 0.03196	 0.02819	  0.5922
     555	 0.03175	 0.02805	  0.5922
     556	 0.03153	 0.02791	  0.5923
     557	 0.03131	 0.02776	  0.5924
     558	 0.03109	 0.02761	  0.5925
     559	 0.03089	 0.02747	  0.5926
     560	 0.03069	 0.02734	  0.5927
     561	 0.03052	  0.0272	  0.5928
     562	 0.03037	 0.02708	  0.5928
     563	 0.03023	 0.02696	  0.5929
     564	 0.03009	 0.02684	   0.593
     565	 0.02996	 0.02672	  0.5931
     566	 0.02983	  0.0266	  0.5932
     567	  0.0297	 0.02649	  0.5933
     568	 0.02957	 0.02638	  0.5933
     569	 0.02943	 0.02627	  0.5934
     570	  0.0293	 0.02616	  0.5935
     571	 0.02917	 0.02606	  0.5936
     572	 0.02905	 0.02596	  0.5937
     573	 0.02894	 0.02586	  0.5938
     574	 0.02883	 0.02578	  0.5938
     575	 0.02872	 0.02569	  0.5939
     576	 0.02861	  0.0256	   0.594
     577	 0.02851	 0.02551	  0.5941
     578	 0.02841	 0.02542	  0.5942
     579	 0.02832	 0.02532	  0.5943
     580	 0.02822	 0.02522	  0.5943
     581	 0.02812	  0.0251	  0.5944
     582	 0.02802	 0.02498	  0.5945
     583	 0.02791	 0.02486	  0.5946
     584	  0.0278	 0.02474	  0.5947
     585	 0.02768	 0.02463	  0.5948
     586	 0.02757	 0.02453	  0.5948
     587	 0.02747	 0.02445	  0.5949
     588	 0.02739	 0.02438	   0.595
     589	 0.02731	 0.02432	  0.5951
     590	 0.02724	 0.02427	  0.5952
     591	 0.02716	 0.02422	  0.5952
     592	 0.02708	 0.02415	  0.5953
     593	 0.02698	 0.02408	  0.5954
     594	 0.02687	   0.024	  0.5955
     595	 0.02675	 0.02391	  0.5956
     596	 0.02662	 0.02381	  0.5956
     597	 0.02649	 0.02371	  0.5957
     598	 0.02637	 0.02361	  0.5958
     599	 0.02626	 0.02351	  0.5959
     600	 0.02615	 0.02341	   0.596
     601	 0.02607	 0.02333	   0.596
     602	   0.026	 0.02325	  0.5961
     603	 0.02594	 0.02318	  0.5962
     604	 0.02589	 0.02313	  0.5963
     605	 0.02584	 0.02308	  0.5964
     606	  0.0258	 0.02304	  0.5964
     607	 0.02574	   0.023	  0.5965
     608	 0.02569	 0.02296	  0.5966
     609	 0.02562	  0.0229	  0.5967
     610	 0.02555	 0.02284	  0.5968
     611	 0.02548	 0.02278	  0.5968
     612	 0.02542	 0.02271	  0.5969
     613	 0.02537	 0.02265	   0.597
     614	 0.02533	 0.02258	  0.5971
     615	  0.0253	 0.02252	  0.5971
     616	 0.02528	 0.02246	  0.5972
     617	 0.02525	 0.02239	  0.5973
     618	 0.02521	 0.02231	  0.5974
     619	 0.02515	 0.02223	  0.5975
     620	 0.02508	 0.02214	  0.5975
     621	   0.025	 0.02204	  0.5976
     622	 0.02491	 0.02195	  0.5977
     623	 0.02483	 0.02186	  0.5978
     624	 0.02475	 0.02179	  0.5978
     625	 0.02467	 0.02172	  0.5979
     626	 0.02461	 0.02165	   0.598
     627	 0.02456	 0.02159	  0.5981
     628	 0.02451	 0.02154	  0.5981
     629	 0.02446	 0.02148	  0.5982
     630	 0.02442	 0.02143	  0.5983
     631	 0.02437	 0.02138	  0.5984
     632	 0.02433	 0.02133	  0.5985
     633	 0.02429	 0.02128	  0.5985
     634	 0.02425	 0.02123	  0.5986
     635	 0.02421	 0.02119	  0.5987
     636	 0.02417	 0.02114	  0.5988
     637	 0.02414	  0.0211	  0.5988
     638	 0.02411	 0.02105	  0.5989
     639	 0.02409	   0.021	   0.599
     640	 0.02406	 0.02095	  0.5991
     641	 0.02404	  0.0209	  0.5991
     642	 0.02401	 0.02084	  0.5992
     643	 0.02397	 0.02078	  0.5993
     644	 0.02393	 0.02071	  0.5994
     645	 0.02389	 0.02064	  0.5994
     646	 0.02383	 0.02056	  0.5995
     647	 0.02378	 0.02048	  0.5996
     648	 0.02372	 0.02041	  0.5997
     649	 0.02367	 0.02034	  0.5997
     650	 0.02363	 0.02028	  0.5998
     651	 0.02359	 0.02022	  0.5999
     652	 0.02356	 0.02016	     0.6
     653	 0.02353	  0.0201	     0.6
     654	 0.02352	 0.02004	  0.6001
     655	 0.02351	 0.01998	  0.6002
     656	 0.02351	 0.01991	  0.6002
     657	 0.02352	 0.01984	  0.6003
     658	 0.02356	 0.01976	  0.6004
     659	 0.02362	 0.01969	  0.6005
     660	  0.0237	 0.01961	  0.6005
     661	  0.0238	 0.01954	  0.6006
     662	 0.02393	 0.01946	  0.6007
     663	 0.02407	 0.01939	  0.6008
     664	 0.02421	 0.01931	  0.6008
     665	 0.02437	 0.01924	  0.6009
     666	 0.02452	 0.01916	   0.601
     667	 0.02466	  0.0191	   0.601
     668	 0.02478	 0.01903	  0.6011
     669	 0.02488	 0.01897	  0.6012
     670	 0.02495	 0.01891	  0.6013
     671	   0.025	 0.01885	  0.6013
     672	 0.02503	  0.0188	  0.6014
     673	 0.02503	 0.01876	  0.6015
     674	 0.02501	 0.01873	  0.6016
     675	 0.02496	  0.0187	  0.6016
     676	 0.02489	 0.01868	  0.6017
     677	 0.02479	 0.01866	  0.6018
     678	 0.02464	 0.01864	  0.6018
     679	 0.02444	 0.01861	  0.6019
     680	 0.02419	 0.01858	   0.602
     681	 0.02388	 0.01855	  0.6021
     682	 0.02353	 0.01851	  0.6021
     683	 0.02315	 0.01847	  0.6022
     684	 0.02274	 0.01843	  0.6023
     685	 0.02233	 0.01838	  0.6023
     686	 0.02193	 0.01833	  0.6024
     687	 0.02154	 0.01829	  0.6025
     688	 0.02117	 0.01823	  0.6025
     689	 0.02084	 0.01818	  0.6026
     690	 0.02052	 0.01813	  0.6027
     691	 0.02023	 0.01807	  0.6028
     692	 0.01996	   0.018	  0.6028
     693	 0.01971	 0.01793	  0.6029
     694	 0.01948	 0.01786	   0.603
     695	 0.01927	 0.01779	   0.603
     696	 0.01909	 0.01773	  0.6031
     697	 0.01894	 0.01768	  0.6032
     698	 0.01883	 0.01764	  0.6032
     699	 0.01874	 0.01762	  0.6033
     700	 0.01867	  0.0176	  0.6034
     701	 0.01861	 0.01759	  0.6035
     702	 0.01854	 0.01756	  0.6035
     703	 0.01847	 0.01753	  0.6036
     704	  0.0184	 0.01749	  0.6037
     705	 0.01832	 0.01745	  0.6037
     706	 0.01824	 0.01741	  0.6038
     707	 0.01817	 0.01739	  0.6039
     708	 0.01811	 0.01737	  0.6039
     709	 0.01805	 0.01735	   0.604
     710	 0.01799	 0.01733	  0.6041
     711	 0.01794	  0.0173	  0.6041
     712	 0.01787	 0.01726	  0.6042
     713	 0.01781	 0.01721	  0.6043
     714	 0.01773	 0.01714	  0.6043
     715	 0.01764	 0.01706	  0.6044
     716	 0.01755	 0.01697	  0.6045
     717	 0.01746	 0.01688	  0.6045
     718	 0.01737	 0.01679	  0.6046
     719	 0.01731	 0.01672	  0.6047
     720	 0.01726	 0.01666	  0.6047
     721	 0.01722	 0.01662	  0.6048
     722	 0.01721	  0.0166	  0.6049
     723	  0.0172	 0.01659	   0.605
     724	  0.0172	 0.01658	   0.605
     725	 0.01718	 0.01657	  0.6051
     726	 0.01716	 0.01656	  0.6052
     727	 0.01713	 0.01653	  0.6052
     728	 0.01709	  0.0165	  0.6053
     729	 0.01705	 0.01647	  0.6054
     730	   0.017	 0.01643	  0.6054
     731	 0.01695	  0.0164	  0.6055
     732	 0.01689	 0.01636	  0.6056
     733	 0.01683	 0.01633	  0.6056
     734	 0.01675	 0.01629	  0.6057
     735	 0.01667	 0.01624	  0.6057
     736	 0.01658	 0.01617	  0.6058
     737	 0.01648	 0.01611	  0.6059
     738	 0.01639	 0.01603	  0.6059
     739	  0.0163	 0.01597	   0.606
     740	 0.01623	  0.0159	  0.6061
     741	 0.01616	 0.01585	  0.6061
     742	 0.01611	 0.01581	  0.6062
     743	 0.01606	 0.01578	  0.6063
     744	 0.01602	 0.01576	  0.6063
     745	 0.01599	 0.01573	  0.6064
     746	 0.01595	 0.01571	  0.6065
     747	 0.01592	 0.01568	  0.6065
     748	 0.01589	 0.01566	  0.6066
     749	 0.01587	 0.01564	  0.6067
     750	 0.01586	 0.01563	  0.6067
     751	 0.01585	 0.01562	  0.6068
     752	 0.01583	 0.01562	  0.6069
     753	 0.01581	 0.01561	  0.6069
     754	 0.01578	 0.01559	   0.607
     755	 0.01573	 0.01555	  0.6071
     756	 0.01567	 0.01548	  0.6071
     757	  0.0156	  0.0154	  0.6072
     758	 0.01553	 0.01532	  0.6073
     759	 0.01547	 0.01523	  0.6073
     760	 0.01541	 0.01516	  0.6074
     761	 0.01537	 0.01511	  0.6074
     762	 0.01534	 0.01508	  0.6075
     763	 0.01533	 0.01507	  0.6076
     764	 0.01533	 0.01509	  0.6076
     765	 0.01534	 0.01512	  0.6077
     766	 0.01533	 0.01515	  0.6078
     767	 0.01532	 0.01518	  0.6078
     768	 0.01529	 0.01518	  0.6079
     769	 0.01524	 0.01516	   0.608
     770	 0.01517	 0.01511	   0.608
     771	 0.01508	 0.01504	  0.6081
     772	 0.01498	 0.01495	  0.6081
     773	 0.01488	 0.01485	  0.6082
     774	 0.01478	 0.01475	  0.6083
     775	 0.01469	 0.01467	  0.6083
     776	 0.01462	 0.01461	  0.6084
     777	 0.01457	 0.01458	  0.6085
     778	 0.01455	 0.01456	  0.6085
     779	 0.01454	 0.01456	  0.6086
     780	 0.01454	 0.01456	  0.6086
     781	 0.01455	 0.01455	  0.6087
     782	 0.01455	 0.01453	  0.6088
     783	 0.01453	  0.0145	  0.6088
     784	  0.0145	 0.01446	  0.6089
     785	 0.01446	 0.01441	   0.609
     786	  0.0144	 0.01436	   0.609
     787	 0.01433	 0.01431	  0.6091
     788	 0.01426	 0.01427	  0.6091
     789	 0.01419	 0.01423	  0.6092
     790	 0.01414	  0.0142	  0.6093
     791	 0.01409	 0.01417	  0.6093
     792	 0.01406	 0.01416	  0.6094
     793	 0.01404	 0.01415	  0.6095
     794	 0.01403	 0.01414	  0.6095
     795	 0.01404	 0.01414	  0.6096
     796	 0.01404	 0.01413	  0.6096
     797	 0.01405	 0.01412	  0.6097
     798	 0.01406	 0.01409	  0.6098
     799	 0.01405	 0.01404	  0.6098
     800	 0.01404	 0.01398	  0.6099
     801	   0.014	 0.01391	  0.6099
     802	 0.01396	 0.01384	    0.61
     803	 0.01392	 0.01377	  0.6101
     804	 0.01388	 0.01371	  0.6101
     805	 0.01385	 0.01367	  0.6102
     806	 0.01383	 0.01365	  0.6103
     807	 0.01382	 0.01363	  0.6103
     808	  0.0138	 0.01362	  0.6104
     809	 0.01378	  0.0136	  0.6104
     810	 0.01376	 0.01358	  0.6105
     811	 0.01373	 0.01355	  0.6106
     812	 0.01371	 0.01352	  0.6106
     813	  0.0137	 0.01351	  0.6107
     814	 0.01369	 0.01351	  0.6107
     815	 0.01367	 0.01352	  0.6108
     816	 0.01365	 0.01352	  0.6109
     817	  0.0136	 0.01352	  0.6109
     818	 0.01352	 0.01349	   0.611
     819	 0.01341	 0.01343	   0.611
     820	  0.0133	 0.01335	  0.6111
     821	 0.01318	 0.01326	  0.6112
     822	 0.01307	 0.01316	  0.6112
     823	 0.01298	 0.01306	  0.6113
     824	 0.01292	 0.01297	  0.6113
     825	 0.01287	  0.0129	  0.6114
     826	 0.01284	 0.01286	  0.6115
     827	 0.01281	 0.01283	  0.6115
     828	 0.01279	 0.01282	  0.6116
     829	 0.01276	 0.01281	  0.6116
     830	 0.01273	  0.0128	  0.6117
     831	 0.01269	 0.01279	  0.6117
     832	 0.01263	 0.01276	  0.6118
     833	 0.01255	 0.01271	  0.6119
     834	 0.01246	 0.01264	  0.6119
     835	 0.01237	 0.01256	   0.612
     836	 0.01228	 0.01246	   0.612
     837	 0.01221	 0.01238	  0.6121
     838	 0.01217	 0.01231	  0.6122
     839	 0.01216	 0.01228	  0.6122
     840	  0.0122	 0.01229	  0.6123
     841	 0.01228	 0.01234	  0.6123
     842	 0.01238	 0.01242	  0.6124
     843	 0.01248	 0.01251	  0.6125
     844	 0.01257	 0.01261	  0.6125
     845	 0.01264	 0.01269	  0.6126
     846	 0.01268	 0.01275	  0.6126
     847	 0.01269	 0.01279	  0.6127
     848	 0.01268	 0.01283	  0.6127
     849	 0.01267	 0.01289	  0.6128
     850	 0.01267	 0.01298	  0.6129
