/*
Particulate absorption and scattering spectra, normalized by SPM 
Scattering spectra from ac-s power-function fit 400-700 nm scaled by LISST-VSF scattering coefficient at 532 nm 
Total (a_p) and MeOH-extracted (a_d) absorption spectra from UV/VIS spectrophotometer measurements with GF/F filter inside 15-cm integrating sphere
Correction for filter-pad pathlength amplification from Stramski et al. 2015 

Lat, Lon = 70.237, -147.576
Date Time UTC = 09-Sep-2018 22:49:46
Depth = 4.9 m
SPM = 6.72 g/m3
POC = 146.02 mg/m3
PSD power-law exponent (~1.5-147 µm) = 3.49 
Scattering spectra power-function exponent (400-700 nm) = 0.399 

Created by Daniel Koestner on 15-Jan-2024 15:28:38
Data Version: V4_10-Nov-2023

Column 1: wavelength [nm]
Column 2: a_p [m^2/g]
Column 3: a_d [m^2/g]
Column 4: b_p [m^2/g]
*/
     290	  0.1827	  0.1666	   1.169
     291	  0.1818	  0.1655	   1.168
     292	  0.1809	  0.1643	   1.166
     293	    0.18	  0.1632	   1.165
     294	   0.179	   0.162	   1.163
     295	  0.1781	  0.1608	   1.161
     296	  0.1771	  0.1597	    1.16
     297	  0.1761	  0.1587	   1.158
     298	  0.1752	  0.1579	   1.157
     299	  0.1743	  0.1572	   1.155
     300	  0.1736	  0.1566	   1.154
     301	   0.173	  0.1561	   1.152
     302	  0.1725	  0.1558	   1.151
     303	   0.172	  0.1554	   1.149
     304	  0.1715	  0.1551	   1.148
     305	  0.1711	  0.1548	   1.146
     306	  0.1706	  0.1544	   1.145
     307	  0.1701	   0.154	   1.143
     308	  0.1695	  0.1535	   1.142
     309	  0.1689	   0.153	    1.14
     310	  0.1683	  0.1524	   1.139
     311	  0.1677	  0.1518	   1.137
     312	   0.167	  0.1511	   1.136
     313	  0.1663	  0.1504	   1.134
     314	  0.1656	  0.1498	   1.133
     315	   0.165	  0.1492	   1.131
     316	  0.1644	  0.1487	    1.13
     317	  0.1639	  0.1482	   1.129
     318	  0.1635	  0.1477	   1.127
     319	   0.163	  0.1472	   1.126
     320	  0.1626	  0.1467	   1.124
     321	  0.1621	  0.1461	   1.123
     322	  0.1616	  0.1454	   1.122
     323	  0.1611	  0.1448	    1.12
     324	  0.1606	  0.1442	   1.119
     325	  0.1601	  0.1436	   1.117
     326	  0.1596	  0.1431	   1.116
     327	  0.1591	  0.1427	   1.115
     328	  0.1586	  0.1422	   1.113
     329	   0.158	  0.1417	   1.112
     330	  0.1574	  0.1412	   1.111
     331	  0.1567	  0.1407	   1.109
     332	  0.1561	  0.1402	   1.108
     333	  0.1554	  0.1397	   1.107
     334	  0.1548	  0.1392	   1.105
     335	  0.1541	  0.1387	   1.104
     336	  0.1534	  0.1382	   1.103
     337	  0.1527	  0.1377	   1.101
     338	  0.1519	  0.1371	     1.1
     339	  0.1511	  0.1364	   1.099
     340	  0.1503	  0.1357	   1.098
     341	  0.1496	  0.1349	   1.096
     342	  0.1488	  0.1341	   1.095
     343	  0.1481	  0.1334	   1.094
     344	  0.1475	  0.1328	   1.092
     345	  0.1469	  0.1322	   1.091
     346	  0.1464	  0.1318	    1.09
     347	  0.1459	  0.1313	   1.089
     348	  0.1453	  0.1308	   1.087
     349	  0.1447	  0.1303	   1.086
     350	  0.1441	  0.1298	   1.085
     351	  0.1434	  0.1291	   1.084
     352	  0.1427	  0.1285	   1.082
     353	   0.142	  0.1278	   1.081
     354	  0.1412	  0.1271	    1.08
     355	  0.1405	  0.1264	   1.079
     356	  0.1398	  0.1257	   1.078
     357	  0.1391	  0.1251	   1.076
     358	  0.1384	  0.1244	   1.075
     359	  0.1377	  0.1238	   1.074
     360	  0.1369	  0.1231	   1.073
     361	  0.1362	  0.1225	   1.072
     362	  0.1354	  0.1218	    1.07
     363	  0.1347	  0.1211	   1.069
     364	  0.1339	  0.1204	   1.068
     365	  0.1332	  0.1196	   1.067
     366	  0.1325	  0.1189	   1.066
     367	  0.1318	  0.1182	   1.065
     368	  0.1311	  0.1174	   1.063
     369	  0.1303	  0.1167	   1.062
     370	  0.1295	   0.116	   1.061
     371	  0.1287	  0.1152	    1.06
     372	  0.1279	  0.1145	   1.059
     373	  0.1271	  0.1137	   1.058
     374	  0.1262	  0.1128	   1.057
     375	  0.1254	  0.1118	   1.055
     376	  0.1244	  0.1108	   1.054
     377	  0.1234	  0.1097	   1.053
     378	  0.1223	  0.1086	   1.052
     379	  0.1212	  0.1075	   1.051
     380	  0.1201	  0.1065	    1.05
     381	  0.1191	  0.1055	   1.049
     382	   0.118	  0.1047	   1.048
     383	  0.1171	  0.1039	   1.047
     384	  0.1162	  0.1032	   1.045
     385	  0.1152	  0.1024	   1.044
     386	  0.1143	  0.1017	   1.043
     387	  0.1134	  0.1009	   1.042
     388	  0.1125	  0.1001	   1.041
     389	  0.1116	  0.0994	    1.04
     390	  0.1108	  0.0987	   1.039
     391	    0.11	 0.09804	   1.038
     392	  0.1092	  0.0974	   1.037
     393	  0.1084	 0.09678	   1.036
     394	  0.1077	 0.09613	   1.035
     395	  0.1069	 0.09544	   1.034
     396	  0.1061	  0.0947	   1.033
     397	  0.1053	 0.09392	   1.032
     398	  0.1045	 0.09311	   1.031
     399	  0.1037	 0.09229	    1.03
     400	  0.1029	 0.09148	   1.029
     401	  0.1021	 0.09069	   1.028
     402	  0.1013	 0.08993	   1.027
     403	  0.1005	 0.08918	   1.026
     404	 0.09976	 0.08845	   1.025
     405	   0.099	 0.08774	   1.024
     406	 0.09826	 0.08704	   1.023
     407	 0.09756	 0.08638	   1.022
     408	 0.09689	 0.08574	   1.021
     409	 0.09626	 0.08515	    1.02
     410	 0.09567	 0.08459	   1.019
     411	  0.0951	 0.08407	   1.018
     412	 0.09454	 0.08356	   1.017
     413	 0.09398	 0.08306	   1.016
     414	 0.09343	 0.08256	   1.015
     415	 0.09287	 0.08206	   1.014
     416	 0.09233	 0.08154	   1.013
     417	 0.09179	 0.08102	   1.012
     418	 0.09125	 0.08049	   1.011
     419	 0.09071	 0.07994	    1.01
     420	 0.09016	 0.07937	   1.009
     421	  0.0896	  0.0788	   1.008
     422	 0.08901	 0.07822	   1.007
     423	 0.08839	 0.07764	   1.006
     424	 0.08775	 0.07705	   1.005
     425	 0.08707	 0.07645	   1.004
     426	 0.08635	 0.07583	   1.003
     427	 0.08561	 0.07518	   1.002
     428	 0.08484	 0.07451	   1.001
     429	 0.08405	 0.07382	       1
     430	 0.08327	 0.07311	  0.9993
     431	 0.08251	  0.0724	  0.9984
     432	 0.08177	  0.0717	  0.9975
     433	 0.08107	   0.071	  0.9966
     434	 0.08041	 0.07031	  0.9957
     435	 0.07977	 0.06965	  0.9948
     436	 0.07916	   0.069	  0.9938
     437	 0.07855	 0.06837	  0.9929
     438	 0.07793	 0.06775	   0.992
     439	 0.07731	 0.06717	  0.9911
     440	 0.07668	 0.06661	  0.9902
     441	 0.07605	 0.06607	  0.9893
     442	 0.07545	 0.06556	  0.9884
     443	 0.07488	 0.06508	  0.9875
     444	 0.07435	 0.06464	  0.9867
     445	 0.07385	 0.06422	  0.9858
     446	 0.07338	 0.06383	  0.9849
     447	 0.07293	 0.06345	   0.984
     448	 0.07247	 0.06307	  0.9831
     449	   0.072	 0.06269	  0.9823
     450	 0.07153	 0.06229	  0.9814
     451	 0.07105	 0.06189	  0.9805
     452	 0.07058	 0.06148	  0.9797
     453	 0.07012	 0.06108	  0.9788
     454	 0.06969	  0.0607	  0.9779
     455	 0.06928	 0.06035	  0.9771
     456	  0.0689	 0.06001	  0.9762
     457	 0.06854	 0.05969	  0.9754
     458	 0.06819	 0.05937	  0.9745
     459	 0.06785	 0.05905	  0.9737
     460	 0.06751	 0.05872	  0.9728
     461	 0.06716	  0.0584	   0.972
     462	 0.06682	 0.05808	  0.9711
     463	 0.06648	 0.05778	  0.9703
     464	 0.06616	  0.0575	  0.9695
     465	 0.06585	 0.05723	  0.9686
     466	 0.06556	 0.05699	  0.9678
     467	 0.06529	 0.05675	   0.967
     468	 0.06503	 0.05652	  0.9662
     469	 0.06479	  0.0563	  0.9653
     470	 0.06454	 0.05608	  0.9645
     471	  0.0643	 0.05587	  0.9637
     472	 0.06404	 0.05566	  0.9629
     473	 0.06376	 0.05545	  0.9621
     474	 0.06346	 0.05523	  0.9613
     475	 0.06314	 0.05499	  0.9604
     476	 0.06279	 0.05474	  0.9596
     477	 0.06242	 0.05446	  0.9588
     478	 0.06206	 0.05417	   0.958
     479	 0.06169	 0.05386	  0.9572
     480	 0.06134	 0.05355	  0.9564
     481	   0.061	 0.05324	  0.9556
     482	 0.06067	 0.05294	  0.9549
     483	 0.06035	 0.05265	  0.9541
     484	 0.06002	 0.05238	  0.9533
     485	  0.0597	 0.05213	  0.9525
     486	 0.05937	  0.0519	  0.9517
     487	 0.05904	 0.05168	  0.9509
     488	 0.05871	 0.05147	  0.9502
     489	 0.05838	 0.05125	  0.9494
     490	 0.05804	 0.05101	  0.9486
     491	 0.05769	 0.05075	  0.9478
     492	 0.05732	 0.05046	  0.9471
     493	 0.05693	 0.05015	  0.9463
     494	 0.05651	 0.04982	  0.9455
     495	 0.05607	 0.04948	  0.9448
     496	 0.05563	 0.04913	   0.944
     497	 0.05518	 0.04879	  0.9433
     498	 0.05474	 0.04845	  0.9425
     499	 0.05431	 0.04812	  0.9417
     500	 0.05391	 0.04781	   0.941
     501	 0.05353	  0.0475	  0.9402
     502	 0.05316	 0.04721	  0.9395
     503	  0.0528	 0.04692	  0.9387
     504	 0.05245	 0.04663	   0.938
     505	  0.0521	 0.04634	  0.9373
     506	 0.05176	 0.04605	  0.9365
     507	  0.0514	 0.04576	  0.9358
     508	 0.05105	 0.04546	   0.935
     509	 0.05069	 0.04516	  0.9343
     510	 0.05034	 0.04485	  0.9336
     511	 0.04999	 0.04456	  0.9329
     512	 0.04964	 0.04428	  0.9321
     513	  0.0493	 0.04401	  0.9314
     514	 0.04897	 0.04375	  0.9307
     515	 0.04865	  0.0435	    0.93
     516	 0.04833	 0.04325	  0.9292
     517	 0.04802	 0.04299	  0.9285
     518	  0.0477	 0.04273	  0.9278
     519	 0.04738	 0.04245	  0.9271
     520	 0.04706	 0.04218	  0.9264
     521	 0.04674	  0.0419	  0.9257
     522	 0.04642	 0.04162	   0.925
     523	 0.04611	 0.04135	  0.9243
     524	  0.0458	 0.04108	  0.9236
     525	 0.04549	 0.04081	  0.9229
     526	 0.04518	 0.04054	  0.9222
     527	 0.04486	 0.04028	  0.9215
     528	 0.04454	 0.04003	  0.9208
     529	 0.04422	 0.03979	  0.9201
     530	 0.04391	 0.03955	  0.9194
     531	  0.0436	 0.03933	  0.9187
     532	  0.0433	 0.03911	   0.918
     533	 0.04299	 0.03889	  0.9173
     534	 0.04269	 0.03866	  0.9166
     535	 0.04239	 0.03842	  0.9159
     536	 0.04209	 0.03817	  0.9152
     537	 0.04179	 0.03791	  0.9146
     538	  0.0415	 0.03766	  0.9139
     539	 0.04121	 0.03742	  0.9132
     540	 0.04094	  0.0372	  0.9125
     541	 0.04067	 0.03699	  0.9119
     542	 0.04042	  0.0368	  0.9112
     543	 0.04017	 0.03662	  0.9105
     544	 0.03993	 0.03644	  0.9099
     545	 0.03969	 0.03626	  0.9092
     546	 0.03946	 0.03607	  0.9085
     547	 0.03924	 0.03589	  0.9079
     548	 0.03903	  0.0357	  0.9072
     549	 0.03884	 0.03553	  0.9065
     550	 0.03866	 0.03536	  0.9059
     551	  0.0385	 0.03521	  0.9052
     552	 0.03833	 0.03506	  0.9046
     553	 0.03817	 0.03492	  0.9039
     554	 0.03799	 0.03477	  0.9033
     555	  0.0378	 0.03463	  0.9026
     556	  0.0376	 0.03448	   0.902
     557	 0.03739	 0.03433	  0.9013
     558	 0.03719	 0.03418	  0.9007
     559	 0.03699	 0.03404	     0.9
     560	 0.03679	  0.0339	  0.8994
     561	  0.0366	 0.03375	  0.8988
     562	  0.0364	  0.0336	  0.8981
     563	  0.0362	 0.03344	  0.8975
     564	 0.03599	 0.03327	  0.8968
     565	 0.03578	 0.03309	  0.8962
     566	 0.03558	 0.03291	  0.8956
     567	 0.03538	 0.03273	  0.8949
     568	  0.0352	 0.03257	  0.8943
     569	 0.03504	 0.03242	  0.8937
     570	 0.03489	 0.03228	  0.8931
     571	 0.03476	 0.03215	  0.8924
     572	 0.03463	 0.03204	  0.8918
     573	  0.0345	 0.03192	  0.8912
     574	 0.03436	 0.03181	  0.8906
     575	 0.03422	 0.03168	    0.89
     576	 0.03407	 0.03155	  0.8893
     577	 0.03392	 0.03141	  0.8887
     578	 0.03377	 0.03129	  0.8881
     579	 0.03364	 0.03117	  0.8875
     580	 0.03351	 0.03107	  0.8869
     581	  0.0334	 0.03098	  0.8863
     582	 0.03331	 0.03091	  0.8857
     583	 0.03322	 0.03083	  0.8851
     584	 0.03313	 0.03075	  0.8845
     585	 0.03303	 0.03065	  0.8839
     586	 0.03292	 0.03053	  0.8833
     587	 0.03279	 0.03039	  0.8827
     588	 0.03266	 0.03024	  0.8821
     589	 0.03251	  0.0301	  0.8815
     590	 0.03237	 0.02996	  0.8809
     591	 0.03223	 0.02985	  0.8803
     592	  0.0321	 0.02975	  0.8797
     593	 0.03199	 0.02967	  0.8791
     594	 0.03189	  0.0296	  0.8785
     595	  0.0318	 0.02955	  0.8779
     596	 0.03172	  0.0295	  0.8773
     597	 0.03164	 0.02946	  0.8767
     598	 0.03157	  0.0294	  0.8761
     599	 0.03149	 0.02934	  0.8756
     600	  0.0314	 0.02927	   0.875
     601	 0.03129	 0.02919	  0.8744
     602	 0.03118	 0.02909	  0.8738
     603	 0.03106	 0.02899	  0.8732
     604	 0.03094	 0.02888	  0.8727
     605	 0.03082	 0.02876	  0.8721
     606	 0.03071	 0.02864	  0.8715
     607	  0.0306	 0.02853	  0.8709
     608	  0.0305	 0.02841	  0.8704
     609	  0.0304	 0.02831	  0.8698
     610	 0.03031	 0.02821	  0.8692
     611	 0.03021	 0.02812	  0.8687
     612	 0.03012	 0.02804	  0.8681
     613	 0.03003	 0.02796	  0.8675
     614	 0.02994	 0.02788	   0.867
     615	 0.02986	  0.0278	  0.8664
     616	 0.02978	 0.02772	  0.8658
     617	  0.0297	 0.02763	  0.8653
     618	 0.02962	 0.02755	  0.8647
     619	 0.02954	 0.02746	  0.8642
     620	 0.02945	 0.02738	  0.8636
     621	 0.02935	 0.02729	   0.863
     622	 0.02925	 0.02721	  0.8625
     623	 0.02914	 0.02713	  0.8619
     624	 0.02903	 0.02704	  0.8614
     625	 0.02891	 0.02696	  0.8608
     626	 0.02881	 0.02689	  0.8603
     627	 0.02872	 0.02681	  0.8597
     628	 0.02864	 0.02674	  0.8592
     629	 0.02858	 0.02668	  0.8587
     630	 0.02852	 0.02662	  0.8581
     631	 0.02847	 0.02657	  0.8576
     632	 0.02842	 0.02653	   0.857
     633	 0.02838	 0.02649	  0.8565
     634	 0.02833	 0.02646	  0.8559
     635	 0.02829	 0.02642	  0.8554
     636	 0.02824	 0.02639	  0.8549
     637	 0.02819	 0.02634	  0.8543
     638	 0.02812	 0.02627	  0.8538
     639	 0.02805	 0.02619	  0.8533
     640	 0.02797	  0.0261	  0.8527
     641	 0.02789	 0.02599	  0.8522
     642	 0.02781	 0.02587	  0.8517
     643	 0.02772	 0.02576	  0.8511
     644	 0.02763	 0.02565	  0.8506
     645	 0.02753	 0.02554	  0.8501
     646	 0.02742	 0.02544	  0.8496
     647	 0.02731	 0.02535	   0.849
     648	 0.02719	 0.02526	  0.8485
     649	 0.02707	 0.02517	   0.848
     650	 0.02696	 0.02509	  0.8475
     651	 0.02686	 0.02502	   0.847
     652	 0.02677	 0.02495	  0.8464
     653	 0.02671	 0.02489	  0.8459
     654	 0.02665	 0.02484	  0.8454
     655	 0.02662	 0.02479	  0.8449
     656	 0.02659	 0.02475	  0.8444
     657	 0.02657	 0.02471	  0.8439
     658	 0.02656	 0.02467	  0.8433
     659	 0.02656	 0.02463	  0.8428
     660	 0.02656	 0.02458	  0.8423
     661	 0.02655	 0.02452	  0.8418
     662	 0.02655	 0.02445	  0.8413
     663	 0.02655	 0.02437	  0.8408
     664	 0.02654	 0.02429	  0.8403
     665	 0.02653	 0.02419	  0.8398
     666	 0.02652	  0.0241	  0.8393
     667	 0.02649	 0.02399	  0.8388
     668	 0.02646	 0.02388	  0.8383
     669	 0.02642	 0.02377	  0.8378
     670	 0.02638	 0.02365	  0.8373
     671	 0.02633	 0.02354	  0.8368
     672	 0.02628	 0.02344	  0.8363
     673	 0.02624	 0.02335	  0.8358
     674	  0.0262	 0.02328	  0.8353
     675	 0.02616	 0.02323	  0.8348
     676	 0.02611	 0.02318	  0.8343
     677	 0.02604	 0.02315	  0.8338
     678	 0.02595	 0.02313	  0.8333
     679	 0.02584	 0.02311	  0.8328
     680	  0.0257	  0.0231	  0.8324
     681	 0.02554	 0.02308	  0.8319
     682	 0.02537	 0.02306	  0.8314
     683	 0.02519	 0.02304	  0.8309
     684	 0.02501	   0.023	  0.8304
     685	 0.02484	 0.02296	  0.8299
     686	 0.02468	 0.02292	  0.8294
     687	 0.02453	 0.02287	   0.829
     688	 0.02439	 0.02284	  0.8285
     689	 0.02426	  0.0228	   0.828
     690	 0.02414	 0.02277	  0.8275
     691	 0.02403	 0.02274	   0.827
     692	 0.02392	  0.0227	  0.8266
     693	  0.0238	 0.02264	  0.8261
     694	 0.02367	 0.02256	  0.8256
     695	 0.02353	 0.02246	  0.8251
     696	 0.02338	 0.02235	  0.8247
     697	 0.02322	 0.02223	  0.8242
     698	 0.02307	 0.02213	  0.8237
     699	 0.02294	 0.02203	  0.8233
     700	 0.02282	 0.02196	  0.8228
     701	 0.02273	 0.02191	  0.8223
     702	 0.02265	 0.02188	  0.8218
     703	  0.0226	 0.02186	  0.8214
     704	 0.02256	 0.02185	  0.8209
     705	 0.02253	 0.02184	  0.8205
     706	  0.0225	 0.02183	    0.82
     707	 0.02247	  0.0218	  0.8195
     708	 0.02242	 0.02176	  0.8191
     709	 0.02237	 0.02172	  0.8186
     710	  0.0223	 0.02166	  0.8181
     711	 0.02222	 0.02159	  0.8177
     712	 0.02213	 0.02152	  0.8172
     713	 0.02203	 0.02146	  0.8168
     714	 0.02194	 0.02141	  0.8163
     715	 0.02186	 0.02136	  0.8159
     716	  0.0218	 0.02132	  0.8154
     717	 0.02174	 0.02129	  0.8149
     718	 0.02169	 0.02126	  0.8145
     719	 0.02165	 0.02123	   0.814
     720	 0.02161	 0.02119	  0.8136
     721	 0.02157	 0.02115	  0.8131
     722	 0.02153	  0.0211	  0.8127
     723	 0.02148	 0.02103	  0.8122
     724	 0.02142	 0.02095	  0.8118
     725	 0.02135	 0.02085	  0.8113
     726	 0.02127	 0.02075	  0.8109
     727	 0.02118	 0.02063	  0.8105
     728	 0.02107	 0.02052	    0.81
     729	 0.02097	 0.02041	  0.8096
     730	 0.02087	 0.02031	  0.8091
     731	 0.02078	 0.02023	  0.8087
     732	  0.0207	 0.02018	  0.8082
     733	 0.02064	 0.02014	  0.8078
     734	 0.02059	 0.02011	  0.8074
     735	 0.02054	 0.02008	  0.8069
     736	  0.0205	 0.02004	  0.8065
     737	 0.02045	    0.02	   0.806
     738	  0.0204	 0.01995	  0.8056
     739	 0.02034	 0.01989	  0.8052
     740	 0.02028	 0.01983	  0.8047
     741	 0.02021	 0.01977	  0.8043
     742	 0.02013	  0.0197	  0.8039
     743	 0.02005	 0.01964	  0.8034
     744	 0.01997	 0.01958	   0.803
     745	  0.0199	 0.01953	  0.8026
     746	 0.01983	 0.01948	  0.8022
     747	 0.01977	 0.01944	  0.8017
     748	 0.01973	 0.01941	  0.8013
     749	  0.0197	  0.0194	  0.8009
     750	 0.01968	 0.01939	  0.8004
     751	 0.01966	 0.01938	     0.8
     752	 0.01964	 0.01938	  0.7996
     753	 0.01961	 0.01937	  0.7992
     754	 0.01957	 0.01935	  0.7987
     755	 0.01952	 0.01933	  0.7983
     756	 0.01947	 0.01929	  0.7979
     757	 0.01941	 0.01925	  0.7975
     758	 0.01934	 0.01921	  0.7971
     759	 0.01927	 0.01918	  0.7966
     760	  0.0192	 0.01915	  0.7962
     761	 0.01914	 0.01913	  0.7958
     762	 0.01908	 0.01911	  0.7954
     763	 0.01903	  0.0191	   0.795
     764	 0.01898	 0.01908	  0.7946
     765	 0.01894	 0.01906	  0.7941
     766	 0.01891	 0.01903	  0.7937
     767	 0.01888	 0.01899	  0.7933
     768	 0.01885	 0.01894	  0.7929
     769	 0.01882	 0.01889	  0.7925
     770	 0.01879	 0.01886	  0.7921
     771	 0.01876	 0.01883	  0.7917
     772	 0.01875	 0.01883	  0.7913
     773	 0.01873	 0.01884	  0.7909
     774	 0.01871	 0.01885	  0.7904
     775	 0.01869	 0.01886	    0.79
     776	 0.01866	 0.01886	  0.7896
     777	 0.01862	 0.01883	  0.7892
     778	 0.01857	 0.01878	  0.7888
     779	 0.01851	 0.01872	  0.7884
     780	 0.01846	 0.01865	   0.788
     781	  0.0184	 0.01858	  0.7876
     782	 0.01836	 0.01852	  0.7872
     783	 0.01832	 0.01848	  0.7868
     784	 0.01829	 0.01845	  0.7864
     785	 0.01826	 0.01843	   0.786
     786	 0.01822	  0.0184	  0.7856
     787	 0.01818	 0.01836	  0.7852
     788	 0.01814	  0.0183	  0.7848
     789	 0.01809	 0.01822	  0.7844
     790	 0.01805	 0.01813	   0.784
     791	 0.01801	 0.01804	  0.7836
     792	 0.01796	 0.01795	  0.7832
     793	 0.01791	 0.01787	  0.7828
     794	 0.01784	 0.01781	  0.7824
     795	 0.01776	 0.01775	  0.7821
     796	 0.01768	  0.0177	  0.7817
     797	  0.0176	 0.01766	  0.7813
     798	 0.01754	 0.01762	  0.7809
     799	 0.01751	 0.01758	  0.7805
     800	 0.01751	 0.01757	  0.7801
     801	 0.01754	 0.01756	  0.7797
     802	 0.01759	 0.01758	  0.7793
     803	 0.01765	 0.01762	  0.7789
     804	 0.01771	 0.01767	  0.7785
     805	 0.01776	 0.01772	  0.7782
     806	  0.0178	 0.01777	  0.7778
     807	 0.01782	 0.01781	  0.7774
     808	 0.01781	 0.01783	   0.777
     809	 0.01778	 0.01781	  0.7766
     810	 0.01771	 0.01775	  0.7762
     811	 0.01761	 0.01765	  0.7759
     812	 0.01749	 0.01753	  0.7755
     813	 0.01734	 0.01738	  0.7751
     814	 0.01719	 0.01723	  0.7747
     815	 0.01704	 0.01709	  0.7743
     816	  0.0169	 0.01698	   0.774
     817	 0.01679	 0.01689	  0.7736
     818	 0.01671	 0.01684	  0.7732
     819	 0.01665	 0.01681	  0.7728
     820	 0.01662	 0.01679	  0.7725
     821	 0.01659	 0.01679	  0.7721
     822	 0.01658	 0.01678	  0.7717
     823	 0.01657	 0.01677	  0.7713
     824	 0.01657	 0.01676	   0.771
     825	 0.01657	 0.01676	  0.7706
     826	 0.01659	 0.01676	  0.7702
     827	 0.01662	 0.01678	  0.7698
     828	 0.01665	  0.0168	  0.7695
     829	 0.01667	 0.01683	  0.7691
     830	 0.01669	 0.01684	  0.7687
     831	 0.01669	 0.01684	  0.7684
     832	 0.01667	 0.01683	   0.768
     833	 0.01663	 0.01681	  0.7676
     834	  0.0166	 0.01677	  0.7673
     835	 0.01657	 0.01674	  0.7669
     836	 0.01656	 0.01671	  0.7665
     837	 0.01658	 0.01669	  0.7662
     838	 0.01661	 0.01667	  0.7658
     839	 0.01665	 0.01664	  0.7654
     840	 0.01669	  0.0166	  0.7651
     841	 0.01671	 0.01652	  0.7647
     842	 0.01669	 0.01639	  0.7643
     843	 0.01664	 0.01623	   0.764
     844	 0.01655	 0.01606	  0.7636
     845	 0.01644	 0.01589	  0.7633
     846	 0.01634	 0.01577	  0.7629
     847	 0.01624	 0.01572	  0.7625
     848	 0.01617	 0.01576	  0.7622
     849	 0.01612	 0.01585	  0.7618
     850	 0.01607	 0.01597	  0.7615
