/*
Scattering Phase Functions [1/sr] at 532 nm from LISST-VSF (SN 1475), Percentiles and mean
Volume scattering function corrected and extrapolated to 180ยบ following Koestner et al. 2018 

Dilution-corrected (if applicable) IOPs [1/m], Percentiles and mean;
bbp = 0.031477	0.033244	0.035933	0.041878	0.057984	0.041376
bp = 1.906607	1.954440	2.008659	2.081293	2.178405	2.030085
cp = 2.838073	2.866165	2.930116	3.003519	3.064548	2.940843

Lat, Lon = 70.439, -148.106
Date Time UTC = 09-Sep-2018 01:06:25
Depth = 6.0 m
SPM = 2.04 g/m3
POC/SPM = 0.05 

Created by Daniel Koestner on 15-Jan-2024 15:28:35
Data Version: V4_10-Nov-2023

Column 1: Angle [deg]
Column 2: 10th Percentile Data
Column 3: 25th Percentile Data
Column 4: 50th Percentile Data
Column 5: 75th Percentile Data
Column 6: 90th Percentile Data
Column 7: Mean Data
*/
 0.08357	    1637	    1719	    1814	    1973	    2139	    1872
 0.09861	    1385	    1451	    1535	    1664	    1802	    1578
  0.1164	    1112	    1162	    1233	    1328	    1436	    1260
  0.1373	   834.8	   869.4	   926.2	   986.8	    1062	   937.7
  0.1621	     591	   612.7	   652.9	   683.9	     726	   653.2
  0.1912	   405.4	   417.2	   442.1	   452.9	   469.3	   437.1
  0.2257	   277.5	   282.3	   295.4	   296.9	   297.8	   290.2
  0.2663	   198.8	   199.9	   205.8	   205.1	   200.9	   202.7
  0.3143	   156.7	   156.3	   158.3	     158	   153.9	     157
  0.3708	   136.8	   136.1	   136.2	   135.2	   131.9	   135.2
  0.4376	   120.6	   119.6	   118.7	   116.9	   113.9	   117.7
  0.5164	     103	   101.9	   100.8	   98.53	   95.83	   99.69
  0.6094	   85.93	   84.66	   83.31	   81.33	   79.14	   82.56
  0.7191	   71.68	   70.48	   69.18	   67.48	    65.4	   68.58
  0.8486	   62.33	   61.09	   59.98	   58.36	   56.46	   59.42
   1.001	   52.98	   51.86	   50.89	   49.48	   47.73	   50.39
   1.182	   45.95	   45.01	   44.11	   42.93	   41.38	    43.7
   1.394	   38.97	   38.22	   37.42	   36.43	   35.05	   37.07
   1.645	   32.88	   32.23	   31.59	   30.75	    29.6	   31.29
   1.941	    27.1	   26.54	   26.02	   25.32	   24.41	   25.78
    2.29	   22.54	    22.1	   21.64	   21.06	   20.22	   21.43
   2.701	   17.77	   17.41	   17.09	   16.62	   15.99	   16.91
   3.185	   14.32	   14.08	   13.79	   13.41	   12.93	   13.66
   3.756	   10.08	   9.901	   9.726	   9.482	   9.131	   9.629
   4.428	   7.412	   7.286	   7.145	   6.945	   6.715	   7.079
   5.218	   5.073	   4.996	   4.907	   4.795	   4.616	   4.861
   6.146	   3.746	    3.72	   3.655	    3.57	   3.439	   3.615
   7.232	   2.943	   2.894	   2.852	     2.8	   2.693	   2.826
   8.502	   2.053	   2.032	   2.012	   1.983	   1.912	    1.99
   9.981	   1.437	   1.431	   1.423	   1.409	   1.362	   1.406
   11.69	    1.01	   1.013	   1.011	   1.005	  0.9736	  0.9978
   13.67	  0.7138	  0.7205	  0.7227	  0.7212	  0.7001	   0.712
      15	  0.5802	  0.5879	  0.5911	  0.5914	  0.5749	   0.582
      16	  0.4959	  0.5005	  0.5043	  0.5118	  0.4984	  0.5006
      17	  0.4196	  0.4275	  0.4282	  0.4387	  0.4295	  0.4291
      18	  0.3687	  0.3676	  0.3731	    0.38	  0.3755	  0.3718
      19	  0.3167	  0.3203	  0.3292	  0.3273	  0.3289	  0.3244
      20	  0.2722	  0.2845	  0.2912	  0.2946	   0.293	  0.2873
      21	  0.2424	  0.2518	  0.2562	  0.2657	  0.2661	  0.2563
      22	  0.2176	  0.2234	  0.2285	  0.2359	  0.2386	  0.2297
      23	   0.193	     0.2	  0.2029	   0.208	  0.2152	  0.2051
      24	   0.175	  0.1779	  0.1818	  0.1814	  0.1957	  0.1822
      25	   0.155	  0.1611	  0.1634	  0.1641	  0.1729	  0.1636
      26	  0.1373	  0.1441	  0.1466	  0.1526	  0.1552	  0.1479
      27	  0.1258	  0.1276	  0.1344	  0.1395	  0.1506	  0.1351
      28	  0.1116	  0.1169	  0.1207	  0.1236	   0.135	  0.1226
      29	  0.1017	  0.1057	  0.1097	  0.1162	  0.1211	   0.111
      30	 0.09242	   0.095	 0.09968	  0.1045	  0.1168	  0.1018
      31	 0.08337	 0.08721	 0.09244	 0.09611	  0.1061	 0.09323
      32	 0.07699	 0.08061	 0.08501	 0.08783	 0.09217	 0.08474
      33	 0.07008	 0.07563	 0.07812	  0.0818	 0.08312	 0.07848
      34	 0.06471	 0.06979	 0.07195	 0.07375	 0.08045	 0.07269
      35	 0.05928	 0.06353	 0.06539	 0.07009	  0.0739	 0.06708
      36	 0.05507	 0.05863	 0.06199	 0.06454	 0.06964	  0.0628
      37	  0.0528	 0.05506	 0.05742	 0.06091	 0.06614	 0.05925
      38	  0.0502	 0.05156	 0.05323	 0.05637	 0.06331	 0.05595
      39	 0.04547	 0.04789	 0.05017	 0.05363	 0.05809	  0.0525
      40	 0.04406	 0.04437	 0.04616	 0.04936	 0.05633	 0.04854
      41	 0.03928	 0.04198	 0.04309	  0.0454	 0.05217	 0.04464
      42	 0.03696	 0.03886	 0.04016	 0.04321	 0.04643	 0.04193
      43	 0.03423	 0.03569	 0.03649	 0.03915	 0.04078	 0.03795
      44	  0.0311	  0.0327	 0.03393	 0.03557	 0.03666	 0.03424
      45	 0.02964	 0.03093	 0.03159	 0.03338	 0.03376	   0.032
      46	 0.02923	 0.02998	 0.03054	 0.03221	 0.03387	 0.03093
      47	 0.02762	 0.02846	 0.02903	 0.03021	 0.03168	 0.02942
      48	  0.0259	 0.02684	 0.02783	 0.02851	 0.02886	  0.0279
      49	 0.02407	 0.02517	 0.02621	 0.02703	 0.02726	 0.02637
      50	 0.02279	  0.0236	 0.02438	 0.02525	 0.02533	 0.02475
      51	  0.0213	 0.02205	 0.02267	 0.02403	 0.02594	 0.02337
      52	 0.02096	 0.02077	 0.02146	  0.0231	 0.02492	 0.02222
      53	 0.01976	  0.0199	 0.02049	 0.02189	 0.02326	  0.0212
      54	 0.01862	 0.01863	 0.01976	 0.02208	 0.02298	 0.02051
      55	 0.01715	 0.01769	 0.01832	  0.0206	 0.02486	 0.01972
      56	 0.01627	 0.01695	 0.01716	 0.01896	 0.02255	 0.01848
      57	 0.01516	 0.01602	 0.01666	 0.01746	 0.01958	 0.01705
      58	 0.01452	  0.0154	 0.01568	  0.0178	 0.01826	 0.01637
      59	 0.01417	 0.01434	 0.01501	 0.01609	 0.01968	 0.01636
      60	 0.01295	 0.01349	 0.01424	 0.01511	 0.01742	 0.01559
      61	  0.0124	 0.01284	 0.01338	 0.01463	   0.017	 0.01442
      62	 0.01203	 0.01242	 0.01257	  0.0135	  0.0152	 0.01361
      63	 0.01148	 0.01152	 0.01193	 0.01308	 0.01499	 0.01286
      64	 0.01086	 0.01088	 0.01179	 0.01277	 0.01458	 0.01246
      65	 0.01039	 0.01062	 0.01123	 0.01258	 0.01408	 0.01199
      66	0.009924	 0.01019	 0.01085	 0.01267	  0.0145	 0.01178
      67	0.009592	0.009733	 0.01034	 0.01105	 0.01347	  0.0117
      68	0.009249	0.009413	0.009846	 0.01072	 0.01459	 0.01129
      69	0.008737	0.008978	0.009513	  0.0101	 0.01352	 0.01046
      70	 0.00834	0.008695	0.009135	0.009584	   0.014	 0.01016
      71	0.007913	0.008366	 0.00884	0.009595	 0.01311	0.009724
      72	0.007892	 0.00804	0.008465	0.009316	 0.01033	 0.00909
      73	0.007582	0.007736	0.008163	0.008847	0.009217	0.008738
      74	 0.00734	0.007435	0.008021	0.008603	0.009746	0.008639
      75	 0.00708	0.007161	0.007544	0.008425	 0.01055	0.008265
      76	 0.00679	0.006989	0.007186	0.008159	  0.0104	0.008186
      77	0.006532	0.006625	0.006874	 0.00826	  0.0109	0.008112
      78	0.006307	0.006425	0.006763	0.007232	0.009426	0.007639
      79	0.005988	0.006254	0.006778	 0.00711	0.008339	0.007145
      80	 0.00578	   0.006	0.006336	0.007086	0.008416	0.006749
      81	0.005555	0.005775	0.006231	0.006713	0.007162	0.006463
      82	0.005283	0.005461	0.006068	0.006577	0.007756	0.006395
      83	0.005195	0.005301	0.005637	0.006561	0.007496	0.006367
      84	0.004967	0.005206	0.005475	 0.00665	 0.00794	0.006112
      85	0.004798	0.005033	0.005266	 0.00573	0.007397	0.005718
      86	0.004732	0.004825	 0.00501	0.005402	0.007439	 0.00554
      87	0.004654	0.004716	0.004875	0.005223	0.006736	0.005392
      88	0.004466	0.004636	0.004891	0.005667	0.006963	0.005383
      89	0.004422	0.004497	0.004632	0.005229	0.009252	0.005554
      90	0.004254	0.004307	0.004487	 0.00503	0.008566	 0.00544
      91	0.004067	 0.00421	0.004433	0.004759	0.006735	0.004959
      92	0.003938	0.004071	0.004281	0.004428	0.005429	0.004595
      93	0.003931	0.003927	0.004145	0.004939	0.006241	0.004635
      94	0.003758	0.003843	0.004017	0.004924	0.006893	0.005003
      95	0.003661	0.003734	 0.00402	0.004638	 0.00748	0.004883
      96	0.003623	0.003733	0.003893	0.004482	0.005911	0.004451
      97	0.003587	0.003615	 0.00372	0.004011	0.004647	0.003995
      98	0.003434	0.003489	0.003632	0.004041	 0.00432	0.003899
      99	0.003288	 0.00337	0.003545	0.003968	0.004821	0.003944
     100	0.003299	0.003381	0.003588	 0.00428	0.005186	0.004044
     101	 0.00316	0.003309	0.003721	0.004479	0.005974	0.004293
     102	0.003164	0.003319	0.003461	0.004745	0.005854	0.004478
     103	0.003087	0.003239	0.003423	0.003911	0.006921	 0.00436
     104	0.003016	0.003092	0.003413	0.003954	0.005746	0.003867
     105	0.002906	0.003103	0.003376	0.003807	0.004173	0.003565
     106	0.002913	0.002969	0.003186	0.003505	0.004348	0.003525
     107	0.002833	0.002977	0.003084	0.003298	0.004455	  0.0037
     108	0.002808	0.002908	0.003064	0.003193	0.004598	0.003927
     109	0.002765	0.002889	0.002978	0.003296	 0.00555	0.003857
     110	 0.00259	0.002775	0.002998	0.003281	0.005227	0.003641
     111	0.002613	0.002816	 0.00296	0.003241	0.004296	0.003357
     112	0.002559	0.002658	0.002919	0.003112	 0.00344	0.003025
     113	0.002538	0.002612	  0.0027	0.002964	0.003714	0.003037
     114	0.002576	0.002609	0.002755	0.003174	0.003897	 0.00305
     115	0.002493	0.002611	0.002793	0.003263	0.004035	0.003036
     116	0.002439	0.002529	0.002757	0.002985	0.003867	0.002966
     117	 0.00247	0.002563	0.002677	0.002893	0.003346	 0.00283
     118	0.002355	0.002518	0.002547	0.002763	 0.00342	0.002772
     119	0.002402	0.002401	0.002523	0.002713	0.003669	0.002809
     120	0.002379	0.002417	0.002544	0.002798	0.003713	0.002903
     121	0.002358	0.002388	0.002493	 0.00329	0.004157	0.002979
     122	0.002302	0.002399	0.002633	0.003393	0.005076	0.003141
     123	0.002275	0.002376	0.002501	0.003175	0.004856	0.003047
     124	0.002259	0.002329	0.002435	0.002824	0.003837	0.002817
     125	0.002239	0.002328	0.002362	0.002564	0.003419	0.002669
     126	 0.00222	0.002289	0.002343	0.002609	0.002916	0.002575
     127	0.002275	0.002287	 0.00235	0.002457	0.003098	0.002527
     128	0.002178	0.002267	0.002296	0.002383	0.003201	0.002535
     129	0.002198	0.002203	0.002256	0.002531	0.003034	0.002532
     130	0.002167	0.002212	0.002222	0.002303	0.003087	0.002525
     131	0.002146	0.002177	0.002289	0.002389	0.003709	0.002588
     132	0.002144	0.002203	0.002312	0.002558	0.003703	0.002687
     133	0.002157	0.002226	0.002307	0.002516	 0.00311	0.002625
     134	0.002141	 0.00223	0.002332	0.002481	0.003171	0.002535
     135	0.002223	0.002313	0.002337	0.002564	0.003063	0.002573
     136	0.002179	0.002234	0.002314	0.002561	0.003604	0.002652
     137	 0.00217	0.002219	0.002318	 0.00255	0.002952	  0.0025
     138	0.002197	0.002237	 0.00229	0.002413	0.002653	0.002396
     139	0.002208	0.002219	0.002243	0.002387	0.002821	0.002486
     140	0.002261	0.002258	0.002296	0.002405	0.003216	0.002481
     141	 0.00218	0.002208	0.002309	0.002426	0.002904	0.002431
     142	0.002179	 0.00222	0.002257	0.002507	0.003243	0.002451
     143	  0.0021	0.002154	0.002292	0.002473	0.002815	 0.00249
     144	0.002122	0.002149	0.002303	0.002401	0.002939	0.002565
     145	0.002169	 0.00221	0.002284	0.002628	0.002756	0.002496
     146	0.002166	0.002207	0.002281	0.002624	0.002752	0.002493
     147	0.002163	0.002203	0.002278	 0.00262	0.002749	0.002489
     148	 0.00216	0.002201	0.002275	0.002617	0.002745	0.002486
     149	0.002157	0.002198	0.002272	0.002614	0.002742	0.002483
     150	0.002154	0.002195	0.002269	0.002611	0.002739	 0.00248
     151	0.002152	0.002193	0.002267	0.002609	0.002737	0.002478
     152	 0.00215	0.002191	0.002265	0.002606	0.002734	0.002476
     153	0.002148	0.002189	0.002263	0.002604	0.002732	0.002474
     154	0.002146	0.002187	0.002261	0.002602	 0.00273	0.002472
     155	0.002144	0.002185	0.002259	  0.0026	0.002728	 0.00247
     156	0.002143	0.002184	0.002258	0.002599	0.002727	0.002468
     157	0.002141	0.002182	0.002256	0.002597	0.002725	0.002467
     158	 0.00214	0.002181	0.002255	0.002596	0.002724	0.002465
     159	0.002139	 0.00218	0.002254	0.002594	0.002723	0.002464
     160	0.002138	0.002179	0.002253	0.002593	0.002721	0.002463
     161	0.002137	0.002178	0.002252	0.002592	 0.00272	0.002462
     162	0.002136	0.002177	0.002251	0.002591	0.002719	0.002461
     163	0.002135	0.002176	 0.00225	 0.00259	0.002718	 0.00246
     164	0.002134	0.002175	0.002249	 0.00259	0.002718	0.002459
     165	0.002133	0.002174	0.002248	0.002589	0.002717	0.002459
     166	0.002133	0.002174	0.002248	0.002588	0.002716	0.002458
     167	0.002132	0.002173	0.002247	0.002588	0.002716	0.002457
     168	0.002132	0.002173	0.002247	0.002587	0.002715	0.002457
     169	0.002131	0.002172	0.002246	0.002587	0.002715	0.002456
     170	0.002131	0.002172	0.002246	0.002586	0.002714	0.002456
     171	 0.00213	0.002171	0.002246	0.002586	0.002714	0.002456
     172	 0.00213	0.002171	0.002245	0.002586	0.002714	0.002455
     173	 0.00213	0.002171	0.002245	0.002585	0.002714	0.002455
     174	 0.00213	0.002171	0.002245	0.002585	0.002713	0.002455
     175	0.002129	 0.00217	0.002245	0.002585	0.002713	0.002455
     176	0.002129	 0.00217	0.002244	0.002585	0.002713	0.002454
     177	0.002129	 0.00217	0.002244	0.002585	0.002713	0.002454
     178	0.002129	 0.00217	0.002244	0.002585	0.002713	0.002454
     179	0.002129	 0.00217	0.002244	0.002585	0.002713	0.002454
     180	0.002129	 0.00217	0.002244	0.002585	0.002713	0.002454
