/*
Particulate absorption and scattering spectra, normalized by SPM 
Scattering spectra from ac-s power-function fit 400-700 nm scaled by LISST-VSF scattering coefficient at 532 nm 
Total (a_p) and MeOH-extracted (a_d) absorption spectra from UV/VIS spectrophotometer measurements with GF/F filter inside 15-cm integrating sphere
Correction for filter-pad pathlength amplification from Stramski et al. 2015 

Lat, Lon = 71.195, -148.724
Date Time UTC = 09-Aug-2019 22:15:33
Depth = 46.9 m
SPM = 0.90 g/m3
POC = 69.64 mg/m3
PSD power-law exponent (~1.5-147 µm) = 3.85 
Scattering spectra power-function exponent (400-700 nm) = 0.563 

Created by Daniel Koestner on 15-Jan-2024 15:28:38
Data Version: V4_10-Nov-2023

Column 1: wavelength [nm]
Column 2: a_p [m^2/g]
Column 3: a_d [m^2/g]
Column 4: b_p [m^2/g]
*/
     290	  0.1826	  0.1246	  0.5292
     291	  0.1812	  0.1241	  0.5282
     292	  0.1796	  0.1235	  0.5272
     293	  0.1781	  0.1228	  0.5262
     294	  0.1765	  0.1221	  0.5252
     295	   0.175	  0.1213	  0.5242
     296	  0.1735	  0.1205	  0.5232
     297	  0.1722	  0.1196	  0.5222
     298	  0.1709	  0.1187	  0.5212
     299	  0.1697	  0.1178	  0.5202
     300	  0.1686	  0.1168	  0.5192
     301	  0.1676	  0.1159	  0.5183
     302	  0.1667	   0.115	  0.5173
     303	  0.1657	  0.1141	  0.5163
     304	  0.1648	  0.1133	  0.5154
     305	  0.1639	  0.1126	  0.5144
     306	   0.163	  0.1118	  0.5135
     307	   0.162	  0.1111	  0.5125
     308	   0.161	  0.1105	  0.5116
     309	    0.16	  0.1099	  0.5107
     310	   0.159	  0.1093	  0.5098
     311	   0.158	  0.1087	  0.5088
     312	   0.157	  0.1081	  0.5079
     313	   0.156	  0.1076	   0.507
     314	  0.1549	  0.1071	  0.5061
     315	  0.1538	  0.1065	  0.5052
     316	  0.1526	  0.1059	  0.5043
     317	  0.1514	  0.1052	  0.5034
     318	  0.1502	  0.1045	  0.5025
     319	   0.149	  0.1038	  0.5016
     320	  0.1478	  0.1031	  0.5007
     321	  0.1468	  0.1024	  0.4998
     322	  0.1459	  0.1018	   0.499
     323	  0.1451	  0.1014	  0.4981
     324	  0.1444	   0.101	  0.4972
     325	  0.1438	  0.1007	  0.4964
     326	  0.1432	  0.1004	  0.4955
     327	  0.1426	  0.1002	  0.4947
     328	  0.1419	 0.09991	  0.4938
     329	  0.1413	 0.09955	   0.493
     330	  0.1405	  0.0991	  0.4921
     331	  0.1397	 0.09855	  0.4913
     332	  0.1389	 0.09793	  0.4905
     333	   0.138	 0.09726	  0.4896
     334	  0.1372	  0.0966	  0.4888
     335	  0.1364	 0.09598	   0.488
     336	  0.1357	 0.09542	  0.4872
     337	  0.1351	 0.09493	  0.4863
     338	  0.1345	 0.09449	  0.4855
     339	  0.1339	 0.09408	  0.4847
     340	  0.1333	 0.09367	  0.4839
     341	  0.1327	 0.09323	  0.4831
     342	   0.132	 0.09276	  0.4823
     343	  0.1313	 0.09226	  0.4815
     344	  0.1306	 0.09174	  0.4808
     345	  0.1299	 0.09121	    0.48
     346	  0.1292	 0.09068	  0.4792
     347	  0.1286	 0.09016	  0.4784
     348	  0.1279	 0.08966	  0.4776
     349	  0.1272	 0.08919	  0.4769
     350	  0.1265	 0.08876	  0.4761
     351	  0.1258	 0.08838	  0.4753
     352	  0.1251	 0.08804	  0.4746
     353	  0.1244	 0.08774	  0.4738
     354	  0.1237	 0.08747	  0.4731
     355	  0.1231	 0.08723	  0.4723
     356	  0.1225	 0.08699	  0.4716
     357	  0.1219	 0.08673	  0.4708
     358	  0.1213	 0.08642	  0.4701
     359	  0.1207	 0.08605	  0.4693
     360	  0.1201	 0.08561	  0.4686
     361	  0.1194	 0.08512	  0.4679
     362	  0.1187	  0.0846	  0.4672
     363	  0.1181	 0.08408	  0.4664
     364	  0.1174	 0.08358	  0.4657
     365	  0.1168	 0.08312	   0.465
     366	  0.1162	 0.08269	  0.4643
     367	  0.1156	 0.08227	  0.4636
     368	   0.115	 0.08185	  0.4628
     369	  0.1144	 0.08141	  0.4621
     370	  0.1138	 0.08095	  0.4614
     371	  0.1131	 0.08047	  0.4607
     372	  0.1125	 0.07998	    0.46
     373	  0.1118	 0.07949	  0.4593
     374	  0.1111	 0.07901	  0.4587
     375	  0.1105	 0.07853	   0.458
     376	  0.1099	 0.07804	  0.4573
     377	  0.1093	 0.07753	  0.4566
     378	  0.1087	 0.07698	  0.4559
     379	  0.1082	 0.07638	  0.4552
     380	  0.1076	 0.07575	  0.4546
     381	   0.107	 0.07511	  0.4539
     382	  0.1064	 0.07447	  0.4532
     383	  0.1058	 0.07386	  0.4526
     384	  0.1052	 0.07328	  0.4519
     385	  0.1046	 0.07275	  0.4512
     386	  0.1039	 0.07226	  0.4506
     387	  0.1033	 0.07177	  0.4499
     388	  0.1026	 0.07129	  0.4493
     389	  0.1019	  0.0708	  0.4486
     390	  0.1012	 0.07033	   0.448
     391	  0.1005	 0.06987	  0.4473
     392	 0.09991	 0.06946	  0.4467
     393	 0.09933	  0.0691	   0.446
     394	 0.09878	  0.0688	  0.4454
     395	 0.09826	 0.06856	  0.4448
     396	 0.09776	 0.06834	  0.4441
     397	 0.09728	 0.06812	  0.4435
     398	 0.09681	 0.06789	  0.4429
     399	 0.09635	 0.06761	  0.4423
     400	  0.0959	 0.06729	  0.4416
     401	 0.09547	 0.06692	   0.441
     402	 0.09504	 0.06653	  0.4404
     403	  0.0946	 0.06611	  0.4398
     404	 0.09416	 0.06568	  0.4392
     405	 0.09371	 0.06526	  0.4386
     406	 0.09326	 0.06482	  0.4379
     407	  0.0928	 0.06439	  0.4373
     408	 0.09234	 0.06397	  0.4367
     409	 0.09187	 0.06355	  0.4361
     410	 0.09141	 0.06315	  0.4355
     411	 0.09093	 0.06276	  0.4349
     412	 0.09043	 0.06238	  0.4343
     413	 0.08991	 0.06198	  0.4338
     414	 0.08936	 0.06158	  0.4332
     415	 0.08881	 0.06116	  0.4326
     416	 0.08825	 0.06073	   0.432
     417	 0.08771	 0.06032	  0.4314
     418	  0.0872	 0.05993	  0.4308
     419	 0.08672	 0.05957	  0.4302
     420	 0.08626	 0.05924	  0.4297
     421	 0.08583	 0.05893	  0.4291
     422	 0.08539	 0.05863	  0.4285
     423	 0.08496	 0.05831	   0.428
     424	 0.08449	 0.05797	  0.4274
     425	   0.084	  0.0576	  0.4268
     426	 0.08346	 0.05721	  0.4263
     427	 0.08289	 0.05679	  0.4257
     428	  0.0823	 0.05635	  0.4251
     429	  0.0817	 0.05592	  0.4246
     430	  0.0811	 0.05548	   0.424
     431	 0.08051	 0.05506	  0.4235
     432	 0.07993	 0.05464	  0.4229
     433	 0.07937	 0.05424	  0.4224
     434	 0.07883	 0.05385	  0.4218
     435	 0.07829	 0.05347	  0.4213
     436	 0.07777	 0.05311	  0.4207
     437	 0.07727	 0.05277	  0.4202
     438	 0.07678	 0.05244	  0.4196
     439	 0.07631	  0.0521	  0.4191
     440	 0.07584	 0.05176	  0.4186
     441	 0.07536	 0.05141	   0.418
     442	 0.07486	 0.05104	  0.4175
     443	 0.07433	 0.05066	   0.417
     444	 0.07377	 0.05027	  0.4164
     445	 0.07318	 0.04989	  0.4159
     446	 0.07259	 0.04952	  0.4154
     447	   0.072	 0.04918	  0.4149
     448	 0.07142	 0.04887	  0.4143
     449	 0.07087	 0.04857	  0.4138
     450	 0.07033	 0.04828	  0.4133
     451	 0.06982	 0.04799	  0.4128
     452	 0.06933	  0.0477	  0.4123
     453	 0.06886	  0.0474	  0.4118
     454	 0.06841	  0.0471	  0.4113
     455	 0.06799	  0.0468	  0.4107
     456	 0.06759	 0.04651	  0.4102
     457	  0.0672	 0.04624	  0.4097
     458	 0.06683	 0.04599	  0.4092
     459	 0.06644	 0.04574	  0.4087
     460	 0.06605	 0.04551	  0.4082
     461	 0.06565	 0.04526	  0.4077
     462	 0.06523	 0.04499	  0.4072
     463	 0.06482	  0.0447	  0.4067
     464	  0.0644	 0.04439	  0.4062
     465	   0.064	 0.04407	  0.4057
     466	 0.06361	 0.04376	  0.4053
     467	 0.06324	 0.04346	  0.4048
     468	 0.06288	 0.04319	  0.4043
     469	 0.06253	 0.04295	  0.4038
     470	 0.06218	 0.04274	  0.4033
     471	 0.06184	 0.04255	  0.4028
     472	 0.06149	 0.04237	  0.4024
     473	 0.06114	  0.0422	  0.4019
     474	 0.06079	 0.04205	  0.4014
     475	 0.06044	  0.0419	  0.4009
     476	 0.06009	 0.04175	  0.4004
     477	 0.05975	 0.04161	     0.4
     478	  0.0594	 0.04145	  0.3995
     479	 0.05904	 0.04127	   0.399
     480	 0.05868	 0.04106	  0.3986
     481	  0.0583	 0.04082	  0.3981
     482	 0.05792	 0.04055	  0.3976
     483	 0.05753	 0.04025	  0.3972
     484	 0.05716	 0.03995	  0.3967
     485	 0.05679	 0.03964	  0.3962
     486	 0.05644	 0.03935	  0.3958
     487	 0.05611	 0.03908	  0.3953
     488	 0.05579	 0.03882	  0.3949
     489	 0.05547	 0.03859	  0.3944
     490	 0.05514	 0.03837	   0.394
     491	 0.05481	 0.03816	  0.3935
     492	 0.05446	 0.03796	  0.3931
     493	  0.0541	 0.03777	  0.3926
     494	 0.05374	 0.03757	  0.3922
     495	 0.05336	 0.03738	  0.3917
     496	 0.05299	 0.03719	  0.3913
     497	 0.05262	 0.03701	  0.3908
     498	 0.05225	 0.03683	  0.3904
     499	 0.05189	 0.03666	  0.3899
     500	 0.05153	 0.03648	  0.3895
     501	 0.05119	  0.0363	  0.3891
     502	 0.05085	 0.03612	  0.3886
     503	 0.05051	 0.03593	  0.3882
     504	 0.05018	 0.03574	  0.3878
     505	 0.04985	 0.03554	  0.3873
     506	 0.04952	 0.03534	  0.3869
     507	 0.04919	 0.03513	  0.3865
     508	 0.04886	 0.03492	   0.386
     509	 0.04853	  0.0347	  0.3856
     510	 0.04821	 0.03449	  0.3852
     511	  0.0479	 0.03427	  0.3848
     512	 0.04759	 0.03407	  0.3843
     513	 0.04728	 0.03387	  0.3839
     514	 0.04696	  0.0337	  0.3835
     515	 0.04665	 0.03354	  0.3831
     516	 0.04633	 0.03339	  0.3827
     517	 0.04601	 0.03324	  0.3822
     518	 0.04568	  0.0331	  0.3818
     519	 0.04536	 0.03295	  0.3814
     520	 0.04505	 0.03279	   0.381
     521	 0.04474	 0.03263	  0.3806
     522	 0.04446	 0.03245	  0.3802
     523	 0.04418	 0.03227	  0.3798
     524	 0.04392	 0.03209	  0.3794
     525	 0.04367	 0.03192	   0.379
     526	 0.04341	 0.03174	  0.3786
     527	 0.04315	 0.03157	  0.3782
     528	 0.04287	  0.0314	  0.3777
     529	 0.04259	 0.03122	  0.3773
     530	  0.0423	 0.03105	  0.3769
     531	 0.04201	 0.03088	  0.3765
     532	 0.04174	  0.0307	  0.3761
     533	 0.04148	 0.03054	  0.3757
     534	 0.04123	 0.03038	  0.3754
     535	   0.041	 0.03023	   0.375
     536	 0.04076	  0.0301	  0.3746
     537	 0.04052	 0.02998	  0.3742
     538	 0.04027	 0.02988	  0.3738
     539	    0.04	 0.02978	  0.3734
     540	 0.03973	 0.02968	   0.373
     541	 0.03945	 0.02957	  0.3726
     542	 0.03916	 0.02945	  0.3722
     543	 0.03887	 0.02932	  0.3718
     544	 0.03858	 0.02917	  0.3715
     545	 0.03829	 0.02903	  0.3711
     546	   0.038	  0.0289	  0.3707
     547	 0.03772	 0.02877	  0.3703
     548	 0.03745	 0.02865	  0.3699
     549	  0.0372	 0.02852	  0.3695
     550	 0.03697	  0.0284	  0.3692
     551	 0.03676	 0.02826	  0.3688
     552	 0.03656	 0.02812	  0.3684
     553	 0.03636	 0.02797	   0.368
     554	 0.03617	 0.02781	  0.3677
     555	 0.03598	 0.02765	  0.3673
     556	 0.03579	  0.0275	  0.3669
     557	 0.03561	 0.02735	  0.3665
     558	 0.03542	 0.02722	  0.3662
     559	 0.03522	 0.02711	  0.3658
     560	 0.03503	 0.02702	  0.3654
     561	 0.03483	 0.02695	  0.3651
     562	 0.03463	  0.0269	  0.3647
     563	 0.03442	 0.02685	  0.3643
     564	 0.03421	  0.0268	   0.364
     565	 0.03399	 0.02673	  0.3636
     566	 0.03379	 0.02664	  0.3633
     567	 0.03359	 0.02654	  0.3629
     568	  0.0334	 0.02642	  0.3625
     569	 0.03322	 0.02631	  0.3622
     570	 0.03306	 0.02619	  0.3618
     571	 0.03292	 0.02609	  0.3615
     572	 0.03278	   0.026	  0.3611
     573	 0.03265	 0.02591	  0.3608
     574	 0.03252	 0.02583	  0.3604
     575	 0.03237	 0.02574	    0.36
     576	 0.03223	 0.02566	  0.3597
     577	 0.03208	 0.02559	  0.3593
     578	 0.03194	 0.02551	   0.359
     579	  0.0318	 0.02544	  0.3586
     580	 0.03167	 0.02538	  0.3583
     581	 0.03155	 0.02531	  0.3579
     582	 0.03144	 0.02525	  0.3576
     583	 0.03133	 0.02517	  0.3573
     584	 0.03121	 0.02509	  0.3569
     585	 0.03109	   0.025	  0.3566
     586	 0.03096	  0.0249	  0.3562
     587	 0.03083	 0.02481	  0.3559
     588	  0.0307	 0.02472	  0.3555
     589	 0.03058	 0.02463	  0.3552
     590	 0.03046	 0.02456	  0.3549
     591	 0.03034	  0.0245	  0.3545
     592	 0.03022	 0.02445	  0.3542
     593	 0.03011	  0.0244	  0.3539
     594	 0.02999	 0.02435	  0.3535
     595	 0.02987	 0.02429	  0.3532
     596	 0.02974	 0.02422	  0.3529
     597	 0.02962	 0.02414	  0.3525
     598	  0.0295	 0.02404	  0.3522
     599	 0.02938	 0.02395	  0.3519
     600	 0.02927	 0.02385	  0.3515
     601	 0.02917	 0.02377	  0.3512
     602	 0.02908	  0.0237	  0.3509
     603	 0.02901	 0.02364	  0.3505
     604	 0.02895	 0.02359	  0.3502
     605	  0.0289	 0.02355	  0.3499
     606	 0.02885	 0.02351	  0.3496
     607	  0.0288	 0.02348	  0.3492
     608	 0.02873	 0.02344	  0.3489
     609	 0.02866	  0.0234	  0.3486
     610	 0.02859	 0.02335	  0.3483
     611	 0.02851	  0.0233	  0.3479
     612	 0.02843	 0.02324	  0.3476
     613	 0.02837	 0.02319	  0.3473
     614	  0.0283	 0.02313	   0.347
     615	 0.02825	 0.02307	  0.3467
     616	 0.02819	 0.02301	  0.3464
     617	 0.02812	 0.02295	   0.346
     618	 0.02804	 0.02289	  0.3457
     619	 0.02796	 0.02283	  0.3454
     620	 0.02786	 0.02276	  0.3451
     621	 0.02777	  0.0227	  0.3448
     622	 0.02767	 0.02263	  0.3445
     623	 0.02757	 0.02255	  0.3442
     624	 0.02748	 0.02247	  0.3439
     625	 0.02739	 0.02237	  0.3435
     626	 0.02731	 0.02228	  0.3432
     627	 0.02724	 0.02219	  0.3429
     628	 0.02718	 0.02211	  0.3426
     629	 0.02712	 0.02204	  0.3423
     630	 0.02708	 0.02198	   0.342
     631	 0.02702	 0.02194	  0.3417
     632	 0.02697	  0.0219	  0.3414
     633	  0.0269	 0.02186	  0.3411
     634	 0.02683	 0.02183	  0.3408
     635	 0.02675	 0.02179	  0.3405
     636	 0.02666	 0.02176	  0.3402
     637	 0.02658	 0.02172	  0.3399
     638	  0.0265	 0.02167	  0.3396
     639	 0.02643	 0.02162	  0.3393
     640	 0.02636	 0.02158	   0.339
     641	 0.02629	 0.02152	  0.3387
     642	 0.02621	 0.02147	  0.3384
     643	 0.02613	 0.02141	  0.3381
     644	 0.02604	 0.02134	  0.3378
     645	 0.02595	 0.02128	  0.3375
     646	 0.02587	  0.0212	  0.3372
     647	 0.02579	 0.02113	  0.3369
     648	 0.02572	 0.02106	  0.3366
     649	 0.02566	 0.02099	  0.3363
     650	 0.02562	 0.02093	   0.336
     651	 0.02559	 0.02089	  0.3358
     652	 0.02556	 0.02087	  0.3355
     653	 0.02554	 0.02085	  0.3352
     654	 0.02552	 0.02084	  0.3349
     655	 0.02551	 0.02082	  0.3346
     656	  0.0255	  0.0208	  0.3343
     657	 0.02549	 0.02075	   0.334
     658	  0.0255	 0.02069	  0.3337
     659	 0.02551	 0.02062	  0.3335
     660	 0.02553	 0.02054	  0.3332
     661	 0.02557	 0.02046	  0.3329
     662	 0.02562	 0.02039	  0.3326
     663	 0.02568	 0.02033	  0.3323
     664	 0.02574	 0.02029	   0.332
     665	  0.0258	 0.02026	  0.3318
     666	 0.02586	 0.02025	  0.3315
     667	  0.0259	 0.02024	  0.3312
     668	 0.02593	 0.02024	  0.3309
     669	 0.02593	 0.02023	  0.3306
     670	 0.02591	 0.02022	  0.3304
     671	 0.02586	 0.02018	  0.3301
     672	 0.02579	 0.02014	  0.3298
     673	  0.0257	 0.02007	  0.3295
     674	 0.02559	    0.02	  0.3293
     675	 0.02546	 0.01992	   0.329
     676	 0.02534	 0.01985	  0.3287
     677	  0.0252	 0.01979	  0.3284
     678	 0.02506	 0.01974	  0.3282
     679	 0.02491	 0.01971	  0.3279
     680	 0.02474	 0.01969	  0.3276
     681	 0.02455	 0.01967	  0.3273
     682	 0.02435	 0.01965	  0.3271
     683	 0.02414	 0.01962	  0.3268
     684	 0.02393	 0.01958	  0.3265
     685	 0.02372	 0.01951	  0.3263
     686	 0.02352	 0.01943	   0.326
     687	 0.02333	 0.01933	  0.3257
     688	 0.02316	 0.01923	  0.3255
     689	   0.023	 0.01913	  0.3252
     690	 0.02284	 0.01904	  0.3249
     691	 0.02269	 0.01896	  0.3247
     692	 0.02255	  0.0189	  0.3244
     693	 0.02241	 0.01886	  0.3241
     694	 0.02227	 0.01884	  0.3239
     695	 0.02215	 0.01884	  0.3236
     696	 0.02204	 0.01885	  0.3234
     697	 0.02194	 0.01887	  0.3231
     698	 0.02186	 0.01889	  0.3228
     699	 0.02178	 0.01891	  0.3226
     700	 0.02171	 0.01893	  0.3223
     701	 0.02164	 0.01894	  0.3221
     702	 0.02156	 0.01894	  0.3218
     703	 0.02148	 0.01892	  0.3215
     704	 0.02138	 0.01889	  0.3213
     705	 0.02129	 0.01885	   0.321
     706	  0.0212	 0.01881	  0.3208
     707	 0.02111	 0.01877	  0.3205
     708	 0.02104	 0.01873	  0.3203
     709	 0.02096	 0.01868	    0.32
     710	 0.02089	 0.01864	  0.3198
     711	 0.02081	 0.01859	  0.3195
     712	 0.02073	 0.01853	  0.3192
     713	 0.02065	 0.01847	   0.319
     714	 0.02056	 0.01839	  0.3187
     715	 0.02046	  0.0183	  0.3185
     716	 0.02037	 0.01821	  0.3182
     717	 0.02028	 0.01811	   0.318
     718	 0.02019	 0.01802	  0.3177
     719	 0.02012	 0.01794	  0.3175
     720	 0.02007	 0.01787	  0.3172
     721	 0.02003	 0.01781	   0.317
     722	 0.02001	 0.01777	  0.3167
     723	 0.01999	 0.01774	  0.3165
     724	 0.01995	 0.01772	  0.3163
     725	 0.01991	  0.0177	   0.316
     726	 0.01984	  0.0177	  0.3158
     727	 0.01975	  0.0177	  0.3155
     728	 0.01966	 0.01772	  0.3153
     729	 0.01956	 0.01774	   0.315
     730	 0.01946	 0.01777	  0.3148
     731	 0.01936	 0.01778	  0.3145
     732	 0.01926	 0.01778	  0.3143
     733	 0.01916	 0.01774	  0.3141
     734	 0.01906	 0.01768	  0.3138
     735	 0.01895	 0.01758	  0.3136
     736	 0.01883	 0.01746	  0.3133
     737	 0.01871	 0.01733	  0.3131
     738	 0.01858	  0.0172	  0.3129
     739	 0.01847	 0.01708	  0.3126
     740	 0.01837	 0.01697	  0.3124
     741	 0.01828	 0.01687	  0.3122
     742	 0.01821	 0.01679	  0.3119
     743	 0.01816	 0.01673	  0.3117
     744	 0.01811	 0.01669	  0.3114
     745	 0.01808	 0.01668	  0.3112
     746	 0.01804	 0.01667	   0.311
     747	 0.01799	 0.01668	  0.3107
     748	 0.01795	 0.01669	  0.3105
     749	 0.01791	  0.0167	  0.3103
     750	 0.01786	  0.0167	    0.31
     751	 0.01782	 0.01669	  0.3098
     752	 0.01778	 0.01667	  0.3096
     753	 0.01773	 0.01663	  0.3093
     754	 0.01769	 0.01658	  0.3091
     755	 0.01766	 0.01652	  0.3089
     756	 0.01762	 0.01648	  0.3087
     757	  0.0176	 0.01644	  0.3084
     758	 0.01758	 0.01643	  0.3082
     759	 0.01757	 0.01643	   0.308
     760	 0.01758	 0.01645	  0.3077
     761	 0.01758	 0.01647	  0.3075
     762	 0.01758	 0.01649	  0.3073
     763	 0.01756	 0.01648	  0.3071
     764	 0.01753	 0.01647	  0.3068
     765	 0.01749	 0.01644	  0.3066
     766	 0.01743	  0.0164	  0.3064
     767	 0.01736	 0.01636	  0.3062
     768	 0.01728	 0.01633	  0.3059
     769	 0.01722	  0.0163	  0.3057
     770	 0.01716	 0.01628	  0.3055
     771	 0.01712	 0.01626	  0.3053
     772	 0.01709	 0.01624	   0.305
     773	 0.01708	 0.01622	  0.3048
     774	 0.01707	 0.01619	  0.3046
     775	 0.01707	 0.01614	  0.3044
     776	 0.01705	 0.01608	  0.3041
     777	 0.01701	   0.016	  0.3039
     778	 0.01695	 0.01591	  0.3037
     779	 0.01687	  0.0158	  0.3035
     780	 0.01677	  0.0157	  0.3033
     781	 0.01665	  0.0156	  0.3031
     782	 0.01654	 0.01552	  0.3028
     783	 0.01643	 0.01547	  0.3026
     784	 0.01634	 0.01544	  0.3024
     785	 0.01627	 0.01542	  0.3022
     786	 0.01623	 0.01542	   0.302
     787	  0.0162	 0.01542	  0.3017
     788	 0.01618	 0.01542	  0.3015
     789	 0.01617	 0.01543	  0.3013
     790	 0.01617	 0.01545	  0.3011
     791	 0.01616	 0.01548	  0.3009
     792	 0.01616	 0.01552	  0.3007
     793	 0.01617	 0.01557	  0.3005
     794	 0.01616	 0.01561	  0.3002
     795	 0.01615	 0.01563	     0.3
     796	 0.01611	 0.01562	  0.2998
     797	 0.01606	 0.01557	  0.2996
     798	 0.01599	  0.0155	  0.2994
     799	  0.0159	 0.01541	  0.2992
     800	 0.01582	 0.01533	   0.299
     801	 0.01575	 0.01525	  0.2988
     802	 0.01568	  0.0152	  0.2986
     803	 0.01564	 0.01518	  0.2984
     804	 0.01561	 0.01519	  0.2981
     805	  0.0156	 0.01522	  0.2979
     806	 0.01561	 0.01527	  0.2977
     807	 0.01562	 0.01532	  0.2975
     808	 0.01564	 0.01537	  0.2973
     809	 0.01565	 0.01539	  0.2971
     810	 0.01564	 0.01539	  0.2969
     811	 0.01561	 0.01534	  0.2967
     812	 0.01556	 0.01526	  0.2965
     813	 0.01551	 0.01517	  0.2963
     814	 0.01546	 0.01508	  0.2961
     815	 0.01543	 0.01503	  0.2959
     816	  0.0154	 0.01501	  0.2957
     817	 0.01539	 0.01505	  0.2955
     818	 0.01536	 0.01511	  0.2953
     819	 0.01532	 0.01519	  0.2951
     820	 0.01525	 0.01523	  0.2949
     821	 0.01517	 0.01524	  0.2947
     822	 0.01507	 0.01518	  0.2944
     823	 0.01496	 0.01508	  0.2942
     824	 0.01485	 0.01494	   0.294
     825	 0.01474	 0.01481	  0.2938
     826	 0.01463	 0.01469	  0.2936
     827	 0.01452	  0.0146	  0.2934
     828	 0.01441	 0.01456	  0.2932
     829	  0.0143	 0.01454	   0.293
     830	  0.0142	 0.01453	  0.2928
     831	 0.01409	 0.01451	  0.2927
     832	   0.014	 0.01446	  0.2925
     833	 0.01391	 0.01437	  0.2923
     834	 0.01382	 0.01423	  0.2921
     835	 0.01375	 0.01405	  0.2919
     836	  0.0137	 0.01386	  0.2917
     837	 0.01365	 0.01367	  0.2915
     838	 0.01362	 0.01353	  0.2913
     839	  0.0136	 0.01344	  0.2911
     840	 0.01359	 0.01344	  0.2909
     841	 0.01359	 0.01351	  0.2907
     842	 0.01361	 0.01366	  0.2905
     843	 0.01366	 0.01386	  0.2903
     844	 0.01373	 0.01409	  0.2901
     845	 0.01384	 0.01436	  0.2899
     846	 0.01401	 0.01464	  0.2897
     847	 0.01423	 0.01494	  0.2895
     848	 0.01449	 0.01523	  0.2893
     849	 0.01478	 0.01549	  0.2891
     850	 0.01507	  0.0157	   0.289
