/*
Scattering Phase Functions [1/sr] at 532 nm from LISST-VSF (SN 1475), Percentiles and mean
Volume scattering function corrected and extrapolated to 180ยบ following Koestner et al. 2018 

Dilution-corrected (if applicable) IOPs [1/m], Percentiles and mean;
bbp = 0.014411	0.015418	0.016799	0.018567	0.021257	0.017455
bp = 0.803091	0.982792	1.022324	1.068294	1.124116	1.018713
cp = 1.257958	1.279770	1.316182	1.341875	1.452141	1.331210

Lat, Lon = 70.550, -148.100
Date Time UTC = 10-Aug-2019 04:23:04
Depth = 1.5 m
SPM = 1.85 g/m3
POC/SPM = 0.09 

Created by Daniel Koestner on 15-Jan-2024 15:28:34
Data Version: V4_10-Nov-2023

Column 1: Angle [deg]
Column 2: 10th Percentile Data
Column 3: 25th Percentile Data
Column 4: 50th Percentile Data
Column 5: 75th Percentile Data
Column 6: 90th Percentile Data
Column 7: Mean Data
*/
 0.08357	    1179	    1017	    1136	    1219	    1295	    1150
 0.09861	    1031	   890.7	   992.1	    1066	    1134	    1005
  0.1164	   865.1	   748.4	   829.7	   892.8	   950.1	   842.1
  0.1373	   692.9	   602.3	   661.8	   710.8	     754	     672
  0.1621	     544	   480.5	     519	   551.6	     580	   525.3
  0.1912	   425.1	   392.6	   415.6	   433.9	     451	   416.6
  0.2257	   323.3	   324.8	   338.5	   348.2	   358.1	   334.2
  0.2663	     226	   263.5	   272.7	   278.1	   283.9	   263.8
  0.3143	     159	   210.7	   217.4	   220.4	   222.2	   206.8
  0.3708	   111.7	   178.2	   183.4	   183.8	   182.4	   171.5
  0.4376	   85.62	   153.7	   157.8	   156.6	   153.2	   148.4
  0.5164	    70.7	   131.6	   134.7	   132.8	   129.2	   127.3
  0.6094	   83.92	   111.6	   112.6	   111.2	     108	   109.6
  0.7191	   83.35	   92.14	   92.13	   90.89	    88.4	   89.48
  0.8486	   74.08	   82.24	   81.15	   80.09	   77.72	   79.82
   1.001	   45.83	   67.23	   66.32	   65.43	   63.43	   63.86
   1.182	      37	    57.7	   56.68	   55.97	   54.14	   55.52
   1.394	   25.98	   45.26	   44.55	   44.06	   42.62	   42.38
   1.645	   21.18	   36.85	   36.27	   35.61	   34.77	    35.3
   1.941	   16.67	   28.77	    28.3	   27.57	   27.05	   28.31
    2.29	   10.86	   22.31	   22.06	   21.81	   21.16	    20.1
   2.701	   10.86	   17.34	    17.2	   16.78	   16.31	   17.17
   3.185	   10.93	   13.23	   13.09	   12.81	   12.53	   12.45
   3.756	   12.29	   10.22	   10.12	   9.913	   9.612	   10.16
   4.428	   8.155	   6.807	   6.742	   6.552	   6.382	   6.707
   5.218	   5.967	   4.943	   4.877	   4.795	   4.783	   4.936
   6.146	   4.419	   3.694	    3.62	   3.519	    3.49	   3.649
   7.232	    3.13	   2.584	   2.528	   2.515	   2.522	   2.587
   8.502	    2.18	   1.813	   1.783	   1.781	   1.792	   1.824
   9.981	   1.523	   1.276	   1.261	   1.265	   1.277	   1.291
   11.69	   1.069	  0.9018	  0.8957	  0.9023	  0.9139	  0.9168
   13.67	  0.7543	  0.6411	  0.6398	  0.6472	  0.6577	  0.6549
      15	  0.6126	  0.5229	  0.5234	  0.5308	  0.5404	  0.5358
      16	  0.5293	  0.4484	  0.4463	  0.4595	  0.4512	  0.4571
      17	  0.4594	  0.3908	  0.3979	  0.4005	  0.4064	   0.401
      18	  0.4092	  0.3443	  0.3496	  0.3522	  0.3624	  0.3599
      19	  0.3664	  0.3062	  0.3072	  0.3087	  0.3148	  0.3193
      20	  0.3192	  0.2714	  0.2688	  0.2653	  0.2676	  0.2761
      21	   0.277	  0.2328	  0.2341	  0.2366	  0.2436	   0.243
      22	  0.2417	  0.2099	  0.2111	  0.2129	  0.2218	   0.216
      23	  0.2173	   0.188	  0.1922	   0.201	  0.1977	  0.1944
      24	  0.1971	  0.1684	  0.1707	  0.1699	  0.1698	  0.1712
      25	  0.1828	  0.1529	  0.1564	   0.155	  0.1529	  0.1556
      26	  0.1641	  0.1397	  0.1426	  0.1455	  0.1423	  0.1436
      27	  0.1482	  0.1247	  0.1304	  0.1331	  0.1359	  0.1313
      28	  0.1327	   0.115	   0.115	  0.1179	    0.12	  0.1177
      29	  0.1223	  0.1032	  0.1043	  0.1063	  0.1094	  0.1062
      30	  0.1133	 0.09568	 0.09546	 0.09554	 0.09889	 0.09721
      31	  0.1055	 0.08805	 0.08963	 0.08884	 0.09053	 0.09023
      32	 0.09539	 0.08021	 0.08055	  0.0841	 0.08633	 0.08361
      33	 0.08658	  0.0731	 0.07332	 0.07799	 0.07764	 0.07597
      34	 0.07897	 0.06709	 0.06799	 0.07075	 0.06932	 0.06928
      35	 0.07258	 0.06186	 0.06421	 0.06315	 0.06697	 0.06448
      36	 0.06905	 0.05928	 0.06012	 0.06141	 0.06212	 0.06128
      37	 0.06272	  0.0545	 0.05645	 0.05835	 0.05678	 0.05713
      38	 0.05896	 0.04976	 0.05251	  0.0544	 0.05639	  0.0533
      39	 0.05331	 0.04744	 0.04881	 0.04954	 0.05427	 0.05044
      40	 0.05085	 0.04473	 0.04577	 0.04762	  0.0494	 0.04671
      41	 0.04729	 0.04136	  0.0435	 0.04641	  0.0456	 0.04394
      42	 0.04472	 0.03855	 0.04002	 0.04307	 0.04694	 0.04209
      43	 0.04168	 0.03661	  0.0379	 0.04109	 0.04254	 0.03908
      44	 0.04021	 0.03411	 0.03452	 0.03552	 0.03743	 0.03557
      45	 0.03855	 0.03241	 0.03339	 0.03311	 0.03471	 0.03372
      46	 0.03652	 0.03066	 0.03112	 0.03216	 0.03155	 0.03184
      47	 0.03454	 0.02923	  0.0294	 0.02994	 0.03078	 0.02995
      48	 0.03098	 0.02712	 0.02804	 0.02989	 0.03033	 0.02865
      49	 0.03053	 0.02542	 0.02621	 0.02842	 0.03111	 0.02784
      50	 0.02838	 0.02427	 0.02484	 0.02541	 0.02536	 0.02507
      51	 0.02652	 0.02371	 0.02329	 0.02393	 0.02391	 0.02382
      52	  0.0263	  0.0226	 0.02296	 0.02415	 0.02559	 0.02369
      53	 0.02407	 0.02073	 0.02249	 0.02324	  0.0253	 0.02272
      54	 0.02264	 0.01982	 0.02083	 0.02243	 0.02235	 0.02134
      55	 0.02176	 0.01937	 0.01997	 0.02079	 0.02242	 0.02037
      56	 0.01974	 0.01747	 0.01829	 0.01893	 0.01982	 0.01858
      57	 0.01842	 0.01689	 0.01706	 0.01852	 0.01823	 0.01754
      58	 0.01845	 0.01577	 0.01596	 0.01685	 0.01732	 0.01644
      59	 0.01732	 0.01485	 0.01553	  0.0158	 0.01691	 0.01579
      60	 0.01671	 0.01524	  0.0151	 0.01544	 0.01706	 0.01557
      61	 0.01586	 0.01431	 0.01459	  0.0151	  0.0151	  0.0147
      62	 0.01546	  0.0137	 0.01401	 0.01431	  0.0146	 0.01406
      63	 0.01448	 0.01285	 0.01298	 0.01359	 0.01477	 0.01348
      64	 0.01385	  0.0121	 0.01269	 0.01305	 0.01395	 0.01307
      65	 0.01341	 0.01137	 0.01194	 0.01247	 0.01326	 0.01253
      66	 0.01266	 0.01095	  0.0116	 0.01173	 0.01315	 0.01186
      67	 0.01253	 0.01082	 0.01109	 0.01136	 0.01313	 0.01163
      68	 0.01199	 0.01011	 0.01047	 0.01108	 0.01168	 0.01124
      69	 0.01143	0.009873	 0.01014	 0.01064	 0.01204	 0.01071
      70	 0.01056	0.009435	0.009858	 0.01035	 0.01046	 0.01003
      71	 0.01035	0.009077	 0.00955	 0.01006	 0.01012	0.009627
      72	 0.01028	0.008772	 0.00914	 0.01007	 0.01123	0.009698
      73	 0.00924	0.008419	0.008931	 0.01062	 0.01238	 0.01002
      74	 0.00892	  0.0078	0.008472	0.009492	 0.01088	0.008994
      75	 0.00855	 0.00758	0.007947	0.008633	0.009375	0.008457
      76	0.008171	  0.0071	0.007285	0.008746	0.008927	 0.00809
      77	0.007934	0.006713	0.006986	0.007729	0.008228	 0.00772
      78	0.007717	0.006659	0.006729	0.007239	0.008403	0.007522
      79	0.007652	0.006498	0.006778	0.007254	0.007664	0.007488
      80	0.007119	0.006273	0.006431	0.006676	 0.00743	0.006935
      81	 0.00686	0.005991	0.006375	0.006558	0.006959	0.006571
      82	 0.00696	0.005916	0.006182	 0.00659	0.006809	0.006532
      83	 0.00662	0.005683	0.005991	0.006095	0.006262	0.006301
      84	0.006033	0.005257	0.005486	 0.00576	0.007416	0.006155
      85	0.005995	0.005302	0.005403	0.005586	0.007384	 0.00605
      86	0.005874	0.005193	0.005175	0.005645	0.006566	0.005637
      87	0.005482	0.004743	0.005087	0.005445	0.006054	0.005378
      88	0.005238	0.004653	0.004973	0.005103	0.005595	0.005102
      89	0.005358	0.004589	0.004828	0.004975	0.005512	0.004951
      90	0.004905	0.004327	0.004422	0.004526	0.005345	0.004622
      91	  0.0047	0.004035	0.004279	 0.00434	0.004483	0.004279
      92	0.004488	 0.00397	0.004035	0.004202	0.004424	0.004165
      93	0.004508	0.003897	0.003923	 0.00431	0.004505	0.004169
      94	0.004357	0.003734	0.003945	0.004238	 0.00438	0.004056
      95	0.004353	0.003701	0.003811	0.004004	0.004091	0.003969
      96	0.004218	0.003621	0.003847	0.004258	0.004583	0.004189
      97	0.003864	0.003491	0.003833	0.004023	0.004692	0.004135
      98	0.004123	0.003435	0.003686	0.003919	0.004209	0.003881
      99	 0.00403	0.003503	0.003567	 0.00381	0.004181	0.003719
     100	0.003956	0.003334	0.003449	0.003493	0.003719	0.003503
     101	0.003874	0.003262	0.003328	0.003425	0.003597	0.003405
     102	0.003813	0.003257	 0.00332	0.003491	0.003464	 0.00338
     103	0.003282	0.002992	0.003162	0.003289	0.003555	0.003208
     104	0.003182	0.002882	 0.00311	0.003181	0.003317	0.003094
     105	0.003161	0.002664	0.002836	0.003151	0.003943	0.003105
     106	0.003225	0.002786	0.002894	0.003152	0.003774	 0.00319
     107	0.003047	0.002769	 0.00288	0.003372	 0.00373	 0.00312
     108	0.003136	0.002692	0.002784	 0.00303	0.003894	0.003215
     109	0.002974	0.002686	0.002793	0.002906	0.003408	0.002913
     110	0.003102	0.002688	0.002738	0.002872	0.002852	 0.00285
     111	0.002786	0.002617	0.002711	0.003008	0.003151	0.002836
     112	0.002809	0.002396	0.002552	0.002794	0.002916	0.002694
     113	0.002675	0.002396	0.002671	0.002795	0.002983	0.002718
     114	0.002766	0.002423	0.002563	0.002655	0.002818	0.002633
     115	0.002595	0.002278	0.002451	0.002695	0.002983	0.002565
     116	0.002693	0.002278	0.002439	0.002462	0.002638	0.002436
     117	0.002655	0.002247	 0.00232	0.002378	0.002456	0.002374
     118	0.002504	 0.00219	0.002346	0.002435	0.002505	0.002359
     119	0.002483	0.002226	0.002371	0.002459	0.002749	0.002421
     120	0.002484	0.002147	0.002258	0.002363	 0.00269	0.002416
     121	0.002489	0.002182	0.002215	0.002354	0.002674	0.002357
     122	0.002341	 0.00199	0.002288	0.002433	0.002488	 0.00237
     123	0.002292	 0.00206	0.002352	0.002386	0.002434	0.002307
     124	0.002245	0.002071	0.002139	0.002322	  0.0027	0.002272
     125	0.002407	0.002078	0.002197	0.002306	0.002881	0.002313
     126	0.002152	0.002103	0.002205	0.002276	0.003053	0.002314
     127	0.002283	0.002049	0.002088	 0.00227	 0.00264	0.002273
     128	 0.00234	0.002018	 0.00213	0.002266	0.002473	0.002223
     129	0.002394	0.002022	0.002099	0.002168	0.002194	0.002121
     130	0.002202	0.002008	0.002048	0.002177	0.002212	0.002092
     131	0.002266	0.001921	0.001985	0.002027	0.002351	 0.00207
     132	0.002255	0.001924	0.001992	0.002026	0.002053	0.002006
     133	0.002156	0.001941	0.001986	0.002009	0.002034	0.001995
     134	 0.00222	0.001941	0.001986	0.002054	0.002177	0.002048
     135	0.002158	0.001914	0.002004	 0.00213	0.002304	0.002149
     136	0.002041	 0.00191	0.001943	 0.00224	0.002602	0.002168
     137	0.002122	0.001937	 0.00194	0.001999	0.002242	0.002014
     138	0.002118	0.001891	0.001937	0.001981	0.002063	0.001971
     139	0.002132	0.001832	0.001892	0.001993	0.002278	0.001997
     140	0.002241	 0.00196	0.002031	0.002072	0.002255	0.002072
     141	0.002182	0.001935	0.002072	0.002094	0.002087	0.002037
     142	0.002206	0.001893	0.001941	0.002072	0.002103	0.002011
     143	0.002206	0.001864	0.001902	0.002081	0.002073	0.001984
     144	0.002095	0.001831	0.001988	 0.00213	0.002126	0.002049
     145	0.002145	0.001867	0.001906	0.002004	0.002127	0.002014
     146	 0.00214	0.001863	0.001902	   0.002	0.002123	0.002009
     147	0.002135	0.001859	0.001899	0.001996	0.002119	0.002006
     148	0.002131	0.001856	0.001895	0.001993	0.002115	0.002002
     149	0.002127	0.001852	0.001892	 0.00199	0.002112	0.001998
     150	0.002123	0.001849	0.001889	0.001986	0.002109	0.001995
     151	0.002119	0.001846	0.001886	0.001983	0.002106	0.001992
     152	0.002116	0.001843	0.001883	0.001981	0.002103	0.001989
     153	0.002113	0.001841	 0.00188	0.001978	  0.0021	0.001987
     154	 0.00211	0.001838	0.001878	0.001976	0.002098	0.001984
     155	0.002107	0.001836	0.001875	0.001973	0.002096	0.001982
     156	0.002104	0.001833	0.001873	0.001971	0.002094	0.001979
     157	0.002102	0.001831	0.001871	0.001969	0.002092	0.001977
     158	0.002099	0.001829	0.001869	0.001967	 0.00209	0.001975
     159	0.002097	0.001828	0.001867	0.001965	0.002088	0.001974
     160	0.002095	0.001826	0.001866	0.001964	0.002087	0.001972
     161	0.002093	0.001824	0.001864	0.001962	0.002085	 0.00197
     162	0.002091	0.001823	0.001863	0.001961	0.002084	0.001969
     163	 0.00209	0.001821	0.001861	 0.00196	0.002082	0.001967
     164	0.002088	 0.00182	 0.00186	0.001958	0.002081	0.001966
     165	0.002087	0.001819	0.001859	0.001957	 0.00208	0.001965
     166	0.002085	0.001818	0.001858	0.001956	0.002079	0.001964
     167	0.002084	0.001817	0.001857	0.001955	0.002078	0.001963
     168	0.002083	0.001816	0.001856	0.001954	0.002077	0.001962
     169	0.002082	0.001815	0.001855	0.001954	0.002077	0.001961
     170	0.002081	0.001814	0.001855	0.001953	0.002076	0.001961
     171	 0.00208	0.001814	0.001854	0.001952	0.002075	 0.00196
     172	 0.00208	0.001813	0.001853	0.001952	0.002075	0.001959
     173	0.002079	0.001812	0.001853	0.001951	0.002074	0.001959
     174	0.002078	0.001812	0.001852	0.001951	0.002074	0.001958
     175	0.002078	0.001812	0.001852	0.001951	0.002074	0.001958
     176	0.002078	0.001811	0.001852	 0.00195	0.002073	0.001958
     177	0.002077	0.001811	0.001851	 0.00195	0.002073	0.001957
     178	0.002077	0.001811	0.001851	 0.00195	0.002073	0.001957
     179	0.002077	0.001811	0.001851	 0.00195	0.002073	0.001957
     180	0.002077	0.001811	0.001851	 0.00195	0.002073	0.001957
