/*
Scattering Phase Functions [1/sr] at 532 nm from LISST-VSF (SN 1475), Percentiles and mean
Volume scattering function corrected and extrapolated to 180ยบ following Koestner et al. 2018 

Dilution-corrected (if applicable) IOPs [1/m], Percentiles and mean;
bbp = 0.024344	0.026529	0.029046	0.032063	0.035188	0.029658
bp = 2.063483	2.196836	2.569023	4.617622	7.095774	3.858898
cp = 2.794062	3.311272	5.774487	10.740479	19.779342	8.286760

Lat, Lon = 70.596, -149.036
Date Time UTC = 08-Sep-2018 20:53:19
Depth = 1.7 m
SPM = 2.15 g/m3
POC/SPM = 0.11 

Created by Daniel Koestner on 15-Jan-2024 15:28:34
Data Version: V4_10-Nov-2023

Column 1: Angle [deg]
Column 2: 10th Percentile Data
Column 3: 25th Percentile Data
Column 4: 50th Percentile Data
Column 5: 75th Percentile Data
Column 6: 90th Percentile Data
Column 7: Mean Data
*/
 0.08357	    5578	    6017	1.018e+04	2.041e+04	1.414e+04	1.622e+04
 0.09861	    4629	    5111	    8774	1.89e+04	1.414e+04	1.509e+04
  0.1164	    3601	    4116	    7187	1.694e+04	1.412e+04	1.352e+04
  0.1373	    2567	    3075	    5444	1.407e+04	1.344e+04	1.12e+04
  0.1621	    1694	    2114	    3707	1.014e+04	1.133e+04	    8095
  0.1912	    1094	    1360	    2254	    6043	    8061	    5004
  0.2257	   742.2	   854.7	    1248	    2946	    4851	    2703
  0.2663	   551.9	   572.8	   706.6	    1340	    2714	    1463
  0.3143	   439.9	   433.3	   471.9	   770.2	    1585	     917
  0.3708	   366.8	     357	   361.7	   506.6	   894.9	   596.9
  0.4376	   300.9	   292.8	   281.8	   341.2	   529.5	     393
  0.5164	   240.3	     233	   214.4	   202.5	   275.8	   239.1
  0.6094	   184.2	   178.6	   162.3	   133.8	     168	   159.5
  0.7191	   137.2	   133.3	   119.8	    85.4	    91.3	     102
  0.8486	   105.1	     102	    91.4	   60.75	   61.56	   73.17
   1.001	   79.88	   77.28	   68.88	   42.58	   37.36	   50.72
   1.182	   63.74	   61.63	   54.42	   32.84	   26.14	   38.77
   1.394	    49.4	   47.75	   42.31	   24.74	   18.37	   29.02
   1.645	   38.96	   37.98	   33.59	    19.4	   13.85	   22.72
   1.941	   29.41	   29.01	   25.61	    14.6	   10.13	   17.12
    2.29	   23.53	   22.67	    20.2	   11.53	   7.613	   13.35
   2.701	    18.3	   17.78	   15.77	   9.011	   5.953	   10.44
   3.185	   14.04	    13.5	   12.04	   6.967	   4.586	   7.988
   3.756	    10.7	   10.34	   9.165	   5.236	    3.45	   6.054
   4.428	   7.038	   6.774	   6.047	   3.539	   2.333	   4.026
   5.218	   4.688	   4.585	   4.088	   2.382	   1.584	   2.711
   6.146	   3.613	   3.491	   3.095	   1.808	   1.202	   2.073
   7.232	   2.353	   2.278	   2.089	   1.198	  0.8007	   1.371
   8.502	   1.516	   1.487	   1.374	  0.7991	  0.5359	  0.9036
   9.981	    0.98	  0.9738	  0.9072	  0.5349	    0.36	  0.5977
   11.69	   0.637	  0.6412	   0.602	  0.3598	   0.243	  0.3973
   13.67	   0.417	  0.4251	  0.4022	  0.2436	  0.1651	  0.2659
      15	  0.3238	  0.3325	   0.316	   0.193	   0.131	  0.2092
      16	  0.2777	  0.2813	  0.2713	  0.1631	  0.1126	  0.1791
      17	   0.243	  0.2461	  0.2363	  0.1378	 0.09438	  0.1535
      18	  0.2032	  0.2125	  0.2018	  0.1204	 0.08404	  0.1333
      19	   0.183	  0.1837	  0.1719	  0.1056	 0.07411	  0.1159
      20	  0.1615	  0.1621	  0.1514	 0.09113	 0.06483	  0.1013
      21	  0.1388	  0.1457	  0.1362	 0.08113	 0.05809	 0.09011
      22	  0.1204	  0.1279	  0.1183	 0.06953	 0.05102	 0.07891
      23	  0.1081	  0.1107	   0.103	 0.06255	 0.04441	 0.06977
      24	 0.09864	  0.1001	 0.09415	 0.05691	 0.03906	 0.06316
      25	 0.08767	 0.08974	 0.08293	 0.05116	 0.03582	 0.05632
      26	 0.08144	 0.08294	 0.07491	 0.04569	 0.03203	 0.05139
      27	 0.06979	 0.07358	 0.06751	 0.03982	 0.02805	 0.04494
      28	 0.06467	 0.06642	 0.06286	 0.03724	 0.02603	 0.04145
      29	 0.06109	 0.06066	 0.05655	 0.03413	 0.02371	 0.03787
      30	 0.05432	 0.05545	 0.05121	  0.0303	 0.02163	 0.03428
      31	 0.05008	 0.05033	 0.04751	 0.02821	 0.01981	 0.03155
      32	 0.04529	 0.04614	 0.04287	 0.02592	 0.01781	 0.02871
      33	 0.04143	 0.04157	 0.03871	 0.02391	 0.01647	 0.02611
      34	 0.03728	 0.03835	 0.03602	 0.02176	 0.01543	 0.02425
      35	 0.03501	 0.03529	 0.03416	 0.02056	 0.01438	 0.02264
      36	  0.0329	 0.03351	 0.03242	 0.01921	 0.01313	 0.02127
      37	 0.03162	 0.03081	 0.02835	 0.01751	 0.01226	 0.01936
      38	 0.02828	 0.02866	 0.02637	 0.01617	 0.01139	 0.01776
      39	 0.02762	 0.02711	 0.02513	 0.01514	 0.01166	 0.01722
      40	 0.02527	 0.02555	 0.02411	 0.01456	 0.01021	   0.016
      41	 0.02384	 0.02343	 0.02262	 0.01374	0.009595	 0.01503
      42	 0.02248	 0.02245	 0.02107	 0.01295	 0.00887	 0.01415
      43	 0.02097	 0.02147	 0.02046	 0.01231	0.008635	 0.01351
      44	 0.01896	 0.02001	 0.01843	  0.0114	0.007797	 0.01249
      45	 0.01802	 0.01899	 0.01753	 0.01066	 0.00737	 0.01174
      46	 0.01761	 0.01767	 0.01662	  0.0102	0.006962	 0.01128
      47	 0.01682	 0.01704	 0.01618	0.009693	0.006648	 0.01073
      48	 0.01626	  0.0163	 0.01536	0.009178	0.006344	 0.01017
      49	   0.015	 0.01558	 0.01425	0.008766	0.006154	 0.00961
      50	 0.01439	 0.01432	 0.01338	0.008342	0.006021	0.009156
      51	 0.01366	 0.01411	 0.01287	0.007657	0.005581	0.008805
      52	 0.01306	 0.01321	 0.01223	0.007128	0.004992	0.008091
      53	 0.01187	 0.01238	  0.0114	0.006847	0.005052	0.007705
      54	  0.0119	 0.01179	  0.0111	0.006522	0.004831	0.007453
      55	 0.01128	 0.01131	 0.01065	0.006292	0.004654	0.007171
      56	 0.01059	  0.0107	0.009924	0.006034	0.004232	 0.00672
      57	 0.01007	0.009816	0.009285	0.005545	0.004045	0.006291
      58	0.009465	0.009583	0.009051	0.005615	0.004011	0.006281
      59	0.009007	0.009151	0.008424	0.005095	0.003611	0.005707
      60	0.008617	0.008715	0.008017	0.004965	0.003404	0.005462
      61	0.008402	0.008467	0.007697	0.004732	0.003254	0.005246
      62	0.008078	 0.00807	0.007486	0.004472	0.003176	  0.0051
      63	0.007602	0.007731	0.007165	0.004416	0.003027	 0.00493
      64	  0.0074	0.007515	0.006907	0.004187	0.002899	0.004721
      65	0.006992	0.006923	0.006478	0.003963	0.002996	0.004544
      66	0.006452	 0.00684	0.006271	0.003822	 0.00267	0.004312
      67	0.006405	0.006423	 0.00614	0.003664	0.002506	0.004083
      68	0.006269	0.006365	0.005825	0.003499	0.002504	0.003946
      69	0.005782	0.005897	0.005673	0.003359	0.002328	0.003726
      70	0.005588	0.005834	0.005312	0.003204	0.002214	0.003564
      71	0.005478	 0.00559	0.005105	 0.00305	0.002126	0.003419
      72	0.005293	0.005257	0.004949	0.003065	0.002122	0.003336
      73	0.005147	0.005205	 0.00481	0.002822	0.002076	0.003233
      74	0.004924	0.004861	 0.00457	0.002829	0.001908	0.003085
      75	0.004729	0.004796	0.004469	0.002761	0.001887	0.003015
      76	0.004731	0.004742	 0.00449	0.002656	0.001915	0.002999
      77	0.004494	0.004536	0.004225	0.002618	0.001932	0.002998
      78	0.004196	0.004439	0.004254	0.002562	0.001907	0.002922
      79	0.004203	0.004262	0.003933	 0.00239	0.001709	 0.00273
      80	0.003947	0.004111	0.003776	0.002262	0.001629	0.002538
      81	0.003803	 0.00389	0.003636	0.002149	0.001517	0.002423
      82	0.003641	0.003682	0.003528	 0.00214	0.001508	0.002351
      83	0.003587	0.003586	0.003377	0.002037	0.001493	0.002308
      84	0.003343	0.003543	0.003326	0.002012	0.001509	0.002231
      85	0.003335	 0.00346	0.003259	0.001913	0.001293	0.002122
      86	0.003188	0.003364	0.003073	0.001847	0.001331	0.002064
      87	0.003096	0.003242	0.003029	  0.0018	0.001447	0.002066
      88	0.003026	0.003059	0.002907	0.001782	0.001454	0.002026
      89	0.002899	0.002936	0.002864	0.001743	0.001323	0.001954
      90	0.002901	0.002919	0.002779	 0.00165	0.001119	0.001979
      91	0.002837	0.002883	0.002764	0.001635	0.001163	0.001867
      92	0.002795	0.002749	0.002552	 0.00154	0.001123	0.001731
      93	0.002715	0.002732	0.002532	0.001534	0.001106	0.001711
      94	0.002534	0.002622	0.002479	0.001516	0.001092	0.001686
      95	0.002515	0.002579	0.002428	0.001468	0.001077	0.001633
      96	0.002329	0.002473	0.002318	0.001412	0.001011	0.001552
      97	0.002366	0.002467	0.002275	0.001381	0.0009784	0.001534
      98	 0.00218	0.002374	0.002268	0.001402	0.0009984	0.001512
      99	0.002101	0.002356	0.002194	0.001329	0.001003	0.001526
     100	0.002148	0.002304	 0.00216	0.001296	0.0009792	0.001453
     101	0.002101	0.002284	0.002135	0.001258	0.0009356	0.001427
     102	 0.00205	 0.00216	 0.00206	0.001255	0.0009357	0.001382
     103	0.001996	0.002166	0.002026	0.001272	0.0008722	0.001357
     104	0.001928	0.002067	0.001948	0.001206	0.0008837	 0.00132
     105	0.001958	0.002109	0.001977	0.001188	0.0008305	0.001303
     106	 0.00199	 0.00201	0.001942	0.001226	0.0009054	0.001316
     107	0.001901	0.002002	0.001834	0.001207	0.0008627	0.001295
     108	0.001929	0.001901	0.001821	0.001212	0.0009686	0.001324
     109	0.001905	0.001912	 0.00184	0.001238	0.0009365	0.001337
     110	0.001876	0.001924	0.001826	0.001109	0.0008105	0.001286
     111	0.001816	0.001838	0.001797	0.001072	0.0008088	0.001241
     112	0.001788	0.001896	 0.00171	0.001044	0.0007694	0.001186
     113	0.001754	0.001805	0.001715	0.001026	0.0007594	0.001149
     114	0.001792	0.001822	0.001679	0.001035	0.0007187	0.001151
     115	0.001796	0.001771	0.001727	0.001024	0.0007697	0.001175
     116	0.001751	0.001813	0.001721	0.001043	0.0007816	0.001162
     117	0.001668	0.001738	0.001625	0.001025	0.0007414	0.001125
     118	0.001675	0.001685	0.001621	0.0009978	0.0006933	0.001075
     119	 0.00167	0.001751	 0.00162	0.001003	0.0006857	0.001089
     120	0.001668	0.001684	0.001568	0.0009626	0.0006659	0.001066
     121	0.001771	0.001715	0.001553	0.0009668	0.0006727	0.001071
     122	0.001743	0.001743	0.001564	0.0009499	0.0006433	0.001063
     123	0.001716	0.001676	 0.00153	0.0009367	0.0006653	0.001038
     124	0.001618	0.001628	  0.0015	0.0009225	0.0006595	0.001025
     125	0.001644	0.001656	0.001518	0.0009272	0.0006842	0.001048
     126	0.001632	0.001666	 0.00151	0.0009344	0.0006414	0.001036
     127	0.001615	0.001645	0.001508	0.0008952	0.0006504	0.001015
     128	0.001634	0.001633	0.001548	0.0009128	0.0006443	0.001031
     129	 0.00162	0.001634	0.001512	0.0009194	0.0006596	0.001027
     130	0.001638	0.001646	0.001468	0.0008981	0.0006411	0.001011
     131	 0.00161	0.001612	 0.00149	0.0008928	0.0006558	0.001009
     132	 0.00162	0.001622	0.001508	0.0009346	0.0006346	0.001015
     133	 0.00164	0.001636	0.001501	0.0009104	0.0006487	0.001016
     134	0.001745	0.001713	 0.00156	0.0009546	0.0006497	0.001049
     135	0.001682	0.001686	0.001555	0.000972	0.0006775	 0.00106
     136	0.001694	0.001721	0.001563	 0.00097	0.0006814	0.001065
     137	0.001674	0.001669	0.001612	0.0009823	0.000685	0.001084
     138	 0.00165	0.001752	 0.00165	0.001022	0.0007094	  0.0011
     139	0.001747	0.001777	0.001655	0.001004	0.0006943	0.001138
     140	 0.00176	0.001819	0.001716	0.001015	0.0006845	0.001126
     141	0.001696	0.001729	0.001677	0.001029	0.0007162	0.001115
     142	0.001709	0.001723	 0.00167	0.001007	0.0006866	0.001101
     143	0.001674	0.001687	 0.00165	0.001031	0.0007178	0.001104
     144	0.001651	 0.00171	0.001591	0.001033	0.0007441	0.001136
     145	0.001784	0.001793	0.001706	0.001095	0.0007772	 0.00116
     146	0.001785	0.001793	0.001706	0.001095	0.0007766	 0.00116
     147	0.001786	0.001793	0.001706	0.001095	0.000776	 0.00116
     148	0.001788	0.001794	0.001707	0.001096	0.0007756	 0.00116
     149	0.001789	0.001794	0.001707	0.001096	0.0007752	 0.00116
     150	0.001791	0.001795	0.001708	0.001097	0.0007748	 0.00116
     151	0.001792	0.001796	0.001708	0.001098	0.0007745	 0.00116
     152	0.001794	0.001797	0.001709	0.001098	0.0007742	0.001161
     153	0.001795	0.001798	 0.00171	0.001099	0.000774	0.001161
     154	0.001797	0.001799	 0.00171	  0.0011	0.0007739	0.001162
     155	0.001799	  0.0018	0.001711	0.001101	0.0007737	0.001162
     156	  0.0018	0.001801	0.001712	0.001101	0.0007736	0.001162
     157	0.001802	0.001802	0.001713	0.001102	0.0007735	0.001163
     158	0.001804	0.001803	0.001714	0.001103	0.0007734	0.001163
     159	0.001806	0.001804	0.001715	0.001104	0.0007734	0.001164
     160	0.001807	0.001806	0.001716	0.001105	0.0007734	0.001164
     161	0.001809	0.001807	0.001716	0.001105	0.0007734	0.001165
     162	 0.00181	0.001808	0.001717	0.001106	0.0007734	0.001166
     163	0.001812	0.001809	0.001718	0.001107	0.0007734	0.001166
     164	0.001813	 0.00181	0.001719	0.001108	0.0007734	0.001167
     165	0.001815	0.001811	 0.00172	0.001108	0.0007735	0.001167
     166	0.001816	0.001812	0.001721	0.001109	0.0007735	0.001168
     167	0.001817	0.001813	0.001721	 0.00111	0.0007735	0.001168
     168	0.001819	0.001813	0.001722	 0.00111	0.0007736	0.001168
     169	 0.00182	0.001814	0.001723	0.001111	0.0007736	0.001169
     170	0.001821	0.001815	0.001723	0.001111	0.0007737	0.001169
     171	0.001822	0.001816	0.001724	0.001112	0.0007737	 0.00117
     172	0.001822	0.001816	0.001725	0.001112	0.0007738	 0.00117
     173	0.001823	0.001817	0.001725	0.001112	0.0007738	 0.00117
     174	0.001824	0.001817	0.001725	0.001113	0.0007739	 0.00117
     175	0.001824	0.001818	0.001726	0.001113	0.0007739	0.001171
     176	0.001825	0.001818	0.001726	0.001113	0.0007739	0.001171
     177	0.001825	0.001818	0.001726	0.001113	0.0007739	0.001171
     178	0.001825	0.001818	0.001726	0.001114	0.000774	0.001171
     179	0.001826	0.001819	0.001727	0.001114	0.000774	0.001171
     180	0.001826	0.001819	0.001727	0.001114	0.000774	0.001171
