/*
Scattering Phase Functions [1/sr] at 532 nm from LISST-VSF (SN 1475), Percentiles and mean
Volume scattering function corrected and extrapolated to 180ยบ following Koestner et al. 2018 

Dilution-corrected (if applicable) IOPs [1/m], Percentiles and mean;
bbp = 0.043634	0.045648	0.048294	0.051724	0.056209	0.049341
bp = 2.999094	3.064795	3.139472	3.215621	3.288594	3.144109
cp = 4.350252	4.389662	4.444908	4.501596	4.539289	4.449441

Lat, Lon = 70.464, -148.522
Date Time UTC = 07-Sep-2018 01:59:02
Depth = 1.6 m
SPM = 2.80 g/m3
POC/SPM = 0.05 

Created by Daniel Koestner on 15-Jan-2024 15:28:34
Data Version: V4_10-Nov-2023

Column 1: Angle [deg]
Column 2: 10th Percentile Data
Column 3: 25th Percentile Data
Column 4: 50th Percentile Data
Column 5: 75th Percentile Data
Column 6: 90th Percentile Data
Column 7: Mean Data
*/
 0.08357	    1502	    1535	    1584	    1648	    1684	    1599
 0.09861	    1318	    1345	    1384	    1434	    1466	    1396
  0.1164	    1115	    1135	    1164	    1200	    1227	    1173
  0.1373	   902.1	   915.2	   934.8	     956	     977	   940.1
  0.1621	   701.4	   708.4	   719.6	   729.6	   743.5	   722.1
  0.1912	     533	   535.6	   540.7	   543.8	   551.2	   541.5
  0.2257	   402.5	   402.4	   403.8	   403.9	   406.5	   403.9
  0.2663	   311.7	   310.6	   310.2	   309.4	   309.5	   310.2
  0.3143	   254.6	   253.3	     252	   250.7	   249.9	     252
  0.3708	   218.2	   216.8	   214.9	   213.1	   211.8	   214.8
  0.4376	   186.3	   184.7	   182.5	   180.6	   179.3	   182.5
  0.5164	   154.5	   152.7	   150.7	   148.9	   147.5	   150.7
  0.6094	   125.4	   123.7	   122.1	   120.5	   119.5	   122.1
  0.7191	   100.4	   99.02	    97.6	   96.28	   95.16	   97.57
  0.8486	    82.9	   81.67	    80.5	   79.52	   78.63	   80.53
   1.001	   67.42	   66.39	   65.42	   64.53	   63.71	    65.4
   1.182	    56.3	   55.48	   54.67	   54.09	   53.48	   54.72
   1.394	   45.59	   44.94	   44.26	    43.7	   43.11	   44.25
   1.645	   37.08	   36.53	   36.01	   35.64	   35.19	   36.03
   1.941	   29.28	   28.83	   28.46	   28.22	    27.9	    28.5
    2.29	   23.38	   23.04	   22.68	   22.33	   22.01	   22.65
   2.701	   18.46	    18.2	   17.94	   17.77	   17.54	   17.96
   3.185	   14.34	   14.13	   13.93	   13.72	   13.52	   13.91
   3.756	   10.96	    10.8	   10.67	   10.53	    10.4	   10.66
   4.428	   7.529	   7.439	   7.347	    7.25	   7.163	   7.334
   5.218	   5.301	   5.229	   5.166	   5.097	   5.023	    5.16
   6.146	   4.033	   3.976	   3.924	   3.879	   3.819	   3.921
   7.232	   2.747	   2.709	   2.677	   2.642	   2.609	   2.675
   8.502	   1.861	   1.854	   1.848	   1.836	   1.821	   1.843
   9.981	   1.265	   1.273	   1.279	   1.279	   1.275	   1.274
   11.69	   0.864	  0.8778	  0.8898	  0.8956	  0.8968	  0.8849
   13.67	  0.5938	  0.6092	  0.6226	  0.6306	  0.6344	  0.6183
      15	  0.4746	  0.4897	  0.5029	  0.5113	  0.5157	   0.499
      16	  0.4088	  0.4222	  0.4314	  0.4372	  0.4457	  0.4291
      17	  0.3505	  0.3627	  0.3714	  0.3754	  0.3833	   0.369
      18	   0.303	  0.3123	  0.3186	  0.3256	  0.3284	  0.3176
      19	  0.2636	  0.2709	  0.2776	  0.2827	  0.2856	  0.2762
      20	  0.2296	  0.2376	   0.244	  0.2474	  0.2491	  0.2417
      21	  0.2021	  0.2095	  0.2132	  0.2166	  0.2187	  0.2123
      22	  0.1772	  0.1855	  0.1887	  0.1917	  0.1953	  0.1881
      23	  0.1593	  0.1629	  0.1672	  0.1703	  0.1733	  0.1668
      24	  0.1421	  0.1455	  0.1487	  0.1519	  0.1544	  0.1487
      25	  0.1269	  0.1299	  0.1338	  0.1359	  0.1392	  0.1338
      26	  0.1132	  0.1169	  0.1194	  0.1225	  0.1259	  0.1198
      27	  0.1019	  0.1054	  0.1086	  0.1105	  0.1135	  0.1083
      28	 0.09163	 0.09608	 0.09817	     0.1	  0.1024	 0.09811
      29	 0.08415	 0.08688	  0.0894	  0.0906	 0.09264	 0.08909
      30	 0.07576	 0.07916	 0.08129	 0.08334	 0.08481	 0.08122
      31	 0.06989	 0.07232	 0.07423	 0.07658	 0.07827	 0.07442
      32	 0.06406	 0.06586	 0.06794	 0.06934	 0.07106	 0.06804
      33	  0.0589	 0.06077	 0.06254	 0.06382	 0.06539	 0.06239
      34	 0.05382	 0.05621	 0.05726	 0.05905	 0.06035	 0.05746
      35	 0.04917	  0.0515	 0.05281	 0.05447	 0.05609	 0.05293
      36	 0.04572	 0.04747	 0.04889	 0.05069	 0.05268	 0.04914
      37	  0.0427	 0.04411	 0.04573	 0.04715	 0.04939	 0.04589
      38	 0.03966	 0.04108	 0.04257	 0.04377	 0.04569	 0.04263
      39	 0.03686	 0.03841	 0.03932	 0.04055	 0.04223	 0.03956
      40	  0.0347	  0.0356	 0.03671	 0.03794	 0.03889	 0.03695
      41	 0.03213	 0.03327	 0.03424	 0.03522	 0.03646	 0.03439
      42	 0.02985	 0.03086	 0.03193	 0.03291	 0.03381	 0.03202
      43	 0.02854	 0.02919	 0.02987	 0.03088	 0.03168	 0.03009
      44	 0.02706	 0.02748	 0.02814	 0.02895	 0.02977	 0.02828
      45	 0.02524	 0.02559	  0.0263	 0.02727	 0.02798	 0.02655
      46	 0.02295	 0.02376	 0.02474	 0.02569	 0.02659	 0.02491
      47	 0.02258	   0.023	 0.02337	 0.02424	 0.02484	 0.02365
      48	 0.02179	 0.02191	 0.02207	 0.02273	 0.02332	 0.02239
      49	 0.02028	 0.02043	 0.02078	  0.0216	 0.02239	 0.02112
      50	 0.01893	 0.01925	 0.01963	 0.02025	 0.02117	  0.0199
      51	 0.01798	 0.01808	 0.01864	 0.01921	 0.01998	 0.01883
      52	 0.01706	  0.0172	 0.01749	 0.01815	 0.01884	 0.01778
      53	 0.01612	 0.01625	 0.01658	 0.01725	 0.01783	 0.01689
      54	 0.01526	 0.01536	 0.01575	 0.01645	 0.01701	  0.0161
      55	 0.01459	 0.01474	 0.01507	 0.01563	 0.01684	 0.01549
      56	  0.0138	 0.01396	 0.01435	 0.01472	  0.0153	 0.01449
      57	  0.0132	 0.01326	 0.01363	 0.01415	 0.01473	 0.01384
      58	 0.01241	 0.01253	 0.01306	 0.01349	 0.01433	 0.01321
      59	 0.01187	 0.01196	 0.01235	 0.01292	 0.01347	 0.01256
      60	 0.01133	 0.01152	 0.01188	 0.01222	 0.01277	 0.01201
      61	 0.01074	 0.01082	 0.01123	 0.01188	  0.0124	 0.01156
      62	 0.01021	  0.0104	 0.01065	 0.01116	 0.01153	 0.01089
      63	 0.00967	0.009908	  0.0103	 0.01067	 0.01119	 0.01045
      64	0.009418	 0.00959	0.009832	 0.01035	 0.01115	 0.01014
      65	 0.00895	0.009177	0.009458	0.009881	 0.01074	0.009732
      66	0.008693	0.008855	0.009129	0.009447	0.009961	0.009332
      67	0.008405	 0.00848	0.008817	0.009103	0.009797	0.008983
      68	0.007956	0.008106	0.008463	0.008822	0.009444	0.008584
      69	0.007567	0.007686	0.007989	0.008365	0.008873	0.008147
      70	0.007283	0.007454	0.007664	0.008136	0.008397	0.007846
      71	0.006996	0.007116	0.007327	0.007722	0.008125	0.007518
      72	0.006629	0.006847	0.007068	0.007492	0.007993	0.007253
      73	0.006468	0.006538	0.006764	0.007122	0.007743	 0.00697
      74	0.006218	0.006331	0.006519	0.006753	0.007285	0.006689
      75	0.005956	 0.00608	0.006303	0.006627	 0.00711	0.006473
      76	0.005751	0.005856	0.006075	0.006401	0.006978	0.006258
      77	0.005507	0.005634	0.005872	0.006211	 0.00659	0.005991
      78	0.005265	0.005417	 0.00566	0.006045	0.006454	0.005809
      79	 0.00513	 0.00526	0.005472	0.005898	0.006186	0.005642
      80	0.004938	0.005069	0.005271	0.005614	 0.00602	0.005442
      81	0.004785	0.004927	0.005069	0.005435	0.005703	0.005243
      82	0.004624	0.004728	  0.0049	0.005149	0.005409	0.005016
      83	 0.00447	0.004595	0.004745	0.004886	0.005204	0.004833
      84	0.004333	0.004427	0.004591	0.004785	0.005068	0.004694
      85	0.004188	0.004302	0.004441	0.004711	0.004869	0.004544
      86	0.004068	0.004167	0.004364	0.004612	0.004784	0.004421
      87	0.003943	0.004014	0.004254	0.004488	0.004836	 0.00433
      88	0.003838	 0.00394	0.004107	0.004298	0.004629	0.004185
      89	0.003704	0.003828	0.003974	0.004197	0.004425	0.004078
      90	0.003614	0.003703	 0.00386	0.004089	0.004449	0.003946
      91	0.003499	0.003588	 0.00374	0.003964	0.004204	0.003823
      92	0.003424	0.003495	 0.00366	0.003855	0.004053	0.003712
      93	0.003285	0.003371	0.003512	 0.00376	0.004016	 0.00361
      94	0.003221	0.003292	0.003434	0.003597	0.003911	0.003518
      95	0.003134	0.003222	0.003336	0.003568	  0.0038	0.003437
      96	0.003105	0.003163	0.003265	0.003456	0.003682	0.003365
      97	0.003004	0.003107	0.003209	 0.00337	0.003657	0.003286
      98	0.002955	0.003014	0.003107	 0.00329	0.003512	0.003195
      99	0.002877	0.002912	0.003033	0.003173	0.003446	0.003106
     100	0.002764	 0.00285	0.002946	0.003094	0.003236	0.003018
     101	  0.0027	0.002789	0.002898	 0.00302	0.003284	0.002954
     102	0.002606	0.002698	0.002845	 0.00296	0.003164	0.002888
     103	0.002556	0.002621	0.002752	0.002893	0.003041	0.002803
     104	0.002495	0.002573	0.002668	0.002841	0.003031	0.002741
     105	0.002447	0.002537	0.002639	0.002783	0.002973	0.002693
     106	0.002465	0.002501	0.002589	0.002699	0.002912	0.002652
     107	0.002417	0.002469	0.002541	0.002676	0.002798	0.002604
     108	0.002373	0.002414	0.002482	0.002611	0.002751	0.002539
     109	0.002301	0.002361	0.002462	0.002599	0.002733	0.002509
     110	0.002285	0.002331	0.002418	0.002539	0.002713	0.002474
     111	0.002245	0.002293	0.002395	0.002462	0.002624	0.002419
     112	0.002229	0.002272	0.002348	0.002477	0.002628	0.002402
     113	 0.00219	0.002256	0.002323	0.002427	0.002635	0.002375
     114	0.002154	0.002228	0.002313	 0.00241	0.002596	0.002346
     115	0.002126	0.002179	0.002268	0.002377	0.002559	0.002313
     116	0.002125	0.002158	0.002232	0.002367	0.002532	0.002286
     117	0.002115	0.002143	0.002205	0.002336	0.002567	 0.00228
     118	0.002063	0.002102	0.002179	0.002282	0.002564	0.002254
     119	0.002049	0.002097	0.002178	0.002287	0.002517	0.002236
     120	0.001998	0.002065	0.002147	0.002257	0.002408	0.002202
     121	0.002006	0.002041	 0.00213	0.002211	0.002354	0.002171
     122	0.001957	0.002044	  0.0021	0.002196	0.002343	0.002138
     123	0.001976	0.002025	0.002086	0.002185	0.002352	 0.00213
     124	 0.00197	0.002018	 0.00209	0.002203	0.002309	0.002135
     125	 0.00198	0.002009	0.002086	0.002176	0.002305	0.002121
     126	0.001976	0.002016	0.002059	 0.00214	0.002302	  0.0021
     127	0.001982	0.002004	0.002057	0.002153	0.002269	0.002098
     128	0.001955	 0.00201	0.002065	0.002158	0.002278	0.002107
     129	0.001968	0.002019	0.002065	0.002149	0.002283	0.002107
     130	0.001986	0.002022	0.002083	0.002155	0.002288	0.002122
     131	 0.00196	0.002028	0.002096	0.002195	0.002314	0.002126
     132	 0.00197	0.002036	0.002087	0.002188	0.002293	0.002127
     133	0.001977	 0.00205	0.002106	0.002177	0.002274	0.002133
     134	0.002033	0.002077	0.002119	0.002201	0.002266	0.002145
     135	0.002067	  0.0021	0.002137	0.002197	0.002297	0.002169
     136	0.002067	 0.00211	 0.00218	 0.00226	0.002361	0.002204
     137	0.002096	0.002174	0.002205	0.002295	0.002434	0.002251
     138	0.002154	0.002182	0.002241	 0.00231	0.002412	0.002281
     139	0.002147	0.002182	0.002232	0.002291	0.002416	0.002275
     140	0.002141	0.002185	0.002237	0.002308	0.002404	0.002267
     141	0.002133	0.002184	0.002225	0.002305	 0.00244	0.002262
     142	 0.00213	0.002162	0.002228	0.002298	0.002372	0.002248
     143	0.002075	0.002133	0.002194	 0.00227	0.002344	0.002212
     144	0.002082	0.002105	0.002161	0.002244	0.002341	0.002197
     145	0.002068	0.002099	0.002168	0.002253	 0.00238	0.002197
     146	0.002067	0.002099	0.002167	0.002251	0.002377	0.002196
     147	0.002067	0.002099	0.002167	0.002249	0.002374	0.002195
     148	0.002067	0.002099	0.002166	0.002248	0.002372	0.002194
     149	0.002068	0.002099	0.002166	0.002247	 0.00237	0.002193
     150	0.002068	0.002099	0.002165	0.002246	0.002368	0.002193
     151	0.002068	0.002099	0.002165	0.002245	0.002366	0.002192
     152	0.002069	  0.0021	0.002165	0.002244	0.002365	0.002192
     153	 0.00207	  0.0021	0.002165	0.002244	0.002364	0.002192
     154	 0.00207	0.002101	0.002165	0.002243	0.002362	0.002192
     155	0.002071	0.002102	0.002166	0.002243	0.002361	0.002192
     156	0.002072	0.002102	0.002166	0.002242	 0.00236	0.002192
     157	0.002073	0.002103	0.002166	0.002242	 0.00236	0.002192
     158	0.002074	0.002104	0.002167	0.002242	0.002359	0.002192
     159	0.002074	0.002105	0.002167	0.002242	0.002358	0.002192
     160	0.002075	0.002106	0.002168	0.002242	0.002358	0.002193
     161	0.002076	0.002106	0.002168	0.002242	0.002357	0.002193
     162	0.002077	0.002107	0.002169	0.002242	0.002357	0.002193
     163	0.002078	0.002108	0.002169	0.002242	0.002356	0.002194
     164	0.002079	0.002109	 0.00217	0.002242	0.002356	0.002194
     165	 0.00208	 0.00211	 0.00217	0.002242	0.002356	0.002194
     166	 0.00208	 0.00211	0.002171	0.002242	0.002355	0.002195
     167	0.002081	0.002111	0.002171	0.002243	0.002355	0.002195
     168	0.002082	0.002112	0.002172	0.002243	0.002355	0.002195
     169	0.002083	0.002112	0.002172	0.002243	0.002355	0.002196
     170	0.002083	0.002113	0.002173	0.002243	0.002355	0.002196
     171	0.002084	0.002114	0.002173	0.002243	0.002355	0.002196
     172	0.002084	0.002114	0.002173	0.002243	0.002355	0.002197
     173	0.002085	0.002115	0.002174	0.002244	0.002355	0.002197
     174	0.002085	0.002115	0.002174	0.002244	0.002355	0.002197
     175	0.002086	0.002115	0.002174	0.002244	0.002355	0.002197
     176	0.002086	0.002116	0.002174	0.002244	0.002354	0.002198
     177	0.002086	0.002116	0.002175	0.002244	0.002354	0.002198
     178	0.002086	0.002116	0.002175	0.002244	0.002354	0.002198
     179	0.002086	0.002116	0.002175	0.002244	0.002354	0.002198
     180	0.002087	0.002116	0.002175	0.002244	0.002354	0.002198
