/*
Scattering Phase Functions [1/sr] at 532 nm from LISST-VSF (SN 1475), Percentiles and mean
Volume scattering function corrected and extrapolated to 180ยบ following Koestner et al. 2018 

Dilution-corrected (if applicable) IOPs [1/m], Percentiles and mean;
bbp = 0.205328	0.211243	0.217867	0.225324	0.231541	0.218098
bp = 11.874051	12.195039	13.565572	17.775848	20.051649	15.032866
cp = 11.313026	11.761651	15.434051	34.956876	Inf	Inf

Lat, Lon = 70.237, -147.576
Date Time UTC = 09-Sep-2018 22:49:46
Depth = 1.5 m
SPM = 9.78 g/m3
POC/SPM = 0.02 

Created by Daniel Koestner on 15-Jan-2024 15:28:34
Data Version: V4_10-Nov-2023

Column 1: Angle [deg]
Column 2: 10th Percentile Data
Column 3: 25th Percentile Data
Column 4: 50th Percentile Data
Column 5: 75th Percentile Data
Column 6: 90th Percentile Data
Column 7: Mean Data
*/
 0.08357	   997.5	    1167	    5672	1.038e+04	1.09e+04	    6457
 0.09861	     885	    1025	    4700	    8851	    9405	    5544
  0.1164	   764.3	   870.5	    3647	    7202	    7756	    4542
  0.1373	   642.1	   714.1	    2595	    5540	    6052	    3508
  0.1621	   532.7	   576.2	    1711	    4059	    4510	    2579
  0.1912	   443.7	     469	    1095	    2872	    3298	    1857
  0.2257	   372.5	     388	   703.7	    1941	    2359	    1312
  0.2663	   315.8	   325.9	   471.7	    1268	    1640	   913.9
  0.3143	   269.2	   275.2	   332.1	   803.8	    1079	   619.1
  0.3708	   230.5	     234	     258	   528.1	   694.2	   428.6
  0.4376	     195	   196.1	   200.8	   339.6	   429.1	   292.5
  0.5164	   162.6	   162.7	   160.3	     229	   271.7	   207.7
  0.6094	   133.1	   132.1	     125	   150.4	   168.3	   145.9
  0.7191	   107.3	     106	   99.56	   104.4	   110.8	   106.8
  0.8486	   86.13	   84.62	   78.12	   71.51	   70.97	   77.71
   1.001	    68.5	   67.27	      62	   52.34	   50.75	   59.04
   1.182	   54.73	   53.85	    49.1	   39.52	   36.55	   45.53
   1.394	   43.49	   42.74	   38.99	   30.57	   28.22	   35.69
   1.645	    34.5	   33.92	   30.79	   23.96	   21.74	   28.02
   1.941	   26.73	   26.21	   23.76	   18.36	   16.59	   21.55
    2.29	   21.13	   20.71	   18.89	   14.64	   13.17	   17.07
   2.701	   16.73	   16.36	   14.86	   11.41	   10.25	   13.41
   3.185	   13.09	   12.85	   11.65	    8.99	   8.086	   10.53
   3.756	   10.31	   10.07	   9.164	   7.054	   6.312	   8.266
   4.428	   7.192	   7.037	   6.372	   4.899	   4.386	   5.749
   5.218	   5.033	   5.055	   4.658	   3.614	   3.235	   4.174
   6.146	   4.035	   3.973	   3.615	   2.788	   2.502	    3.26
   7.232	   2.815	   2.776	   2.536	   1.949	   1.735	   2.278
   8.502	   1.882	   1.875	   1.727	   1.337	   1.195	   1.549
   9.981	   1.263	    1.27	    1.18	  0.9203	  0.8263	   1.057
   11.69	  0.8516	  0.8651	  0.8096	  0.6363	  0.5737	  0.7242
   13.67	   0.578	  0.5928	  0.5591	  0.4427	  0.4008	  0.4995
      15	  0.4584	  0.4729	  0.4481	  0.3563	  0.3234	     0.4
      16	  0.4093	  0.4198	  0.3972	  0.3198	  0.2871	  0.3562
      17	   0.361	  0.3711	  0.3483	   0.281	  0.2551	  0.3139
      18	  0.3157	  0.3249	  0.3067	  0.2464	  0.2264	  0.2766
      19	  0.2776	  0.2849	  0.2712	  0.2201	  0.2009	  0.2452
      20	   0.249	  0.2539	  0.2444	  0.1946	   0.176	   0.218
      21	  0.2202	   0.227	  0.2165	  0.1737	   0.156	  0.1936
      22	  0.1966	  0.2038	  0.1939	  0.1554	  0.1411	  0.1732
      23	  0.1797	  0.1816	  0.1725	  0.1386	  0.1262	  0.1551
      24	  0.1628	  0.1622	  0.1567	  0.1243	  0.1128	  0.1395
      25	  0.1433	  0.1451	  0.1402	  0.1111	  0.1013	  0.1253
      26	   0.128	   0.132	  0.1274	  0.1007	 0.09162	  0.1133
      27	   0.118	  0.1195	  0.1148	 0.09168	 0.08402	  0.1028
      28	  0.1077	  0.1085	  0.1047	 0.08397	  0.0755	 0.09366
      29	 0.09768	 0.09905	 0.09569	 0.07675	 0.06969	 0.08566
      30	 0.08927	 0.09001	 0.08821	 0.06951	 0.06383	 0.07819
      31	 0.08281	 0.08271	 0.07944	 0.06371	 0.05911	 0.07194
      32	 0.07632	 0.07622	 0.07335	  0.0591	 0.05376	 0.06594
      33	 0.07042	 0.07128	 0.06794	 0.05395	 0.04956	 0.06114
      34	 0.06458	 0.06492	 0.06232	 0.05015	 0.04547	 0.05614
      35	 0.06064	 0.06037	 0.05784	 0.04627	  0.0426	 0.05215
      36	 0.05592	 0.05624	 0.05344	 0.04325	 0.03906	  0.0482
      37	 0.05185	 0.05285	 0.04989	 0.04026	 0.03667	 0.04506
      38	  0.0488	 0.04907	 0.04673	 0.03732	  0.0342	 0.04194
      39	 0.04432	 0.04609	 0.04302	 0.03488	 0.03145	 0.03899
      40	 0.04229	 0.04228	 0.04001	 0.03242	 0.02934	 0.03617
      41	 0.03864	 0.03932	 0.03742	 0.03002	 0.02738	 0.03373
      42	 0.03648	 0.03673	 0.03561	 0.02798	 0.02548	 0.03159
      43	  0.0343	 0.03438	 0.03306	 0.02605	 0.02369	 0.02955
      44	 0.03127	 0.03277	 0.03113	 0.02457	 0.02268	  0.0277
      45	 0.02947	 0.02987	 0.02903	 0.02309	 0.02137	 0.02599
      46	 0.02774	 0.02819	 0.02677	 0.02175	 0.01957	 0.02424
      47	 0.02651	 0.02691	 0.02528	 0.02031	 0.01833	 0.02289
      48	 0.02525	 0.02534	 0.02398	 0.01899	 0.01715	 0.02154
      49	 0.02366	  0.0241	  0.0225	 0.01762	 0.01601	 0.02018
      50	 0.02258	 0.02301	 0.02139	  0.0166	 0.01515	 0.01915
      51	 0.02104	 0.02178	 0.02026	 0.01579	 0.01452	  0.0182
      52	 0.02002	  0.0209	 0.01931	 0.01516	  0.0137	 0.01732
      53	 0.01922	 0.01959	 0.01853	 0.01441	 0.01314	 0.01651
      54	 0.01841	 0.01863	 0.01737	 0.01351	  0.0125	 0.01558
      55	 0.01733	 0.01766	 0.01635	 0.01274	 0.01172	 0.01468
      56	  0.0166	 0.01666	 0.01541	 0.01202	  0.0109	 0.01387
      57	  0.0158	 0.01569	 0.01449	 0.01145	  0.0104	 0.01312
      58	 0.01494	 0.01519	 0.01407	 0.01095	0.009986	 0.01261
      59	 0.01437	 0.01455	 0.01325	 0.01054	0.009496	 0.01202
      60	 0.01339	 0.01382	  0.0129	 0.01003	0.009128	 0.01151
      61	 0.01297	 0.01311	 0.01218	0.009589	0.008741	 0.01098
      62	  0.0122	 0.01246	 0.01164	0.009178	0.008455	 0.01048
      63	 0.01165	 0.01194	 0.01125	0.008791	0.007968	 0.01001
      64	 0.01118	 0.01138	 0.01063	0.008446	0.007612	0.009569
      65	 0.01066	 0.01103	 0.01023	0.008036	0.007319	0.009184
      66	 0.01036	 0.01043	0.009813	0.007745	0.007068	0.008799
      67	 0.01004	0.009889	0.009394	0.007332	0.006693	0.008405
      68	0.009484	0.009654	0.008971	0.007025	0.006357	0.008057
      69	0.009179	0.009265	0.008638	0.006746	 0.00613	0.007738
      70	0.008929	0.008981	0.008331	 0.00648	0.005839	0.007465
      71	0.008468	0.008481	0.007854	 0.00617	0.005617	0.007085
      72	0.008124	0.008164	0.007548	0.005903	0.005303	0.006796
      73	0.007832	0.007926	0.007329	0.005736	0.005152	0.006585
      74	 0.00749	0.007561	0.007064	0.005501	0.004984	0.006326
      75	0.007281	0.007374	0.006759	0.005295	0.004813	0.006107
      76	 0.00695	 0.00704	0.006467	0.005148	0.004648	0.005856
      77	0.006688	0.006698	0.006211	0.004862	0.004475	0.005613
      78	0.006358	0.006459	0.006027	0.004684	0.004325	0.005412
      79	0.006191	0.006255	0.005779	0.004524	  0.0041	0.005193
      80	0.005994	0.005992	0.005561	0.004374	0.004004	0.005024
      81	0.005758	0.005831	0.005447	0.004289	0.003869	0.004878
      82	0.005512	0.005694	0.005241	0.004098	0.003774	0.004711
      83	0.005388	0.005458	0.005086	0.004003	0.003605	0.004559
      84	 0.00526	 0.00529	 0.00492	0.003821	0.003485	 0.00441
      85	0.005106	0.005117	0.004721	0.003696	0.003356	0.004252
      86	0.004922	0.005005	0.004652	0.003586	0.003273	0.004147
      87	0.004799	0.004847	0.004509	0.003491	0.003182	0.004044
      88	0.004681	0.004697	0.004298	0.003361	0.003071	0.003894
      89	0.004551	0.004531	0.004118	 0.00331	   0.003	0.003784
      90	0.004439	 0.00445	0.004103	0.003255	0.002948	0.003717
      91	0.004251	0.004277	0.003993	0.003153	0.002861	0.003589
      92	0.004085	0.004206	0.003884	0.003056	0.002812	0.003493
      93	0.004103	0.004049	0.003774	 0.00298	0.002688	0.003394
      94	0.003957	0.003971	0.003663	0.002867	0.002636	 0.00331
      95	0.003861	0.003902	0.003586	0.002802	0.002558	0.003232
      96	0.003798	0.003791	0.003494	0.002804	0.002562	 0.00318
      97	0.003673	 0.00369	0.003401	0.002679	 0.00241	0.003072
      98	0.003526	0.003533	0.003317	0.002602	0.002349	 0.00297
      99	0.003465	0.003459	0.003209	0.002526	0.002297	0.002902
     100	0.003383	0.003389	0.003133	0.002493	0.002244	0.002843
     101	0.003249	0.003329	0.003055	0.002408	0.002185	0.002754
     102	0.003201	0.003257	0.002992	0.002352	0.002133	0.002702
     103	0.003245	0.003187	0.002916	0.002295	0.002101	0.002655
     104	0.003115	 0.00309	0.002919	0.002261	0.002045	  0.0026
     105	0.003062	0.003049	0.002815	0.002214	0.001985	0.002537
     106	0.002982	0.002954	0.002744	0.002161	0.001967	0.002481
     107	0.002917	0.002913	0.002696	0.002132	0.001955	0.002442
     108	0.002856	0.002881	0.002699	0.002108	0.001904	0.002417
     109	0.002852	0.002818	0.002591	0.002056	0.001903	0.002369
     110	0.002776	0.002793	0.002603	0.002041	0.001867	0.002352
     111	0.002716	0.002744	0.002551	0.002026	0.001863	0.002308
     112	0.002676	0.002692	0.002507	0.001973	0.001797	 0.00226
     113	 0.00264	0.002656	0.002441	0.001954	0.001775	0.002226
     114	0.002603	0.002576	0.002393	0.001902	0.001728	0.002169
     115	 0.00255	0.002558	0.002376	0.001892	0.001733	0.002156
     116	0.002493	0.002509	 0.00234	0.001871	0.001702	0.002118
     117	0.002503	0.002482	0.002313	 0.00181	 0.00165	0.002084
     118	0.002486	0.002472	0.002281	0.001802	0.001662	0.002071
     119	0.002397	0.002463	0.002253	 0.00179	0.001642	0.002046
     120	0.002431	0.002405	0.002224	0.001735	0.001614	0.002016
     121	0.002432	0.002411	0.002227	0.001736	0.001572	0.002009
     122	0.002373	0.002382	0.002214	0.001739	0.001577	0.001996
     123	0.002393	0.002378	0.002189	0.001725	0.001569	0.001984
     124	0.002328	0.002353	  0.0022	0.001738	0.001579	0.001977
     125	 0.00233	0.002338	0.002213	0.001723	0.001545	0.001964
     126	0.002279	0.002346	0.002144	  0.0017	0.001559	0.001941
     127	0.002266	0.002285	0.002146	0.001683	0.001513	 0.00192
     128	0.002281	0.002254	0.002113	 0.00169	0.001547	0.001913
     129	0.002299	 0.00228	0.002125	0.001675	0.001507	0.001915
     130	0.002325	0.002307	0.002132	  0.0017	 0.00153	0.001934
     131	0.002315	0.002306	0.002143	0.001668	0.001563	0.001935
     132	  0.0023	0.002301	0.002113	0.001693	0.001548	0.001922
     133	0.002334	0.002314	0.002128	0.001708	0.001563	 0.00194
     134	0.002284	0.002299	 0.00215	0.001694	0.001585	0.001939
     135	0.002359	0.002347	 0.00216	0.001739	0.001582	0.001971
     136	0.002363	0.002353	0.002176	0.001715	0.001589	0.001974
     137	0.002388	0.002406	0.002208	0.001754	0.001594	0.002005
     138	0.002386	0.002396	0.002216	0.001744	0.001614	0.002006
     139	0.002385	0.002372	 0.00222	0.001779	0.001605	0.002007
     140	 0.00243	0.002414	0.002255	0.001772	 0.00161	 0.00203
     141	 0.00239	0.002365	0.002245	0.001764	0.001604	 0.00201
     142	0.002387	0.002417	0.002216	0.001757	0.001585	0.002008
     143	0.002373	0.002356	0.002215	0.001745	0.001579	0.001992
     144	0.002375	0.002364	0.002208	0.001748	 0.00161	0.002002
     145	 0.00238	0.002376	0.002219	0.001761	0.001606	0.002006
     146	0.002378	0.002373	0.002217	0.001759	0.001605	0.002003
     147	0.002375	0.002371	0.002214	0.001757	0.001603	0.002001
     148	0.002373	0.002368	0.002212	0.001755	0.001601	0.001999
     149	0.002371	0.002366	 0.00221	0.001754	  0.0016	0.001998
     150	0.002369	0.002365	0.002209	0.001752	0.001599	0.001996
     151	0.002367	0.002363	0.002207	0.001751	0.001598	0.001995
     152	0.002366	0.002361	0.002206	 0.00175	0.001597	0.001994
     153	0.002364	 0.00236	0.002204	0.001749	0.001596	0.001992
     154	0.002363	0.002359	0.002203	0.001748	0.001595	0.001991
     155	0.002362	0.002358	0.002202	0.001747	0.001594	 0.00199
     156	0.002361	0.002357	0.002201	0.001746	0.001594	 0.00199
     157	 0.00236	0.002356	0.002201	0.001746	0.001593	0.001989
     158	 0.00236	0.002355	  0.0022	0.001745	0.001593	0.001988
     159	0.002359	0.002355	0.002199	0.001745	0.001592	0.001988
     160	0.002358	0.002354	0.002199	0.001744	0.001592	0.001987
     161	0.002358	0.002354	0.002198	0.001744	0.001591	0.001987
     162	0.002357	0.002353	0.002198	0.001744	0.001591	0.001987
     163	0.002357	0.002353	0.002198	0.001743	0.001591	0.001986
     164	0.002357	0.002352	0.002197	0.001743	0.001591	0.001986
     165	0.002356	0.002352	0.002197	0.001743	 0.00159	0.001986
     166	0.002356	0.002352	0.002197	0.001743	 0.00159	0.001985
     167	0.002356	0.002352	0.002197	0.001743	 0.00159	0.001985
     168	0.002356	0.002352	0.002196	0.001743	 0.00159	0.001985
     169	0.002356	0.002351	0.002196	0.001742	 0.00159	0.001985
     170	0.002356	0.002351	0.002196	0.001742	 0.00159	0.001985
     171	0.002355	0.002351	0.002196	0.001742	 0.00159	0.001985
     172	0.002355	0.002351	0.002196	0.001742	 0.00159	0.001985
     173	0.002355	0.002351	0.002196	0.001742	 0.00159	0.001985
     174	0.002355	0.002351	0.002196	0.001742	 0.00159	0.001985
     175	0.002355	0.002351	0.002196	0.001742	 0.00159	0.001985
     176	0.002355	0.002351	0.002196	0.001742	 0.00159	0.001985
     177	0.002355	0.002351	0.002196	0.001742	 0.00159	0.001985
     178	0.002355	0.002351	0.002196	0.001742	 0.00159	0.001985
     179	0.002355	0.002351	0.002196	0.001742	 0.00159	0.001985
     180	0.002355	0.002351	0.002196	0.001742	 0.00159	0.001985
