/*
Particulate absorption and scattering spectra, normalized by SPM 
Scattering spectra from ac-s power-function fit 400-700 nm scaled by LISST-VSF scattering coefficient at 532 nm 
Total (a_p) and MeOH-extracted (a_d) absorption spectra from UV/VIS spectrophotometer measurements with GF/F filter inside 15-cm integrating sphere
Correction for filter-pad pathlength amplification from Stramski et al. 2015 

Lat, Lon = 70.402, -147.540
Date Time UTC = 10-Sep-2018 20:08:59
Depth = 5.9 m
SPM = 2.41 g/m3
POC = 103.84 mg/m3
PSD power-law exponent (~1.5-147 µm) = 4.35 
Scattering spectra power-function exponent (400-700 nm) = 0.682 

Created by Daniel Koestner on 15-Jan-2024 15:28:38
Data Version: V4_10-Nov-2023

Column 1: wavelength [nm]
Column 2: a_p [m^2/g]
Column 3: a_d [m^2/g]
Column 4: b_p [m^2/g]
*/
     290	  0.2465	  0.1974	   1.319
     291	  0.2455	  0.1974	   1.316
     292	  0.2442	   0.197	   1.313
     293	  0.2429	  0.1966	    1.31
     294	  0.2416	  0.1959	   1.307
     295	  0.2402	  0.1951	   1.304
     296	  0.2388	  0.1942	   1.301
     297	  0.2375	  0.1933	   1.298
     298	  0.2362	  0.1924	   1.295
     299	  0.2351	  0.1915	   1.292
     300	   0.234	  0.1907	   1.289
     301	  0.2331	  0.1899	   1.286
     302	  0.2321	  0.1892	   1.283
     303	  0.2312	  0.1884	    1.28
     304	  0.2303	  0.1877	   1.278
     305	  0.2294	  0.1869	   1.275
     306	  0.2285	  0.1861	   1.272
     307	  0.2275	  0.1853	   1.269
     308	  0.2265	  0.1846	   1.266
     309	  0.2256	  0.1838	   1.263
     310	  0.2247	  0.1831	   1.261
     311	  0.2239	  0.1824	   1.258
     312	  0.2231	  0.1818	   1.255
     313	  0.2224	  0.1811	   1.252
     314	  0.2218	  0.1805	    1.25
     315	  0.2212	  0.1799	   1.247
     316	  0.2206	  0.1794	   1.244
     317	    0.22	   0.179	   1.242
     318	  0.2193	  0.1785	   1.239
     319	  0.2186	  0.1781	   1.236
     320	  0.2177	  0.1775	   1.234
     321	  0.2168	  0.1768	   1.231
     322	  0.2158	  0.1761	   1.228
     323	  0.2148	  0.1752	   1.226
     324	  0.2139	  0.1743	   1.223
     325	  0.2129	  0.1734	   1.221
     326	  0.2119	  0.1725	   1.218
     327	  0.2109	  0.1717	   1.216
     328	  0.2099	  0.1709	   1.213
     329	  0.2089	  0.1701	   1.211
     330	   0.208	  0.1694	   1.208
     331	  0.2071	  0.1688	   1.206
     332	  0.2063	  0.1683	   1.203
     333	  0.2056	  0.1678	   1.201
     334	   0.205	  0.1674	   1.198
     335	  0.2044	   0.167	   1.196
     336	  0.2038	  0.1666	   1.193
     337	  0.2032	  0.1662	   1.191
     338	  0.2027	  0.1657	   1.188
     339	  0.2021	  0.1651	   1.186
     340	  0.2015	  0.1645	   1.184
     341	  0.2009	  0.1638	   1.181
     342	  0.2002	  0.1631	   1.179
     343	  0.1995	  0.1624	   1.177
     344	  0.1988	  0.1616	   1.174
     345	  0.1979	  0.1608	   1.172
     346	   0.197	  0.1601	    1.17
     347	   0.196	  0.1593	   1.167
     348	   0.195	  0.1586	   1.165
     349	   0.194	   0.158	   1.163
     350	  0.1931	  0.1574	    1.16
     351	  0.1921	  0.1568	   1.158
     352	  0.1913	  0.1562	   1.156
     353	  0.1905	  0.1555	   1.154
     354	  0.1897	  0.1549	   1.152
     355	  0.1888	  0.1541	   1.149
     356	   0.188	  0.1534	   1.147
     357	  0.1872	  0.1525	   1.145
     358	  0.1863	  0.1517	   1.143
     359	  0.1853	  0.1508	   1.141
     360	  0.1843	    0.15	   1.138
     361	  0.1832	  0.1491	   1.136
     362	  0.1821	  0.1483	   1.134
     363	   0.181	  0.1474	   1.132
     364	    0.18	  0.1466	    1.13
     365	  0.1789	  0.1458	   1.128
     366	  0.1779	   0.145	   1.126
     367	   0.177	  0.1441	   1.124
     368	  0.1761	  0.1432	   1.121
     369	  0.1752	  0.1422	   1.119
     370	  0.1743	  0.1413	   1.117
     371	  0.1734	  0.1403	   1.115
     372	  0.1726	  0.1395	   1.113
     373	  0.1717	  0.1386	   1.111
     374	  0.1707	  0.1378	   1.109
     375	  0.1697	   0.137	   1.107
     376	  0.1686	  0.1361	   1.105
     377	  0.1675	   0.135	   1.103
     378	  0.1662	  0.1339	   1.101
     379	   0.165	  0.1327	   1.099
     380	  0.1637	  0.1315	   1.097
     381	  0.1624	  0.1303	   1.095
     382	  0.1612	  0.1292	   1.093
     383	  0.1599	  0.1281	   1.091
     384	  0.1587	   0.127	   1.089
     385	  0.1575	   0.126	   1.087
     386	  0.1562	  0.1249	   1.086
     387	  0.1549	  0.1239	   1.084
     388	  0.1537	  0.1228	   1.082
     389	  0.1525	  0.1219	    1.08
     390	  0.1514	  0.1209	   1.078
     391	  0.1503	    0.12	   1.076
     392	  0.1491	  0.1192	   1.074
     393	   0.148	  0.1183	   1.072
     394	  0.1469	  0.1174	    1.07
     395	  0.1459	  0.1165	   1.069
     396	  0.1448	  0.1156	   1.067
     397	  0.1438	  0.1147	   1.065
     398	  0.1428	  0.1138	   1.063
     399	  0.1419	  0.1129	   1.061
     400	   0.141	   0.112	   1.059
     401	  0.1401	  0.1111	   1.058
     402	  0.1392	  0.1101	   1.056
     403	  0.1383	  0.1092	   1.054
     404	  0.1374	  0.1082	   1.052
     405	  0.1366	  0.1072	   1.051
     406	  0.1357	  0.1063	   1.049
     407	  0.1349	  0.1054	   1.047
     408	  0.1342	  0.1046	   1.045
     409	  0.1335	  0.1039	   1.044
     410	  0.1328	  0.1032	   1.042
     411	  0.1322	  0.1025	    1.04
     412	  0.1317	  0.1019	   1.038
     413	  0.1311	  0.1014	   1.037
     414	  0.1306	  0.1008	   1.035
     415	    0.13	  0.1002	   1.033
     416	  0.1293	 0.09959	   1.032
     417	  0.1286	 0.09892	    1.03
     418	  0.1278	 0.09818	   1.028
     419	  0.1269	 0.09739	   1.026
     420	  0.1259	 0.09654	   1.025
     421	  0.1249	 0.09566	   1.023
     422	   0.124	 0.09476	   1.021
     423	   0.123	 0.09388	    1.02
     424	  0.1221	 0.09302	   1.018
     425	  0.1213	 0.09219	   1.017
     426	  0.1206	  0.0914	   1.015
     427	  0.1199	 0.09064	   1.013
     428	  0.1192	  0.0899	   1.012
     429	  0.1186	 0.08919	    1.01
     430	  0.1179	 0.08849	   1.008
     431	  0.1172	 0.08779	   1.007
     432	  0.1165	 0.08708	   1.005
     433	  0.1157	 0.08637	   1.004
     434	  0.1149	 0.08564	   1.002
     435	  0.1141	  0.0849	   1.001
     436	  0.1133	 0.08415	   0.999
     437	  0.1124	 0.08339	  0.9974
     438	  0.1116	 0.08263	  0.9959
     439	  0.1108	 0.08187	  0.9943
     440	  0.1099	 0.08113	  0.9928
     441	  0.1091	 0.08041	  0.9913
     442	  0.1083	 0.07973	  0.9897
     443	  0.1075	 0.07906	  0.9882
     444	  0.1067	 0.07841	  0.9867
     445	  0.1059	 0.07778	  0.9852
     446	   0.105	 0.07714	  0.9837
     447	  0.1042	 0.07652	  0.9822
     448	  0.1034	  0.0759	  0.9807
     449	  0.1025	 0.07531	  0.9792
     450	  0.1018	 0.07476	  0.9777
     451	   0.101	 0.07426	  0.9762
     452	  0.1003	 0.07381	  0.9747
     453	  0.0997	 0.07343	  0.9733
     454	 0.09911	 0.07308	  0.9718
     455	 0.09856	 0.07276	  0.9704
     456	 0.09805	 0.07245	  0.9689
     457	 0.09757	 0.07214	  0.9675
     458	 0.09711	 0.07181	   0.966
     459	 0.09666	 0.07145	  0.9646
     460	 0.09623	 0.07107	  0.9632
     461	  0.0958	 0.07068	  0.9617
     462	 0.09536	 0.07027	  0.9603
     463	 0.09492	 0.06986	  0.9589
     464	 0.09448	 0.06946	  0.9575
     465	 0.09404	 0.06908	  0.9561
     466	  0.0936	 0.06872	  0.9547
     467	 0.09315	 0.06839	  0.9533
     468	 0.09271	 0.06808	  0.9519
     469	 0.09227	  0.0678	  0.9505
     470	 0.09181	 0.06754	  0.9491
     471	 0.09134	 0.06728	  0.9478
     472	 0.09086	 0.06703	  0.9464
     473	 0.09037	 0.06677	   0.945
     474	 0.08986	  0.0665	  0.9437
     475	 0.08933	 0.06622	  0.9423
     476	 0.08878	 0.06591	   0.941
     477	 0.08822	 0.06558	  0.9396
     478	 0.08763	 0.06522	  0.9383
     479	 0.08702	 0.06484	  0.9369
     480	  0.0864	 0.06444	  0.9356
     481	 0.08576	 0.06403	  0.9343
     482	 0.08513	  0.0636	  0.9329
     483	 0.08449	 0.06318	  0.9316
     484	 0.08385	 0.06276	  0.9303
     485	 0.08321	 0.06234	   0.929
     486	 0.08259	 0.06194	  0.9277
     487	 0.08197	 0.06155	  0.9264
     488	 0.08135	 0.06117	  0.9251
     489	 0.08074	  0.0608	  0.9238
     490	 0.08013	 0.06042	  0.9225
     491	 0.07952	 0.06003	  0.9213
     492	 0.07892	 0.05965	    0.92
     493	 0.07834	 0.05926	  0.9187
     494	 0.07776	 0.05888	  0.9174
     495	 0.07719	  0.0585	  0.9162
     496	 0.07663	 0.05813	  0.9149
     497	 0.07606	 0.05776	  0.9137
     498	 0.07547	 0.05739	  0.9124
     499	 0.07487	   0.057	  0.9112
     500	 0.07425	  0.0566	  0.9099
     501	 0.07362	  0.0562	  0.9087
     502	 0.07301	 0.05581	  0.9074
     503	  0.0724	 0.05543	  0.9062
     504	  0.0718	 0.05508	   0.905
     505	 0.07123	 0.05475	  0.9038
     506	 0.07065	 0.05444	  0.9025
     507	 0.07008	 0.05412	  0.9013
     508	  0.0695	 0.05379	  0.9001
     509	 0.06892	 0.05345	  0.8989
     510	 0.06834	  0.0531	  0.8977
     511	 0.06778	 0.05274	  0.8965
     512	 0.06723	 0.05238	  0.8953
     513	 0.06672	 0.05204	  0.8941
     514	 0.06623	 0.05171	  0.8929
     515	 0.06577	 0.05139	  0.8918
     516	 0.06533	 0.05108	  0.8906
     517	 0.06489	 0.05078	  0.8894
     518	 0.06445	 0.05048	  0.8882
     519	 0.06402	 0.05018	  0.8871
     520	 0.06359	  0.0499	  0.8859
     521	 0.06315	 0.04962	  0.8847
     522	 0.06271	 0.04936	  0.8836
     523	 0.06226	  0.0491	  0.8824
     524	 0.06179	 0.04883	  0.8813
     525	 0.06131	 0.04856	  0.8801
     526	 0.06082	 0.04827	   0.879
     527	 0.06033	 0.04797	  0.8779
     528	 0.05985	 0.04767	  0.8767
     529	 0.05939	 0.04737	  0.8756
     530	 0.05896	 0.04709	  0.8745
     531	 0.05855	 0.04681	  0.8733
     532	 0.05815	 0.04653	  0.8722
     533	 0.05774	 0.04625	  0.8711
     534	 0.05732	 0.04596	    0.87
     535	 0.05688	 0.04564	  0.8689
     536	 0.05641	 0.04532	  0.8678
     537	 0.05593	 0.04498	  0.8667
     538	 0.05544	 0.04465	  0.8656
     539	 0.05496	 0.04434	  0.8645
     540	  0.0545	 0.04405	  0.8634
     541	 0.05406	 0.04378	  0.8623
     542	 0.05364	 0.04354	  0.8612
     543	 0.05324	 0.04332	  0.8601
     544	 0.05285	 0.04312	  0.8591
     545	 0.05247	 0.04294	   0.858
     546	  0.0521	 0.04277	  0.8569
     547	 0.05174	 0.04261	  0.8558
     548	  0.0514	 0.04246	  0.8548
     549	 0.05108	 0.04231	  0.8537
     550	 0.05077	 0.04214	  0.8526
     551	 0.05048	 0.04195	  0.8516
     552	 0.05019	 0.04174	  0.8505
     553	 0.04991	 0.04151	  0.8495
     554	 0.04962	 0.04127	  0.8484
     555	 0.04933	 0.04104	  0.8474
     556	 0.04905	 0.04083	  0.8464
     557	 0.04877	 0.04064	  0.8453
     558	  0.0485	 0.04048	  0.8443
     559	 0.04824	 0.04034	  0.8433
     560	 0.04798	  0.0402	  0.8422
     561	 0.04773	 0.04007	  0.8412
     562	 0.04747	 0.03992	  0.8402
     563	 0.04721	 0.03976	  0.8392
     564	 0.04693	 0.03959	  0.8382
     565	 0.04665	 0.03941	  0.8371
     566	 0.04636	 0.03922	  0.8361
     567	 0.04607	 0.03903	  0.8351
     568	 0.04579	 0.03883	  0.8341
     569	 0.04551	 0.03865	  0.8331
     570	 0.04526	 0.03847	  0.8321
     571	 0.04502	  0.0383	  0.8311
     572	 0.04481	 0.03814	  0.8301
     573	 0.04462	 0.03799	  0.8292
     574	 0.04443	 0.03784	  0.8282
     575	 0.04425	 0.03769	  0.8272
     576	 0.04407	 0.03755	  0.8262
     577	 0.04388	  0.0374	  0.8252
     578	  0.0437	 0.03726	  0.8243
     579	 0.04352	 0.03712	  0.8233
     580	 0.04336	 0.03699	  0.8223
     581	 0.04322	 0.03686	  0.8214
     582	 0.04309	 0.03674	  0.8204
     583	 0.04296	 0.03662	  0.8194
     584	 0.04284	 0.03651	  0.8185
     585	 0.04271	 0.03641	  0.8175
     586	 0.04258	 0.03632	  0.8166
     587	 0.04245	 0.03623	  0.8156
     588	 0.04233	 0.03614	  0.8147
     589	 0.04221	 0.03606	  0.8137
     590	 0.04209	 0.03596	  0.8128
     591	 0.04196	 0.03585	  0.8118
     592	 0.04182	 0.03571	  0.8109
     593	 0.04166	 0.03556	    0.81
     594	 0.04148	 0.03541	  0.8091
     595	  0.0413	 0.03525	  0.8081
     596	  0.0411	  0.0351	  0.8072
     597	 0.04092	 0.03497	  0.8063
     598	 0.04074	 0.03486	  0.8054
     599	 0.04058	 0.03476	  0.8044
     600	 0.04042	 0.03467	  0.8035
     601	 0.04027	 0.03458	  0.8026
     602	 0.04013	  0.0345	  0.8017
     603	 0.03998	 0.03441	  0.8008
     604	 0.03983	 0.03432	  0.7999
     605	 0.03969	 0.03423	   0.799
     606	 0.03955	 0.03413	  0.7981
     607	 0.03942	 0.03403	  0.7972
     608	 0.03931	 0.03393	  0.7963
     609	  0.0392	 0.03382	  0.7954
     610	 0.03911	  0.0337	  0.7945
     611	 0.03903	 0.03357	  0.7936
     612	 0.03895	 0.03345	  0.7927
     613	 0.03887	 0.03332	  0.7919
     614	 0.03879	  0.0332	   0.791
     615	  0.0387	 0.03309	  0.7901
     616	 0.03861	 0.03299	  0.7892
     617	 0.03852	  0.0329	  0.7884
     618	 0.03843	 0.03282	  0.7875
     619	 0.03834	 0.03276	  0.7866
     620	 0.03825	 0.03269	  0.7858
     621	 0.03816	 0.03263	  0.7849
     622	 0.03806	 0.03257	   0.784
     623	 0.03796	  0.0325	  0.7832
     624	 0.03784	 0.03241	  0.7823
     625	 0.03773	 0.03231	  0.7815
     626	 0.03762	 0.03221	  0.7806
     627	 0.03752	 0.03209	  0.7798
     628	 0.03743	 0.03196	  0.7789
     629	 0.03735	 0.03184	  0.7781
     630	 0.03729	 0.03171	  0.7772
     631	 0.03723	 0.03158	  0.7764
     632	 0.03718	 0.03145	  0.7755
     633	 0.03712	 0.03132	  0.7747
     634	 0.03706	 0.03121	  0.7739
     635	 0.03698	 0.03109	   0.773
     636	  0.0369	 0.03099	  0.7722
     637	 0.03681	  0.0309	  0.7714
     638	  0.0367	 0.03081	  0.7706
     639	 0.03659	 0.03072	  0.7697
     640	 0.03646	 0.03064	  0.7689
     641	 0.03633	 0.03056	  0.7681
     642	  0.0362	 0.03048	  0.7673
     643	 0.03607	  0.0304	  0.7665
     644	 0.03594	 0.03031	  0.7657
     645	 0.03583	 0.03023	  0.7649
     646	 0.03573	 0.03016	   0.764
     647	 0.03564	 0.03009	  0.7632
     648	 0.03557	 0.03003	  0.7624
     649	 0.03551	 0.02998	  0.7616
     650	 0.03547	 0.02994	  0.7608
     651	 0.03543	 0.02989	    0.76
     652	 0.03541	 0.02985	  0.7592
     653	 0.03541	 0.02981	  0.7585
     654	 0.03543	 0.02976	  0.7577
     655	 0.03547	 0.02971	  0.7569
     656	 0.03554	 0.02965	  0.7561
     657	 0.03565	 0.02958	  0.7553
     658	 0.03579	 0.02951	  0.7545
     659	 0.03596	 0.02942	  0.7537
     660	 0.03616	 0.02934	   0.753
     661	 0.03639	 0.02925	  0.7522
     662	 0.03663	 0.02917	  0.7514
     663	  0.0369	  0.0291	  0.7506
     664	 0.03719	 0.02905	  0.7499
     665	 0.03749	 0.02901	  0.7491
     666	  0.0378	 0.02897	  0.7483
     667	 0.03811	 0.02894	  0.7476
     668	  0.0384	 0.02889	  0.7468
     669	 0.03866	 0.02883	   0.746
     670	 0.03887	 0.02876	  0.7453
     671	 0.03902	 0.02867	  0.7445
     672	  0.0391	 0.02857	  0.7438
     673	  0.0391	 0.02847	   0.743
     674	 0.03901	 0.02837	  0.7423
     675	 0.03885	 0.02827	  0.7415
     676	 0.03861	 0.02817	  0.7408
     677	 0.03829	 0.02808	    0.74
     678	  0.0379	   0.028	  0.7393
     679	 0.03745	 0.02793	  0.7385
     680	 0.03696	 0.02785	  0.7378
     681	 0.03642	 0.02777	   0.737
     682	 0.03587	 0.02769	  0.7363
     683	  0.0353	  0.0276	  0.7356
     684	 0.03474	  0.0275	  0.7348
     685	  0.0342	  0.0274	  0.7341
     686	 0.03367	 0.02731	  0.7334
     687	 0.03315	 0.02722	  0.7326
     688	 0.03266	 0.02714	  0.7319
     689	 0.03218	 0.02706	  0.7312
     690	 0.03172	 0.02697	  0.7305
     691	 0.03129	 0.02687	  0.7298
     692	 0.03088	 0.02678	   0.729
     693	  0.0305	 0.02668	  0.7283
     694	 0.03017	 0.02659	  0.7276
     695	 0.02987	 0.02651	  0.7269
     696	 0.02962	 0.02645	  0.7262
     697	  0.0294	  0.0264	  0.7255
     698	 0.02921	 0.02637	  0.7248
     699	 0.02904	 0.02634	   0.724
     700	 0.02888	 0.02632	  0.7233
     701	 0.02873	  0.0263	  0.7226
     702	 0.02859	 0.02628	  0.7219
     703	 0.02846	 0.02626	  0.7212
     704	 0.02834	 0.02624	  0.7205
     705	 0.02823	  0.0262	  0.7198
     706	 0.02813	 0.02616	  0.7191
     707	 0.02805	  0.0261	  0.7184
     708	 0.02797	 0.02603	  0.7178
     709	 0.02789	 0.02594	  0.7171
     710	 0.02783	 0.02586	  0.7164
     711	 0.02775	 0.02577	  0.7157
     712	 0.02767	 0.02568	   0.715
     713	 0.02758	 0.02559	  0.7143
     714	 0.02747	 0.02551	  0.7136
     715	 0.02734	 0.02543	   0.713
     716	 0.02719	 0.02536	  0.7123
     717	 0.02703	 0.02528	  0.7116
     718	 0.02686	  0.0252	  0.7109
     719	 0.02669	 0.02513	  0.7102
     720	 0.02651	 0.02505	  0.7096
     721	 0.02635	 0.02498	  0.7089
     722	  0.0262	  0.0249	  0.7082
     723	 0.02606	 0.02483	  0.7076
     724	 0.02594	 0.02476	  0.7069
     725	 0.02584	 0.02469	  0.7062
     726	 0.02574	  0.0246	  0.7056
     727	 0.02564	 0.02449	  0.7049
     728	 0.02555	 0.02437	  0.7042
     729	 0.02545	 0.02425	  0.7036
     730	 0.02534	 0.02412	  0.7029
     731	 0.02523	 0.02401	  0.7023
     732	 0.02512	 0.02392	  0.7016
     733	 0.02502	 0.02386	   0.701
     734	 0.02493	 0.02381	  0.7003
     735	 0.02486	 0.02378	  0.6997
     736	 0.02483	 0.02377	   0.699
     737	 0.02482	 0.02376	  0.6984
     738	 0.02483	 0.02376	  0.6977
     739	 0.02485	 0.02375	  0.6971
     740	 0.02486	 0.02372	  0.6964
     741	 0.02484	 0.02367	  0.6958
     742	 0.02477	 0.02359	  0.6952
     743	 0.02466	 0.02349	  0.6945
     744	  0.0245	 0.02337	  0.6939
     745	 0.02432	 0.02324	  0.6932
     746	 0.02414	 0.02313	  0.6926
     747	 0.02399	 0.02305	   0.692
     748	 0.02388	 0.02298	  0.6914
     749	  0.0238	 0.02294	  0.6907
     750	 0.02374	  0.0229	  0.6901
     751	 0.02368	 0.02286	  0.6895
     752	 0.02362	 0.02281	  0.6888
     753	 0.02355	 0.02275	  0.6882
     754	 0.02346	 0.02268	  0.6876
     755	 0.02336	 0.02262	   0.687
     756	 0.02327	 0.02257	  0.6864
     757	  0.0232	 0.02254	  0.6857
     758	 0.02315	 0.02252	  0.6851
     759	 0.02313	 0.02251	  0.6845
     760	 0.02315	 0.02251	  0.6839
     761	 0.02319	 0.02252	  0.6833
     762	 0.02325	 0.02252	  0.6827
     763	 0.02332	 0.02253	  0.6821
     764	 0.02336	 0.02254	  0.6814
     765	 0.02338	 0.02255	  0.6808
     766	 0.02335	 0.02255	  0.6802
     767	 0.02328	 0.02254	  0.6796
     768	 0.02318	  0.0225	   0.679
     769	 0.02306	 0.02245	  0.6784
     770	 0.02294	 0.02238	  0.6778
     771	 0.02284	 0.02232	  0.6772
     772	 0.02276	 0.02227	  0.6766
     773	 0.02271	 0.02225	   0.676
     774	 0.02266	 0.02225	  0.6754
     775	  0.0226	 0.02228	  0.6748
     776	 0.02253	  0.0223	  0.6742
     777	 0.02245	  0.0223	  0.6736
     778	 0.02236	 0.02228	  0.6731
     779	 0.02227	 0.02225	  0.6725
     780	  0.0222	 0.02221	  0.6719
     781	 0.02216	 0.02218	  0.6713
     782	 0.02213	 0.02217	  0.6707
     783	 0.02211	 0.02217	  0.6701
     784	 0.02207	 0.02216	  0.6695
     785	 0.02201	 0.02213	   0.669
     786	 0.02191	 0.02204	  0.6684
     787	 0.02177	 0.02188	  0.6678
     788	 0.02162	 0.02167	  0.6672
     789	 0.02145	 0.02142	  0.6666
     790	 0.02129	 0.02117	  0.6661
     791	 0.02115	 0.02094	  0.6655
     792	 0.02103	 0.02075	  0.6649
     793	 0.02092	 0.02061	  0.6643
     794	 0.02083	 0.02051	  0.6638
     795	 0.02076	 0.02044	  0.6632
     796	  0.0207	 0.02039	  0.6626
     797	 0.02067	 0.02035	  0.6621
     798	 0.02066	  0.0203	  0.6615
     799	 0.02067	 0.02026	  0.6609
     800	 0.02071	 0.02023	  0.6604
     801	 0.02075	  0.0202	  0.6598
     802	  0.0208	  0.0202	  0.6593
     803	 0.02084	 0.02021	  0.6587
     804	 0.02087	 0.02025	  0.6581
     805	 0.02091	  0.0203	  0.6576
     806	 0.02094	 0.02038	   0.657
     807	 0.02097	 0.02045	  0.6565
     808	   0.021	 0.02053	  0.6559
     809	 0.02101	 0.02059	  0.6554
     810	 0.02098	 0.02061	  0.6548
     811	 0.02091	 0.02061	  0.6543
     812	  0.0208	 0.02057	  0.6537
     813	 0.02065	 0.02052	  0.6532
     814	 0.02049	 0.02045	  0.6526
     815	 0.02032	 0.02038	  0.6521
     816	 0.02017	 0.02031	  0.6515
     817	 0.02004	 0.02022	   0.651
     818	 0.01992	 0.02011	  0.6504
     819	 0.01983	 0.01998	  0.6499
     820	 0.01974	 0.01983	  0.6494
     821	 0.01966	 0.01968	  0.6488
     822	 0.01957	 0.01954	  0.6483
     823	 0.01948	 0.01942	  0.6477
     824	 0.01938	 0.01932	  0.6472
     825	 0.01926	 0.01924	  0.6467
     826	 0.01913	 0.01916	  0.6461
     827	   0.019	 0.01909	  0.6456
     828	 0.01887	 0.01903	  0.6451
     829	 0.01876	 0.01897	  0.6445
     830	 0.01868	 0.01894	   0.644
     831	 0.01863	 0.01893	  0.6435
     832	 0.01861	 0.01895	  0.6429
     833	 0.01859	 0.01899	  0.6424
     834	 0.01858	 0.01902	  0.6419
     835	 0.01856	 0.01904	  0.6414
     836	 0.01853	 0.01903	  0.6409
     837	 0.01849	   0.019	  0.6403
     838	 0.01847	 0.01896	  0.6398
     839	 0.01848	 0.01893	  0.6393
     840	 0.01853	 0.01893	  0.6388
     841	 0.01862	 0.01896	  0.6382
     842	 0.01874	 0.01901	  0.6377
     843	 0.01887	 0.01909	  0.6372
     844	   0.019	 0.01916	  0.6367
     845	  0.0191	 0.01921	  0.6362
     846	 0.01918	 0.01923	  0.6357
     847	 0.01921	 0.01919	  0.6352
     848	  0.0192	 0.01909	  0.6347
     849	 0.01913	 0.01894	  0.6341
     850	 0.01901	 0.01875	  0.6336
