/*
Particulate absorption and scattering spectra, normalized by SPM 
Scattering spectra from ac-s power-function fit 400-700 nm scaled by LISST-VSF scattering coefficient at 532 nm 
Total (a_p) and MeOH-extracted (a_d) absorption spectra from UV/VIS spectrophotometer measurements with GF/F filter inside 15-cm integrating sphere
Correction for filter-pad pathlength amplification from Stramski et al. 2015 

Lat, Lon = 70.276, -147.211
Date Time UTC = 09-Sep-2018 17:44:12
Depth = 6.0 m
SPM = 5.00 g/m3
POC = 159.69 mg/m3
PSD power-law exponent (~1.5-147 µm) = 3.71 
Scattering spectra power-function exponent (400-700 nm) = 0.501 

Created by Daniel Koestner on 15-Jan-2024 15:28:38
Data Version: V4_10-Nov-2023

Column 1: wavelength [nm]
Column 2: a_p [m^2/g]
Column 3: a_d [m^2/g]
Column 4: b_p [m^2/g]
*/
     290	  0.2221	  0.2086	   1.051
     291	  0.2213	  0.2068	    1.05
     292	  0.2204	  0.2053	   1.048
     293	  0.2196	  0.2039	   1.046
     294	  0.2187	  0.2027	   1.044
     295	  0.2178	  0.2016	   1.042
     296	  0.2169	  0.2007	   1.041
     297	  0.2161	     0.2	   1.039
     298	  0.2154	  0.1992	   1.037
     299	  0.2147	  0.1986	   1.035
     300	   0.214	   0.198	   1.034
     301	  0.2134	  0.1974	   1.032
     302	  0.2127	  0.1967	    1.03
     303	   0.212	   0.196	   1.029
     304	  0.2112	  0.1952	   1.027
     305	  0.2103	  0.1944	   1.025
     306	  0.2095	  0.1935	   1.024
     307	  0.2086	  0.1926	   1.022
     308	  0.2077	  0.1918	    1.02
     309	  0.2069	  0.1911	   1.019
     310	  0.2061	  0.1905	   1.017
     311	  0.2054	  0.1899	   1.015
     312	  0.2048	  0.1894	   1.014
     313	  0.2042	  0.1889	   1.012
     314	  0.2036	  0.1882	    1.01
     315	  0.2028	  0.1873	   1.009
     316	   0.202	  0.1862	   1.007
     317	   0.201	   0.185	   1.006
     318	  0.1999	  0.1836	   1.004
     319	  0.1987	  0.1822	   1.002
     320	  0.1974	  0.1807	   1.001
     321	   0.196	  0.1793	  0.9993
     322	  0.1946	  0.1779	  0.9977
     323	  0.1931	  0.1767	  0.9962
     324	  0.1917	  0.1755	  0.9946
     325	  0.1904	  0.1745	  0.9931
     326	  0.1891	  0.1736	  0.9915
     327	   0.188	  0.1729	    0.99
     328	  0.1871	  0.1722	  0.9885
     329	  0.1862	  0.1716	   0.987
     330	  0.1856	   0.171	  0.9855
     331	  0.1849	  0.1704	   0.984
     332	  0.1844	  0.1698	  0.9825
     333	  0.1838	  0.1692	   0.981
     334	  0.1832	  0.1685	  0.9796
     335	  0.1826	  0.1679	  0.9781
     336	  0.1819	  0.1672	  0.9766
     337	  0.1812	  0.1665	  0.9752
     338	  0.1805	  0.1658	  0.9737
     339	  0.1797	  0.1652	  0.9723
     340	   0.179	  0.1646	  0.9709
     341	  0.1783	   0.164	  0.9694
     342	  0.1775	  0.1633	   0.968
     343	  0.1767	  0.1627	  0.9666
     344	  0.1759	  0.1619	  0.9652
     345	   0.175	  0.1611	  0.9638
     346	  0.1742	  0.1602	  0.9624
     347	  0.1733	  0.1593	   0.961
     348	  0.1725	  0.1585	  0.9596
     349	  0.1717	  0.1576	  0.9582
     350	  0.1708	  0.1568	  0.9569
     351	  0.1699	  0.1559	  0.9555
     352	   0.169	  0.1551	  0.9541
     353	   0.168	  0.1542	  0.9528
     354	   0.167	  0.1533	  0.9514
     355	   0.166	  0.1525	  0.9501
     356	   0.165	  0.1516	  0.9488
     357	  0.1641	  0.1508	  0.9474
     358	  0.1632	  0.1501	  0.9461
     359	  0.1623	  0.1493	  0.9448
     360	  0.1614	  0.1484	  0.9435
     361	  0.1605	  0.1476	  0.9421
     362	  0.1595	  0.1467	  0.9408
     363	  0.1584	  0.1457	  0.9395
     364	  0.1573	  0.1448	  0.9383
     365	  0.1562	  0.1438	   0.937
     366	  0.1551	  0.1429	  0.9357
     367	  0.1541	   0.142	  0.9344
     368	  0.1531	  0.1411	  0.9331
     369	  0.1522	  0.1401	  0.9319
     370	  0.1513	  0.1391	  0.9306
     371	  0.1505	  0.1381	  0.9293
     372	  0.1497	  0.1371	  0.9281
     373	  0.1488	   0.136	  0.9268
     374	  0.1479	  0.1349	  0.9256
     375	  0.1469	  0.1338	  0.9244
     376	  0.1458	  0.1326	  0.9231
     377	  0.1445	  0.1313	  0.9219
     378	  0.1432	  0.1299	  0.9207
     379	  0.1418	  0.1286	  0.9195
     380	  0.1405	  0.1272	  0.9182
     381	  0.1391	  0.1259	   0.917
     382	  0.1378	  0.1248	  0.9158
     383	  0.1366	  0.1236	  0.9146
     384	  0.1355	  0.1226	  0.9134
     385	  0.1344	  0.1216	  0.9122
     386	  0.1333	  0.1207	  0.9111
     387	  0.1323	  0.1197	  0.9099
     388	  0.1312	  0.1188	  0.9087
     389	  0.1302	  0.1179	  0.9075
     390	  0.1291	   0.117	  0.9064
     391	   0.128	   0.116	  0.9052
     392	  0.1269	   0.115	   0.904
     393	  0.1259	   0.114	  0.9029
     394	  0.1248	  0.1129	  0.9017
     395	  0.1237	  0.1119	  0.9006
     396	  0.1227	  0.1109	  0.8995
     397	  0.1216	  0.1099	  0.8983
     398	  0.1206	  0.1089	  0.8972
     399	  0.1195	   0.108	  0.8961
     400	  0.1185	  0.1071	  0.8949
     401	  0.1174	  0.1062	  0.8938
     402	  0.1163	  0.1052	  0.8927
     403	  0.1152	  0.1041	  0.8916
     404	   0.114	  0.1029	  0.8905
     405	  0.1129	  0.1018	  0.8894
     406	  0.1118	  0.1006	  0.8883
     407	  0.1108	 0.09959	  0.8872
     408	  0.1099	 0.09869	  0.8861
     409	  0.1092	 0.09791	   0.885
     410	  0.1086	 0.09724	  0.8839
     411	   0.108	 0.09662	  0.8829
     412	  0.1075	 0.09601	  0.8818
     413	  0.1068	 0.09537	  0.8807
     414	  0.1061	 0.09468	  0.8796
     415	  0.1053	 0.09394	  0.8786
     416	  0.1044	 0.09316	  0.8775
     417	  0.1035	 0.09236	  0.8765
     418	  0.1026	 0.09154	  0.8754
     419	  0.1017	 0.09071	  0.8744
     420	  0.1008	 0.08988	  0.8733
     421	 0.09986	 0.08903	  0.8723
     422	 0.09895	 0.08816	  0.8712
     423	 0.09802	 0.08727	  0.8702
     424	 0.09709	 0.08636	  0.8692
     425	 0.09616	 0.08543	  0.8682
     426	 0.09524	  0.0845	  0.8671
     427	 0.09433	 0.08358	  0.8661
     428	 0.09344	 0.08266	  0.8651
     429	 0.09258	 0.08177	  0.8641
     430	 0.09174	 0.08091	  0.8631
     431	 0.09092	 0.08009	  0.8621
     432	 0.09011	 0.07932	  0.8611
     433	 0.08931	 0.07858	  0.8601
     434	 0.08849	 0.07785	  0.8591
     435	 0.08765	 0.07714	  0.8581
     436	  0.0868	 0.07641	  0.8571
     437	 0.08596	 0.07568	  0.8561
     438	 0.08514	 0.07495	  0.8552
     439	 0.08437	 0.07424	  0.8542
     440	 0.08366	 0.07357	  0.8532
     441	 0.08301	 0.07296	  0.8522
     442	 0.08241	 0.07239	  0.8513
     443	 0.08183	 0.07187	  0.8503
     444	 0.08124	 0.07136	  0.8493
     445	 0.08063	 0.07084	  0.8484
     446	 0.07999	  0.0703	  0.8474
     447	 0.07932	 0.06974	  0.8465
     448	 0.07864	 0.06917	  0.8455
     449	 0.07797	  0.0686	  0.8446
     450	 0.07732	 0.06806	  0.8436
     451	 0.07672	 0.06755	  0.8427
     452	 0.07616	 0.06709	  0.8418
     453	 0.07565	 0.06666	  0.8408
     454	 0.07519	 0.06628	  0.8399
     455	 0.07477	 0.06591	   0.839
     456	 0.07438	 0.06555	  0.8381
     457	   0.074	 0.06519	  0.8371
     458	 0.07363	 0.06481	  0.8362
     459	 0.07323	 0.06441	  0.8353
     460	 0.07281	   0.064	  0.8344
     461	 0.07237	 0.06359	  0.8335
     462	 0.07191	 0.06318	  0.8326
     463	 0.07146	  0.0628	  0.8317
     464	 0.07102	 0.06244	  0.8308
     465	  0.0706	 0.06209	  0.8299
     466	 0.07019	 0.06175	   0.829
     467	 0.06978	  0.0614	  0.8281
     468	 0.06936	 0.06102	  0.8272
     469	 0.06892	  0.0606	  0.8263
     470	 0.06847	 0.06017	  0.8255
     471	 0.06802	 0.05973	  0.8246
     472	  0.0676	 0.05931	  0.8237
     473	  0.0672	 0.05891	  0.8228
     474	 0.06683	 0.05855	   0.822
     475	 0.06646	 0.05823	  0.8211
     476	  0.0661	 0.05793	  0.8202
     477	 0.06572	 0.05764	  0.8194
     478	 0.06532	 0.05736	  0.8185
     479	 0.06491	 0.05707	  0.8177
     480	 0.06449	 0.05677	  0.8168
     481	 0.06408	 0.05646	  0.8159
     482	 0.06368	 0.05613	  0.8151
     483	  0.0633	 0.05577	  0.8143
     484	 0.06294	  0.0554	  0.8134
     485	 0.06259	 0.05502	  0.8126
     486	 0.06224	 0.05464	  0.8117
     487	 0.06188	 0.05426	  0.8109
     488	 0.06149	 0.05389	  0.8101
     489	 0.06107	 0.05352	  0.8092
     490	 0.06061	 0.05315	  0.8084
     491	 0.06011	 0.05278	  0.8076
     492	 0.05959	  0.0524	  0.8068
     493	 0.05906	 0.05201	  0.8059
     494	 0.05853	 0.05162	  0.8051
     495	 0.05802	 0.05122	  0.8043
     496	 0.05753	 0.05082	  0.8035
     497	 0.05707	 0.05043	  0.8027
     498	 0.05662	 0.05004	  0.8019
     499	 0.05618	 0.04966	  0.8011
     500	 0.05575	 0.04929	  0.8003
     501	 0.05532	 0.04894	  0.7995
     502	  0.0549	 0.04859	  0.7987
     503	  0.0545	 0.04826	  0.7979
     504	 0.05411	 0.04795	  0.7971
     505	 0.05374	 0.04764	  0.7963
     506	 0.05337	 0.04733	  0.7955
     507	   0.053	 0.04702	  0.7947
     508	 0.05262	 0.04669	  0.7939
     509	 0.05222	 0.04635	  0.7931
     510	 0.05181	   0.046	  0.7924
     511	 0.05139	 0.04564	  0.7916
     512	 0.05096	 0.04529	  0.7908
     513	 0.05054	 0.04494	    0.79
     514	 0.05013	  0.0446	  0.7893
     515	 0.04974	 0.04427	  0.7885
     516	 0.04937	 0.04394	  0.7877
     517	   0.049	 0.04361	   0.787
     518	 0.04864	 0.04327	  0.7862
     519	 0.04827	 0.04293	  0.7854
     520	  0.0479	 0.04259	  0.7847
     521	 0.04751	 0.04224	  0.7839
     522	 0.04711	  0.0419	  0.7832
     523	 0.04669	 0.04155	  0.7824
     524	 0.04626	  0.0412	  0.7817
     525	 0.04582	 0.04086	  0.7809
     526	 0.04538	 0.04052	  0.7802
     527	 0.04495	  0.0402	  0.7794
     528	 0.04454	 0.03989	  0.7787
     529	 0.04416	 0.03959	   0.778
     530	 0.04381	  0.0393	  0.7772
     531	 0.04348	   0.039	  0.7765
     532	 0.04316	 0.03869	  0.7758
     533	 0.04285	 0.03837	   0.775
     534	 0.04253	 0.03803	  0.7743
     535	 0.04221	 0.03769	  0.7736
     536	 0.04188	 0.03735	  0.7729
     537	 0.04154	 0.03702	  0.7721
     538	 0.04121	 0.03673	  0.7714
     539	 0.04088	 0.03648	  0.7707
     540	 0.04056	 0.03626	    0.77
     541	 0.04025	 0.03606	  0.7693
     542	 0.03996	 0.03587	  0.7686
     543	 0.03968	 0.03568	  0.7679
     544	 0.03939	 0.03546	  0.7671
     545	 0.03909	 0.03523	  0.7664
     546	 0.03877	 0.03498	  0.7657
     547	 0.03844	 0.03472	   0.765
     548	 0.03812	 0.03446	  0.7643
     549	  0.0378	 0.03423	  0.7636
     550	 0.03751	 0.03402	  0.7629
     551	 0.03724	 0.03384	  0.7622
     552	 0.03701	 0.03368	  0.7616
     553	 0.03679	 0.03352	  0.7609
     554	 0.03659	 0.03335	  0.7602
     555	 0.03639	 0.03318	  0.7595
     556	 0.03619	 0.03299	  0.7588
     557	 0.03599	  0.0328	  0.7581
     558	 0.03579	 0.03261	  0.7574
     559	 0.03561	 0.03245	  0.7568
     560	 0.03544	 0.03231	  0.7561
     561	 0.03529	 0.03219	  0.7554
     562	 0.03516	 0.03208	  0.7547
     563	 0.03504	 0.03198	  0.7541
     564	 0.03492	 0.03186	  0.7534
     565	 0.03478	 0.03171	  0.7527
     566	 0.03462	 0.03153	  0.7521
     567	 0.03444	 0.03133	  0.7514
     568	 0.03424	 0.03112	  0.7507
     569	 0.03403	 0.03089	  0.7501
     570	 0.03381	 0.03068	  0.7494
     571	 0.03361	 0.03048	  0.7487
     572	 0.03341	 0.03031	  0.7481
     573	 0.03323	 0.03015	  0.7474
     574	 0.03305	 0.03001	  0.7468
     575	 0.03288	 0.02989	  0.7461
     576	 0.03271	 0.02977	  0.7455
     577	 0.03254	 0.02965	  0.7448
     578	 0.03238	 0.02953	  0.7442
     579	 0.03222	 0.02942	  0.7435
     580	 0.03206	 0.02931	  0.7429
     581	 0.03192	 0.02921	  0.7423
     582	 0.03178	 0.02911	  0.7416
     583	 0.03164	 0.02903	   0.741
     584	 0.03151	 0.02894	  0.7403
     585	 0.03138	 0.02886	  0.7397
     586	 0.03124	 0.02876	  0.7391
     587	 0.03111	 0.02865	  0.7384
     588	 0.03098	 0.02853	  0.7378
     589	 0.03087	  0.0284	  0.7372
     590	 0.03075	 0.02827	  0.7366
     591	 0.03064	 0.02814	  0.7359
     592	 0.03052	 0.02801	  0.7353
     593	 0.03039	 0.02788	  0.7347
     594	 0.03024	 0.02776	  0.7341
     595	 0.03009	 0.02763	  0.7335
     596	 0.02993	 0.02752	  0.7328
     597	 0.02977	  0.0274	  0.7322
     598	 0.02962	 0.02729	  0.7316
     599	 0.02948	 0.02718	   0.731
     600	 0.02935	 0.02707	  0.7304
     601	 0.02922	 0.02696	  0.7298
     602	 0.02908	 0.02684	  0.7292
     603	 0.02894	 0.02672	  0.7286
     604	 0.02881	  0.0266	   0.728
     605	 0.02868	 0.02648	  0.7274
     606	 0.02856	 0.02636	  0.7268
     607	 0.02846	 0.02624	  0.7262
     608	 0.02836	 0.02611	  0.7256
     609	 0.02827	 0.02597	   0.725
     610	 0.02818	 0.02583	  0.7244
     611	 0.02808	 0.02568	  0.7238
     612	 0.02798	 0.02554	  0.7232
     613	 0.02789	 0.02542	  0.7226
     614	 0.02779	 0.02532	   0.722
     615	 0.02771	 0.02525	  0.7214
     616	 0.02764	 0.02521	  0.7208
     617	 0.02757	 0.02517	  0.7202
     618	 0.02749	 0.02513	  0.7196
     619	 0.02742	 0.02508	  0.7191
     620	 0.02732	 0.02502	  0.7185
     621	 0.02722	 0.02494	  0.7179
     622	  0.0271	 0.02484	  0.7173
     623	 0.02698	 0.02473	  0.7167
     624	 0.02687	 0.02463	  0.7162
     625	 0.02676	 0.02452	  0.7156
     626	 0.02667	 0.02443	   0.715
     627	 0.02659	 0.02434	  0.7145
     628	 0.02651	 0.02426	  0.7139
     629	 0.02643	 0.02419	  0.7133
     630	 0.02633	  0.0241	  0.7127
     631	 0.02621	 0.02401	  0.7122
     632	 0.02608	 0.02391	  0.7116
     633	 0.02594	 0.02379	  0.7111
     634	  0.0258	 0.02366	  0.7105
     635	 0.02567	 0.02353	  0.7099
     636	 0.02557	 0.02341	  0.7094
     637	  0.0255	 0.02331	  0.7088
     638	 0.02545	 0.02322	  0.7083
     639	 0.02542	 0.02316	  0.7077
     640	  0.0254	 0.02311	  0.7071
     641	 0.02539	 0.02307	  0.7066
     642	 0.02536	 0.02302	   0.706
     643	 0.02532	 0.02296	  0.7055
     644	 0.02526	 0.02289	  0.7049
     645	 0.02518	  0.0228	  0.7044
     646	 0.02508	  0.0227	  0.7038
     647	 0.02498	  0.0226	  0.7033
     648	 0.02487	 0.02252	  0.7028
     649	 0.02477	 0.02246	  0.7022
     650	 0.02468	 0.02243	  0.7017
     651	  0.0246	 0.02242	  0.7011
     652	 0.02454	 0.02242	  0.7006
     653	 0.02449	 0.02244	  0.7001
     654	 0.02445	 0.02244	  0.6995
     655	 0.02442	 0.02242	   0.699
     656	 0.02439	 0.02238	  0.6984
     657	 0.02436	 0.02231	  0.6979
     658	 0.02433	 0.02223	  0.6974
     659	 0.02429	 0.02213	  0.6969
     660	 0.02424	 0.02203	  0.6963
     661	 0.02419	 0.02192	  0.6958
     662	 0.02413	 0.02182	  0.6953
     663	 0.02407	 0.02171	  0.6947
     664	 0.02401	  0.0216	  0.6942
     665	 0.02395	 0.02148	  0.6937
     666	  0.0239	 0.02136	  0.6932
     667	 0.02385	 0.02123	  0.6927
     668	 0.02382	  0.0211	  0.6921
     669	  0.0238	 0.02099	  0.6916
     670	 0.02379	  0.0209	  0.6911
     671	 0.02379	 0.02084	  0.6906
     672	  0.0238	 0.02079	  0.6901
     673	  0.0238	 0.02076	  0.6895
     674	  0.0238	 0.02073	   0.689
     675	 0.02378	  0.0207	  0.6885
     676	 0.02373	 0.02065	   0.688
     677	 0.02365	 0.02059	  0.6875
     678	 0.02353	 0.02052	   0.687
     679	 0.02337	 0.02044	  0.6865
     680	 0.02319	 0.02036	   0.686
     681	 0.02299	 0.02029	  0.6855
     682	  0.0228	 0.02022	   0.685
     683	 0.02262	 0.02016	  0.6845
     684	 0.02245	 0.02011	   0.684
     685	 0.02231	 0.02007	  0.6835
     686	 0.02219	 0.02003	   0.683
     687	 0.02208	 0.01998	  0.6825
     688	 0.02198	 0.01994	   0.682
     689	 0.02186	 0.01988	  0.6815
     690	 0.02174	 0.01983	   0.681
     691	  0.0216	 0.01977	  0.6805
     692	 0.02144	 0.01973	    0.68
     693	 0.02128	 0.01969	  0.6795
     694	  0.0211	 0.01966	   0.679
     695	 0.02093	 0.01963	  0.6785
     696	 0.02075	 0.01959	   0.678
     697	 0.02059	 0.01954	  0.6775
     698	 0.02045	 0.01949	  0.6771
     699	 0.02032	 0.01943	  0.6766
     700	 0.02022	 0.01937	  0.6761
     701	 0.02014	 0.01931	  0.6756
     702	 0.02007	 0.01925	  0.6751
     703	 0.02002	  0.0192	  0.6746
     704	 0.01998	 0.01914	  0.6742
     705	 0.01994	 0.01908	  0.6737
     706	 0.01989	 0.01901	  0.6732
     707	 0.01982	 0.01894	  0.6727
     708	 0.01974	 0.01885	  0.6723
     709	 0.01965	 0.01876	  0.6718
     710	 0.01955	 0.01866	  0.6713
     711	 0.01944	 0.01856	  0.6708
     712	 0.01933	 0.01846	  0.6704
     713	 0.01924	 0.01837	  0.6699
     714	 0.01916	  0.0183	  0.6694
     715	  0.0191	 0.01825	  0.6689
     716	 0.01905	 0.01821	  0.6685
     717	 0.01899	 0.01819	   0.668
     718	 0.01894	 0.01815	  0.6675
     719	 0.01888	 0.01811	  0.6671
     720	 0.01882	 0.01805	  0.6666
     721	 0.01875	 0.01797	  0.6662
     722	 0.01869	 0.01789	  0.6657
     723	 0.01865	 0.01781	  0.6652
     724	 0.01861	 0.01774	  0.6648
     725	 0.01858	 0.01766	  0.6643
     726	 0.01854	 0.01759	  0.6638
     727	 0.01847	  0.0175	  0.6634
     728	 0.01839	  0.0174	  0.6629
     729	 0.01827	 0.01729	  0.6625
     730	 0.01813	 0.01716	   0.662
     731	 0.01798	 0.01703	  0.6616
     732	 0.01784	 0.01692	  0.6611
     733	 0.01771	 0.01681	  0.6607
     734	  0.0176	 0.01671	  0.6602
     735	 0.01749	 0.01662	  0.6598
     736	  0.0174	 0.01653	  0.6593
     737	  0.0173	 0.01643	  0.6589
     738	 0.01719	 0.01633	  0.6584
     739	 0.01707	 0.01622	   0.658
     740	 0.01695	 0.01613	  0.6575
     741	 0.01683	 0.01605	  0.6571
     742	 0.01673	   0.016	  0.6566
     743	 0.01665	 0.01599	  0.6562
     744	 0.01661	   0.016	  0.6557
     745	 0.01661	 0.01605	  0.6553
     746	 0.01665	 0.01612	  0.6549
     747	 0.01671	  0.0162	  0.6544
     748	  0.0168	 0.01628	   0.654
     749	 0.01689	 0.01636	  0.6536
     750	 0.01698	 0.01643	  0.6531
     751	 0.01703	 0.01646	  0.6527
     752	 0.01702	 0.01645	  0.6522
     753	 0.01695	  0.0164	  0.6518
     754	 0.01681	 0.01629	  0.6514
     755	 0.01661	 0.01614	  0.6509
     756	 0.01637	 0.01596	  0.6505
     757	 0.01611	 0.01577	  0.6501
     758	 0.01588	  0.0156	  0.6497
     759	 0.01569	 0.01544	  0.6492
     760	 0.01556	 0.01532	  0.6488
     761	 0.01549	 0.01524	  0.6484
     762	 0.01549	 0.01518	  0.6479
     763	 0.01552	 0.01514	  0.6475
     764	 0.01556	 0.01511	  0.6471
     765	 0.01561	 0.01508	  0.6467
     766	 0.01564	 0.01504	  0.6462
     767	 0.01565	 0.01498	  0.6458
     768	 0.01564	 0.01491	  0.6454
     769	 0.01562	 0.01483	   0.645
     770	  0.0156	 0.01475	  0.6446
     771	 0.01559	 0.01469	  0.6441
     772	 0.01561	 0.01467	  0.6437
     773	 0.01565	 0.01469	  0.6433
     774	  0.0157	 0.01474	  0.6429
     775	 0.01574	 0.01482	  0.6425
     776	 0.01574	  0.0149	  0.6421
     777	  0.0157	 0.01496	  0.6416
     778	 0.01561	 0.01498	  0.6412
     779	 0.01547	 0.01495	  0.6408
     780	  0.0153	 0.01487	  0.6404
     781	 0.01513	 0.01476	    0.64
     782	 0.01496	 0.01464	  0.6396
     783	 0.01481	  0.0145	  0.6392
     784	 0.01467	 0.01435	  0.6388
     785	 0.01455	  0.0142	  0.6384
     786	 0.01444	 0.01403	   0.638
     787	 0.01435	 0.01388	  0.6375
     788	 0.01427	 0.01375	  0.6371
     789	 0.01423	 0.01368	  0.6367
     790	 0.01422	 0.01367	  0.6363
     791	 0.01424	 0.01372	  0.6359
     792	 0.01427	 0.01381	  0.6355
     793	 0.01429	 0.01392	  0.6351
     794	 0.01428	 0.01401	  0.6347
     795	 0.01425	 0.01405	  0.6343
     796	 0.01419	 0.01406	  0.6339
     797	 0.01411	 0.01402	  0.6335
     798	 0.01405	 0.01397	  0.6331
     799	 0.01399	 0.01391	  0.6327
     800	 0.01394	 0.01387	  0.6323
     801	  0.0139	 0.01384	  0.6319
     802	 0.01386	 0.01382	  0.6315
     803	 0.01381	  0.0138	  0.6311
     804	 0.01375	 0.01378	  0.6308
     805	  0.0137	 0.01376	  0.6304
     806	 0.01366	 0.01373	    0.63
     807	 0.01364	 0.01369	  0.6296
     808	 0.01364	 0.01365	  0.6292
     809	 0.01366	 0.01362	  0.6288
     810	 0.01369	 0.01358	  0.6284
     811	 0.01373	 0.01355	   0.628
     812	 0.01378	 0.01351	  0.6276
     813	 0.01383	 0.01347	  0.6272
     814	 0.01386	 0.01342	  0.6269
     815	 0.01387	 0.01337	  0.6265
     816	 0.01385	  0.0133	  0.6261
     817	 0.01381	 0.01323	  0.6257
     818	 0.01373	 0.01315	  0.6253
     819	 0.01365	 0.01307	  0.6249
     820	 0.01355	 0.01299	  0.6246
     821	 0.01346	 0.01291	  0.6242
     822	 0.01337	 0.01282	  0.6238
     823	 0.01327	  0.0127	  0.6234
     824	 0.01315	 0.01258	   0.623
     825	 0.01302	 0.01244	  0.6227
     826	 0.01288	 0.01232	  0.6223
     827	 0.01274	 0.01222	  0.6219
     828	 0.01259	 0.01216	  0.6215
     829	 0.01247	 0.01213	  0.6211
     830	 0.01236	 0.01214	  0.6208
     831	 0.01227	 0.01215	  0.6204
     832	 0.01219	 0.01216	    0.62
     833	 0.01213	 0.01217	  0.6197
     834	 0.01208	 0.01217	  0.6193
     835	 0.01205	 0.01216	  0.6189
     836	 0.01201	 0.01215	  0.6185
     837	 0.01196	 0.01214	  0.6182
     838	 0.01188	 0.01212	  0.6178
     839	 0.01176	 0.01207	  0.6174
     840	  0.0116	   0.012	  0.6171
     841	 0.01142	  0.0119	  0.6167
     842	 0.01122	 0.01178	  0.6163
     843	 0.01102	 0.01165	   0.616
     844	 0.01083	 0.01155	  0.6156
     845	 0.01068	 0.01149	  0.6152
     846	 0.01055	 0.01149	  0.6149
     847	 0.01045	 0.01158	  0.6145
     848	 0.01038	 0.01175	  0.6141
     849	 0.01034	 0.01197	  0.6138
     850	 0.01031	  0.0122	  0.6134
