/*
Scattering Phase Functions [1/sr] at 532 nm from LISST-VSF (SN 1475), Percentiles and mean
Volume scattering function corrected and extrapolated to 180ยบ following Koestner et al. 2018 

Dilution-corrected (if applicable) IOPs [1/m], Percentiles and mean;
bbp = 0.021348	0.022435	0.023857	0.025547	0.028047	0.024531
bp = 1.574295	1.605303	1.651081	1.701851	1.757505	1.659245
cp = 3.005139	3.088922	3.171242	3.320153	3.481029	3.212113

Lat, Lon = 70.596, -149.036
Date Time UTC = 07-Sep-2018 19:07:35
Depth = 16.9 m
SPM = 1.60 g/m3
POC/SPM = 0.07 

Created by Daniel Koestner on 15-Jan-2024 15:28:34
Data Version: V4_10-Nov-2023

Column 1: Angle [deg]
Column 2: 10th Percentile Data
Column 3: 25th Percentile Data
Column 4: 50th Percentile Data
Column 5: 75th Percentile Data
Column 6: 90th Percentile Data
Column 7: Mean Data
*/
 0.08357	    2336	    2453	    2532	    2623	    2813	    2575
 0.09861	    1976	    2065	    2146	    2228	    2378	    2181
  0.1164	    1586	    1647	    1727	    1799	    1905	    1754
  0.1373	    1195	    1231	    1304	    1362	    1427	    1320
  0.1621	   856.6	   873.8	   930.2	   972.6	    1005	   938.1
  0.1912	   601.3	   609.2	   643.6	   669.8	     683	   646.1
  0.2257	   425.4	   429.8	   444.3	   457.3	   461.9	   444.8
  0.2663	   316.1	   319.9	   322.7	   327.5	   328.7	   322.8
  0.3143	   257.6	   260.1	   259.2	     260	   259.7	     259
  0.3708	   226.5	   227.6	   226.4	   225.5	   224.1	   225.6
  0.4376	   196.4	   196.2	   195.3	   193.5	   191.2	   194.1
  0.5164	   161.4	   161.1	   160.1	   158.3	   155.5	   159.1
  0.6094	   127.8	   127.3	   126.2	   124.6	   122.1	   125.5
  0.7191	   99.37	   99.16	   98.14	   97.02	   95.21	   97.69
  0.8486	   82.25	   81.87	   80.84	   79.82	   78.31	   80.53
   1.001	   66.67	   66.32	   65.51	   64.79	   63.52	    65.3
   1.182	   56.95	   56.37	    55.7	    54.9	   53.88	   55.52
   1.394	   45.93	    45.5	   45.04	   44.37	   43.61	   44.86
   1.645	   37.54	   37.15	   36.81	   36.14	   35.62	   36.62
   1.941	   29.47	    29.2	      29	   28.35	      28	   28.76
    2.29	    23.6	   23.51	   23.38	    22.9	   22.49	   23.18
   2.701	   18.73	   18.57	   18.39	   18.08	   17.82	   18.27
   3.185	   14.37	   14.26	   14.16	    13.9	   13.66	   14.05
   3.756	   11.03	   10.93	   10.83	   10.71	   10.51	   10.79
   4.428	   7.426	   7.382	   7.277	     7.2	   7.108	   7.265
   5.218	   5.214	   5.176	   5.136	   5.133	   5.034	   5.122
   6.146	   3.806	   3.823	   3.775	   3.736	   3.679	    3.76
   7.232	   2.602	   2.579	   2.557	   2.549	   2.521	    2.56
   8.502	   1.795	   1.782	   1.771	   1.769	   1.758	   1.773
   9.981	   1.242	   1.235	   1.231	   1.231	   1.229	   1.231
   11.69	  0.8635	  0.8603	  0.8593	  0.8607	  0.8631	   0.859
   13.67	  0.6039	  0.6027	  0.6035	  0.6053	  0.6097	  0.6029
      15	  0.4877	  0.4873	  0.4886	  0.4905	  0.4954	   0.488
      16	  0.4189	  0.4159	  0.4141	  0.4177	  0.4234	  0.4161
      17	   0.356	  0.3568	  0.3567	  0.3553	  0.3546	  0.3561
      18	  0.3019	  0.3071	  0.3086	  0.3092	  0.3081	  0.3073
      19	  0.2609	  0.2636	  0.2685	  0.2691	  0.2692	  0.2664
      20	  0.2282	  0.2295	  0.2331	  0.2368	  0.2349	   0.233
      21	   0.199	  0.2015	  0.2048	  0.2076	  0.2108	  0.2054
      22	  0.1766	  0.1802	    0.18	   0.184	   0.186	  0.1819
      23	  0.1571	  0.1584	  0.1628	  0.1632	  0.1664	  0.1614
      24	  0.1392	  0.1402	  0.1444	  0.1461	  0.1471	  0.1432
      25	  0.1249	  0.1241	  0.1294	  0.1305	  0.1323	  0.1285
      26	  0.1129	  0.1136	  0.1147	  0.1174	  0.1195	  0.1159
      27	  0.1027	  0.1038	  0.1037	  0.1049	  0.1063	  0.1041
      28	 0.09285	 0.09314	 0.09421	 0.09295	  0.0969	 0.09393
      29	 0.08289	 0.08396	 0.08369	 0.08571	 0.08941	 0.08509
      30	 0.07448	 0.07593	 0.07661	 0.07937	 0.07978	 0.07713
      31	  0.0687	 0.06895	 0.06944	 0.07244	 0.07357	 0.07059
      32	 0.06354	 0.06325	 0.06451	 0.06615	 0.06747	 0.06476
      33	 0.05764	 0.05836	 0.05833	 0.05935	 0.06087	 0.05904
      34	  0.0522	 0.05278	 0.05391	 0.05591	 0.05655	 0.05438
      35	 0.04831	 0.04874	  0.0492	 0.05128	 0.05236	 0.05008
      36	 0.04439	 0.04525	 0.04622	 0.04748	 0.04977	  0.0467
      37	 0.04125	 0.04179	 0.04195	 0.04463	 0.04596	 0.04322
      38	 0.03837	 0.03858	 0.03964	 0.04244	 0.04391	 0.04046
      39	 0.03557	 0.03601	 0.03755	 0.03991	 0.04047	 0.03795
      40	 0.03336	 0.03386	 0.03432	  0.0361	 0.03857	 0.03531
      41	 0.03105	 0.03145	  0.0328	 0.03458	 0.03718	 0.03342
      42	 0.02891	 0.02902	  0.0307	 0.03189	 0.03349	 0.03094
      43	 0.02677	 0.02749	 0.02853	 0.02969	 0.03127	 0.02884
      44	 0.02536	 0.02612	 0.02691	 0.02751	 0.02995	 0.02727
      45	 0.02371	 0.02428	  0.0248	 0.02547	 0.02799	 0.02523
      46	 0.02181	  0.0228	 0.02309	 0.02376	 0.02547	 0.02353
      47	 0.02098	 0.02185	 0.02197	 0.02229	 0.02339	 0.02239
      48	 0.01991	 0.02084	  0.0208	 0.02094	 0.02166	 0.02124
      49	 0.01879	 0.01942	 0.01953	 0.01995	 0.02061	 0.02008
      50	 0.01742	 0.01843	 0.01874	 0.01911	 0.01944	  0.0191
      51	 0.01655	  0.0172	 0.01756	 0.01784	  0.0198	 0.01827
      52	 0.01561	 0.01603	 0.01671	   0.017	 0.01998	 0.01759
      53	 0.01485	 0.01532	 0.01592	  0.0166	 0.02001	 0.01681
      54	 0.01402	 0.01459	  0.0151	 0.01583	 0.01854	 0.01573
      55	 0.01359	  0.0138	 0.01411	 0.01491	 0.01707	 0.01467
      56	  0.0128	 0.01315	 0.01339	 0.01416	 0.01454	 0.01375
      57	 0.01219	 0.01263	 0.01277	 0.01305	 0.01376	 0.01302
      58	 0.01155	 0.01193	 0.01223	 0.01227	 0.01312	 0.01242
      59	 0.01099	  0.0114	 0.01162	 0.01219	 0.01283	 0.01191
      60	 0.01054	 0.01078	 0.01111	 0.01174	 0.01239	 0.01143
      61	 0.01004	 0.01028	 0.01048	 0.01124	 0.01204	  0.0108
      62	0.009412	0.009683	0.009947	 0.01057	 0.01126	 0.01021
      63	 0.00877	0.009182	0.009502	 0.01016	  0.0109	0.009739
      64	0.008479	0.008674	 0.00919	0.009684	 0.01027	0.009353
      65	0.008291	0.008413	0.008645	0.009207	  0.0103	0.009012
      66	0.007865	 0.00798	0.008369	0.009119	 0.00949	0.008619
      67	 0.00762	0.007647	0.008001	0.008503	0.008957	0.008192
      68	0.007353	0.007521	0.007512	0.007794	0.008427	 0.00772
      69	0.007157	0.007196	0.007357	 0.00757	0.008037	0.007472
      70	 0.00676	0.006891	0.007072	0.007452	0.007576	0.007187
      71	0.006419	0.006589	0.006705	 0.00722	0.007559	0.006945
      72	0.006128	0.006294	0.006556	 0.00685	0.007471	0.006763
      73	0.005842	 0.00611	0.006269	0.006679	0.007149	0.006478
      74	0.005644	0.005867	0.005957	0.006278	0.006721	0.006147
      75	0.005526	0.005676	0.005733	0.006179	0.006556	0.005957
      76	0.005375	0.005508	0.005585	0.005898	0.006227	0.005744
      77	0.005172	0.005227	0.005344	0.005636	0.006098	0.005499
      78	0.005064	0.005083	 0.00526	0.005571	0.005831	0.005382
      79	0.004834	0.004934	0.005052	 0.00516	0.005671	0.005168
      80	0.004652	0.004758	0.004897	0.005223	0.005496	0.005042
      81	0.004442	0.004595	0.004756	0.005036	0.005436	0.004901
      82	 0.00438	0.004468	0.004684	0.004896	0.005235	0.004811
      83	0.004088	0.004404	0.004481	0.004769	0.005203	0.004672
      84	0.004049	0.004173	0.004303	  0.0046	0.005244	0.004502
      85	0.003943	 0.00399	0.004185	0.004348	 0.00465	0.004336
      86	0.003809	0.003879	0.004091	0.004214	0.004649	0.004169
      87	0.003628	0.003764	0.003828	 0.00424	0.004592	0.004054
      88	0.003458	0.003632	0.003811	0.004047	0.004348	0.003912
      89	0.003345	0.003575	0.003707	0.003988	0.004184	0.003792
      90	0.003279	0.003411	0.003551	0.003785	0.004102	 0.00367
      91	0.003183	0.003299	 0.00354	0.003764	0.003855	0.003581
      92	0.003126	0.003343	0.003498	0.003616	0.003786	0.003503
      93	0.003085	0.003209	0.003339	0.003515	0.003694	0.003422
      94	0.003002	0.003142	0.003258	0.003398	 0.00363	0.003329
      95	0.002962	0.003062	0.003191	0.003249	0.003379	0.003239
      96	0.002923	0.003074	0.003118	0.003154	 0.00336	0.003181
      97	0.002818	0.002917	0.003023	0.003116	0.003164	0.003108
      98	0.002731	0.002853	0.002948	0.003085	0.003272	0.003076
      99	0.002723	0.002805	0.002883	 0.00304	0.003202	0.003007
     100	0.002666	0.002712	0.002859	0.002952	0.003186	0.002961
     101	0.002569	0.002715	0.002777	0.002873	0.003057	0.002844
     102	0.002526	0.002587	0.002705	0.002918	0.003049	0.002764
     103	0.002484	0.002556	0.002643	0.002796	0.002793	0.002693
     104	0.002408	0.002478	0.002576	0.002668	0.002801	0.002614
     105	0.002375	0.002466	0.002538	0.002607	0.002803	0.002578
     106	0.002322	0.002369	0.002499	0.002584	0.002804	0.002544
     107	  0.0023	0.002408	0.002465	0.002543	0.002644	0.002473
     108	0.002275	0.002344	0.002415	0.002455	0.002571	0.002427
     109	0.002194	 0.00228	0.002341	0.002407	0.002481	0.002357
     110	0.002227	0.002284	0.002335	0.002389	0.002445	0.002367
     111	0.002162	0.002242	0.002302	0.002359	0.002437	0.002307
     112	0.002152	 0.00221	0.002235	0.002279	0.002335	0.002243
     113	0.002112	0.002177	0.002217	0.002286	0.002359	0.002236
     114	0.002056	0.002129	0.002191	0.002267	0.002345	0.002221
     115	0.002078	0.002132	0.002153	0.002236	0.002266	0.002194
     116	0.002001	0.002108	0.002141	0.002262	 0.00236	0.002179
     117	0.001975	0.002038	0.002122	0.002244	0.002379	0.002151
     118	0.001985	 0.00201	0.002079	0.002138	0.002238	0.002103
     119	0.001938	0.001987	0.002039	0.002098	0.002381	0.002089
     120	0.001901	0.001951	0.002038	0.002095	0.002425	0.002085
     121	0.001902	0.001952	0.001999	 0.00213	0.002321	0.002071
     122	0.001893	0.001914	0.002018	0.002082	0.002259	0.002047
     123	0.001888	0.001928	0.001981	 0.00214	0.002208	0.002064
     124	0.001912	0.001964	0.002004	0.002091	0.002438	0.002091
     125	0.001882	0.001966	0.002006	0.002054	 0.00228	0.002075
     126	0.001867	0.001916	0.001996	0.002058	0.002187	0.002018
     127	0.001823	0.001914	0.001979	0.002026	0.002062	0.001999
     128	0.001795	0.001863	0.001947	0.002073	 0.00213	0.001991
     129	 0.00181	0.001844	0.001924	 0.00202	0.002127	0.001986
     130	0.001812	0.001846	0.001965	0.002022	0.002052	0.002011
     131	0.001803	0.001859	0.001976	 0.00203	0.002181	0.002053
     132	0.001844	 0.00186	 0.00193	0.001993	0.002204	0.002034
     133	0.001854	0.001884	0.001923	0.001993	0.002094	0.002016
     134	 0.00185	0.001893	0.001931	0.002036	0.002153	0.002015
     135	0.001867	0.001909	0.001965	0.002019	0.002373	0.002048
     136	0.001898	0.001948	0.001986	0.002064	0.002396	0.002081
     137	 0.00191	0.001942	0.001995	0.002101	0.002419	0.002073
     138	 0.00189	0.001953	0.002004	0.002157	0.002326	0.002058
     139	0.001906	0.001936	 0.00201	0.002074	0.002298	0.002037
     140	0.001876	 0.00194	0.001976	0.002069	0.002123	0.002008
     141	0.001868	0.001924	0.001969	0.002016	0.002131	0.002001
     142	0.001838	0.001861	0.001932	0.002011	  0.0021	0.001963
     143	0.001814	0.001848	0.001924	0.001991	0.002054	0.001962
     144	0.001818	0.001835	0.001926	0.001973	0.002056	0.001966
     145	0.001779	0.001823	0.001914	0.002021	0.002227	0.001992
     146	0.001777	0.001821	0.001912	0.002019	0.002225	 0.00199
     147	0.001775	0.001819	 0.00191	0.002016	0.002224	0.001988
     148	0.001774	0.001817	0.001908	0.002014	0.002223	0.001986
     149	0.001772	0.001815	0.001906	0.002012	0.002221	0.001984
     150	0.001771	0.001813	0.001904	 0.00201	 0.00222	0.001983
     151	 0.00177	0.001812	0.001903	0.002008	 0.00222	0.001982
     152	0.001769	0.001811	0.001901	0.002007	0.002219	 0.00198
     153	0.001768	 0.00181	  0.0019	0.002005	0.002218	0.001979
     154	0.001767	0.001808	0.001899	0.002004	0.002218	0.001978
     155	0.001766	0.001807	0.001898	0.002003	0.002218	0.001978
     156	0.001765	0.001807	0.001897	0.002002	0.002217	0.001977
     157	0.001765	0.001806	0.001896	0.002001	0.002217	0.001976
     158	0.001764	0.001805	0.001895	   0.002	0.002217	0.001976
     159	0.001764	0.001805	0.001895	0.001999	0.002217	0.001975
     160	0.001763	0.001804	0.001894	0.001999	0.002217	0.001975
     161	0.001763	0.001803	0.001893	0.001998	0.002217	0.001974
     162	0.001763	0.001803	0.001893	0.001998	0.002217	0.001974
     163	0.001763	0.001803	0.001893	0.001997	0.002217	0.001974
     164	0.001762	0.001802	0.001892	0.001997	0.002217	0.001974
     165	0.001762	0.001802	0.001892	0.001996	0.002217	0.001973
     166	0.001762	0.001802	0.001892	0.001996	0.002218	0.001973
     167	0.001762	0.001801	0.001891	0.001995	0.002218	0.001973
     168	0.001762	0.001801	0.001891	0.001995	0.002218	0.001973
     169	0.001762	0.001801	0.001891	0.001995	0.002218	0.001973
     170	0.001762	0.001801	0.001891	0.001995	0.002218	0.001973
     171	0.001762	0.001801	0.001891	0.001995	0.002219	0.001973
     172	0.001762	0.001801	 0.00189	0.001994	0.002219	0.001973
     173	0.001761	0.001801	 0.00189	0.001994	0.002219	0.001973
     174	0.001761	  0.0018	 0.00189	0.001994	0.002219	0.001973
     175	0.001761	  0.0018	 0.00189	0.001994	0.002219	0.001973
     176	0.001761	  0.0018	 0.00189	0.001994	0.002219	0.001973
     177	0.001761	  0.0018	 0.00189	0.001994	0.002219	0.001973
     178	0.001761	  0.0018	 0.00189	0.001994	0.002219	0.001973
     179	0.001761	  0.0018	 0.00189	0.001994	0.002219	0.001973
     180	0.001761	  0.0018	 0.00189	0.001994	0.002219	0.001973
