/*
Particulate absorption and scattering spectra, normalized by SPM 
Scattering spectra from ac-s power-function fit 400-700 nm scaled by LISST-VSF scattering coefficient at 532 nm 
Total (a_p) and MeOH-extracted (a_d) absorption spectra from UV/VIS spectrophotometer measurements with GF/F filter inside 15-cm integrating sphere
Correction for filter-pad pathlength amplification from Stramski et al. 2015 

Lat, Lon = 70.439, -148.106
Date Time UTC = 09-Sep-2018 01:06:25
Depth = 6.0 m
SPM = 2.04 g/m3
POC = 94.31 mg/m3
PSD power-law exponent (~1.5-147 µm) = 3.76 
Scattering spectra power-function exponent (400-700 nm) = 0.671 

Created by Daniel Koestner on 15-Jan-2024 15:28:38
Data Version: V4_10-Nov-2023

Column 1: wavelength [nm]
Column 2: a_p [m^2/g]
Column 3: a_d [m^2/g]
Column 4: b_p [m^2/g]
*/
     290	  0.3298	  0.2368	   1.483
     291	  0.3269	  0.2362	   1.479
     292	  0.3245	  0.2354	   1.476
     293	  0.3221	  0.2344	   1.472
     294	  0.3201	  0.2332	   1.469
     295	  0.3181	  0.2319	   1.466
     296	  0.3161	  0.2303	   1.462
     297	  0.3142	  0.2286	   1.459
     298	  0.3123	  0.2269	   1.456
     299	  0.3106	  0.2253	   1.452
     300	  0.3089	  0.2238	   1.449
     301	  0.3075	  0.2225	   1.446
     302	  0.3062	  0.2215	   1.443
     303	  0.3051	  0.2206	    1.44
     304	   0.304	  0.2198	   1.436
     305	  0.3029	   0.219	   1.433
     306	  0.3017	  0.2183	    1.43
     307	  0.3005	  0.2175	   1.427
     308	  0.2992	  0.2167	   1.424
     309	  0.2978	  0.2158	   1.421
     310	  0.2965	  0.2149	   1.418
     311	  0.2952	   0.214	   1.415
     312	  0.2939	  0.2132	   1.412
     313	  0.2927	  0.2123	   1.408
     314	  0.2917	  0.2115	   1.405
     315	  0.2906	  0.2107	   1.402
     316	  0.2896	  0.2099	     1.4
     317	  0.2886	  0.2089	   1.397
     318	  0.2875	  0.2079	   1.394
     319	  0.2863	  0.2067	   1.391
     320	   0.285	  0.2055	   1.388
     321	  0.2836	  0.2043	   1.385
     322	  0.2822	  0.2031	   1.382
     323	  0.2808	  0.2021	   1.379
     324	  0.2795	  0.2011	   1.376
     325	  0.2782	  0.2003	   1.373
     326	   0.277	  0.1995	   1.371
     327	  0.2758	  0.1987	   1.368
     328	  0.2746	   0.198	   1.365
     329	  0.2734	  0.1972	   1.362
     330	  0.2722	  0.1963	   1.359
     331	  0.2709	  0.1955	   1.357
     332	  0.2697	  0.1946	   1.354
     333	  0.2686	  0.1938	   1.351
     334	  0.2675	  0.1929	   1.348
     335	  0.2664	  0.1919	   1.346
     336	  0.2653	   0.191	   1.343
     337	  0.2642	  0.1901	    1.34
     338	  0.2632	  0.1892	   1.338
     339	  0.2621	  0.1884	   1.335
     340	   0.261	  0.1876	   1.332
     341	  0.2598	  0.1868	    1.33
     342	  0.2586	  0.1859	   1.327
     343	  0.2574	   0.185	   1.325
     344	  0.2561	  0.1841	   1.322
     345	  0.2547	  0.1832	   1.319
     346	  0.2534	  0.1822	   1.317
     347	  0.2522	  0.1812	   1.314
     348	  0.2511	  0.1803	   1.312
     349	    0.25	  0.1794	   1.309
     350	  0.2491	  0.1786	   1.307
     351	  0.2481	  0.1779	   1.304
     352	  0.2472	  0.1772	   1.302
     353	  0.2462	  0.1766	   1.299
     354	  0.2452	   0.176	   1.297
     355	   0.244	  0.1754	   1.294
     356	  0.2428	  0.1747	   1.292
     357	  0.2414	  0.1739	   1.289
     358	  0.2401	   0.173	   1.287
     359	  0.2387	   0.172	   1.285
     360	  0.2373	  0.1709	   1.282
     361	  0.2359	  0.1697	    1.28
     362	  0.2346	  0.1686	   1.278
     363	  0.2333	  0.1674	   1.275
     364	   0.232	  0.1664	   1.273
     365	  0.2308	  0.1654	    1.27
     366	  0.2296	  0.1646	   1.268
     367	  0.2284	  0.1637	   1.266
     368	  0.2272	  0.1628	   1.263
     369	  0.2259	  0.1618	   1.261
     370	  0.2245	  0.1607	   1.259
     371	   0.223	  0.1596	   1.257
     372	  0.2214	  0.1583	   1.254
     373	  0.2196	  0.1569	   1.252
     374	  0.2177	  0.1555	    1.25
     375	  0.2157	  0.1539	   1.248
     376	  0.2135	  0.1522	   1.245
     377	  0.2113	  0.1505	   1.243
     378	  0.2092	  0.1489	   1.241
     379	  0.2071	  0.1473	   1.239
     380	  0.2053	  0.1459	   1.237
     381	  0.2036	  0.1447	   1.234
     382	   0.202	  0.1435	   1.232
     383	  0.2006	  0.1423	    1.23
     384	  0.1991	  0.1411	   1.228
     385	  0.1977	  0.1398	   1.226
     386	  0.1962	  0.1384	   1.224
     387	  0.1947	   0.137	   1.222
     388	  0.1932	  0.1356	   1.219
     389	  0.1918	  0.1344	   1.217
     390	  0.1905	  0.1333	   1.215
     391	  0.1893	  0.1325	   1.213
     392	  0.1882	  0.1317	   1.211
     393	   0.187	   0.131	   1.209
     394	  0.1857	  0.1303	   1.207
     395	  0.1844	  0.1295	   1.205
     396	   0.183	  0.1286	   1.203
     397	  0.1816	  0.1276	   1.201
     398	  0.1802	  0.1264	   1.199
     399	  0.1788	  0.1252	   1.197
     400	  0.1774	  0.1239	   1.195
     401	  0.1761	  0.1225	   1.193
     402	  0.1747	  0.1212	   1.191
     403	  0.1734	  0.1199	   1.189
     404	  0.1721	  0.1186	   1.187
     405	  0.1708	  0.1175	   1.185
     406	  0.1696	  0.1164	   1.183
     407	  0.1685	  0.1154	   1.181
     408	  0.1676	  0.1146	   1.179
     409	  0.1667	  0.1138	   1.177
     410	  0.1659	  0.1131	   1.175
     411	  0.1652	  0.1124	   1.173
     412	  0.1644	  0.1118	   1.171
     413	  0.1637	  0.1111	   1.169
     414	  0.1629	  0.1104	   1.167
     415	  0.1621	  0.1097	   1.166
     416	  0.1613	  0.1089	   1.164
     417	  0.1603	  0.1082	   1.162
     418	  0.1593	  0.1074	    1.16
     419	  0.1581	  0.1066	   1.158
     420	  0.1569	  0.1057	   1.156
     421	  0.1557	  0.1048	   1.154
     422	  0.1545	  0.1038	   1.153
     423	  0.1533	  0.1028	   1.151
     424	  0.1522	  0.1018	   1.149
     425	  0.1511	  0.1009	   1.147
     426	  0.1501	 0.09994	   1.145
     427	  0.1491	 0.09902	   1.143
     428	  0.1481	 0.09812	   1.142
     429	   0.147	 0.09722	    1.14
     430	   0.146	 0.09634	   1.138
     431	  0.1449	 0.09547	   1.136
     432	  0.1438	 0.09463	   1.135
     433	  0.1427	 0.09383	   1.133
     434	  0.1417	 0.09303	   1.131
     435	  0.1407	 0.09225	   1.129
     436	  0.1397	 0.09147	   1.128
     437	  0.1388	 0.09068	   1.126
     438	  0.1378	 0.08988	   1.124
     439	  0.1368	 0.08909	   1.122
     440	  0.1358	 0.08831	   1.121
     441	  0.1346	 0.08756	   1.119
     442	  0.1335	 0.08683	   1.117
     443	  0.1322	 0.08611	   1.116
     444	   0.131	 0.08538	   1.114
     445	  0.1297	 0.08464	   1.112
     446	  0.1285	 0.08389	   1.111
     447	  0.1273	 0.08314	   1.109
     448	  0.1262	 0.08243	   1.107
     449	  0.1252	 0.08175	   1.106
     450	  0.1242	 0.08113	   1.104
     451	  0.1234	 0.08056	   1.102
     452	  0.1226	 0.08003	   1.101
     453	  0.1218	 0.07952	   1.099
     454	   0.121	 0.07902	   1.097
     455	  0.1203	 0.07852	   1.096
     456	  0.1196	 0.07802	   1.094
     457	  0.1189	 0.07752	   1.093
     458	  0.1182	 0.07703	   1.091
     459	  0.1176	 0.07656	   1.089
     460	   0.117	 0.07611	   1.088
     461	  0.1164	 0.07568	   1.086
     462	  0.1159	  0.0753	   1.085
     463	  0.1154	 0.07494	   1.083
     464	  0.1149	 0.07462	   1.081
     465	  0.1144	 0.07431	    1.08
     466	  0.1139	 0.07401	   1.078
     467	  0.1135	 0.07371	   1.077
     468	   0.113	 0.07339	   1.075
     469	  0.1124	 0.07306	   1.074
     470	  0.1118	  0.0727	   1.072
     471	  0.1111	 0.07234	   1.071
     472	  0.1104	 0.07197	   1.069
     473	  0.1097	 0.07163	   1.068
     474	   0.109	  0.0713	   1.066
     475	  0.1084	 0.07099	   1.065
     476	  0.1077	 0.07071	   1.063
     477	  0.1071	 0.07044	   1.062
     478	  0.1065	 0.07017	    1.06
     479	  0.1059	  0.0699	   1.059
     480	  0.1052	  0.0696	   1.057
     481	  0.1045	 0.06928	   1.056
     482	  0.1038	 0.06893	   1.054
     483	   0.103	 0.06856	   1.053
     484	  0.1023	 0.06816	   1.051
     485	  0.1015	 0.06776	    1.05
     486	  0.1008	 0.06735	   1.048
     487	     0.1	 0.06694	   1.047
     488	 0.09933	 0.06653	   1.045
     489	 0.09861	 0.06612	   1.044
     490	 0.09787	 0.06571	   1.043
     491	 0.09711	  0.0653	   1.041
     492	 0.09633	 0.06488	    1.04
     493	 0.09554	 0.06447	   1.038
     494	 0.09474	 0.06407	   1.037
     495	 0.09395	 0.06368	   1.036
     496	 0.09317	  0.0633	   1.034
     497	 0.09242	 0.06293	   1.033
     498	 0.09169	 0.06256	   1.031
     499	 0.09097	  0.0622	    1.03
     500	 0.09026	 0.06185	   1.029
     501	 0.08955	 0.06149	   1.027
     502	 0.08885	 0.06115	   1.026
     503	 0.08816	 0.06082	   1.024
     504	 0.08747	 0.06049	   1.023
     505	  0.0868	 0.06017	   1.022
     506	 0.08612	 0.05985	    1.02
     507	 0.08544	 0.05952	   1.019
     508	 0.08475	 0.05917	   1.018
     509	 0.08405	 0.05881	   1.016
     510	 0.08334	 0.05845	   1.015
     511	 0.08264	 0.05808	   1.014
     512	 0.08196	 0.05772	   1.012
     513	 0.08131	 0.05738	   1.011
     514	 0.08071	 0.05704	    1.01
     515	 0.08013	  0.0567	   1.008
     516	 0.07959	 0.05637	   1.007
     517	 0.07905	 0.05602	   1.006
     518	 0.07851	 0.05567	   1.004
     519	 0.07795	 0.05532	   1.003
     520	 0.07736	 0.05497	   1.002
     521	 0.07674	 0.05463	   1.001
     522	 0.07611	 0.05431	  0.9993
     523	 0.07546	   0.054	   0.998
     524	 0.07481	  0.0537	  0.9967
     525	 0.07417	 0.05341	  0.9954
     526	 0.07356	 0.05313	  0.9942
     527	 0.07299	 0.05284	  0.9929
     528	 0.07246	 0.05257	  0.9916
     529	 0.07197	 0.05229	  0.9904
     530	 0.07151	 0.05201	  0.9891
     531	 0.07106	 0.05173	  0.9879
     532	  0.0706	 0.05143	  0.9866
     533	 0.07012	 0.05112	  0.9854
     534	  0.0696	 0.05079	  0.9841
     535	 0.06904	 0.05044	  0.9829
     536	 0.06844	 0.05007	  0.9817
     537	 0.06783	 0.04969	  0.9805
     538	 0.06722	  0.0493	  0.9792
     539	 0.06664	 0.04892	   0.978
     540	 0.06609	 0.04856	  0.9768
     541	 0.06558	 0.04822	  0.9756
     542	  0.0651	 0.04791	  0.9744
     543	 0.06465	 0.04762	  0.9732
     544	 0.06419	 0.04736	   0.972
     545	 0.06373	 0.04711	  0.9708
     546	 0.06326	 0.04688	  0.9696
     547	  0.0628	 0.04665	  0.9684
     548	 0.06234	 0.04642	  0.9672
     549	 0.06191	 0.04621	   0.966
     550	  0.0615	 0.04601	  0.9648
     551	 0.06111	 0.04581	  0.9637
     552	 0.06073	 0.04561	  0.9625
     553	 0.06036	 0.04542	  0.9613
     554	    0.06	 0.04522	  0.9602
     555	 0.05963	 0.04503	   0.959
     556	 0.05927	 0.04486	  0.9578
     557	 0.05893	  0.0447	  0.9567
     558	  0.0586	 0.04456	  0.9555
     559	 0.05829	 0.04443	  0.9544
     560	 0.05799	 0.04431	  0.9532
     561	  0.0577	 0.04419	  0.9521
     562	  0.0574	 0.04406	   0.951
     563	 0.05711	 0.04391	  0.9498
     564	 0.05681	 0.04375	  0.9487
     565	 0.05652	 0.04358	  0.9476
     566	 0.05623	  0.0434	  0.9464
     567	 0.05594	 0.04322	  0.9453
     568	 0.05566	 0.04304	  0.9442
     569	 0.05539	 0.04288	  0.9431
     570	 0.05513	 0.04273	   0.942
     571	 0.05487	 0.04257	  0.9409
     572	 0.05461	 0.04242	  0.9398
     573	 0.05435	 0.04225	  0.9387
     574	 0.05407	 0.04207	  0.9376
     575	 0.05378	 0.04187	  0.9365
     576	 0.05348	 0.04166	  0.9354
     577	 0.05318	 0.04145	  0.9343
     578	 0.05288	 0.04125	  0.9332
     579	 0.05262	 0.04108	  0.9321
     580	 0.05238	 0.04094	  0.9311
     581	 0.05218	 0.04082	    0.93
     582	   0.052	 0.04072	  0.9289
     583	 0.05185	 0.04064	  0.9278
     584	  0.0517	 0.04057	  0.9268
     585	 0.05157	  0.0405	  0.9257
     586	 0.05145	 0.04043	  0.9246
     587	 0.05134	 0.04036	  0.9236
     588	 0.05124	  0.0403	  0.9225
     589	 0.05115	 0.04023	  0.9215
     590	 0.05106	 0.04016	  0.9204
     591	 0.05097	 0.04007	  0.9194
     592	 0.05085	 0.03996	  0.9183
     593	  0.0507	 0.03984	  0.9173
     594	 0.05053	  0.0397	  0.9163
     595	 0.05033	 0.03956	  0.9152
     596	 0.05011	 0.03943	  0.9142
     597	 0.04988	  0.0393	  0.9132
     598	 0.04965	 0.03917	  0.9122
     599	 0.04942	 0.03904	  0.9111
     600	  0.0492	 0.03891	  0.9101
     601	 0.04898	 0.03876	  0.9091
     602	 0.04876	 0.03862	  0.9081
     603	 0.04857	 0.03847	  0.9071
     604	  0.0484	 0.03834	  0.9061
     605	 0.04826	 0.03822	  0.9051
     606	 0.04815	 0.03812	  0.9041
     607	 0.04806	 0.03804	  0.9031
     608	 0.04797	 0.03795	  0.9021
     609	 0.04787	 0.03786	  0.9011
     610	 0.04775	 0.03775	  0.9001
     611	 0.04759	 0.03762	  0.8991
     612	 0.04742	 0.03749	  0.8981
     613	 0.04723	 0.03735	  0.8971
     614	 0.04705	 0.03722	  0.8961
     615	 0.04689	  0.0371	  0.8952
     616	 0.04675	   0.037	  0.8942
     617	 0.04664	  0.0369	  0.8932
     618	 0.04654	 0.03682	  0.8922
     619	 0.04646	 0.03673	  0.8913
     620	 0.04637	 0.03664	  0.8903
     621	 0.04628	 0.03655	  0.8893
     622	 0.04618	 0.03645	  0.8884
     623	 0.04607	 0.03634	  0.8874
     624	 0.04595	 0.03623	  0.8865
     625	 0.04582	 0.03611	  0.8855
     626	 0.04569	 0.03599	  0.8846
     627	 0.04555	 0.03588	  0.8836
     628	  0.0454	 0.03576	  0.8827
     629	 0.04524	 0.03563	  0.8817
     630	 0.04507	 0.03551	  0.8808
     631	 0.04489	 0.03538	  0.8799
     632	 0.04472	 0.03525	  0.8789
     633	 0.04456	 0.03513	   0.878
     634	 0.04443	 0.03503	  0.8771
     635	 0.04432	 0.03495	  0.8761
     636	 0.04424	  0.0349	  0.8752
     637	 0.04418	 0.03486	  0.8743
     638	 0.04414	 0.03483	  0.8734
     639	 0.04411	  0.0348	  0.8724
     640	 0.04408	 0.03475	  0.8715
     641	 0.04405	 0.03468	  0.8706
     642	 0.04402	 0.03459	  0.8697
     643	 0.04397	 0.03448	  0.8688
     644	  0.0439	 0.03437	  0.8679
     645	 0.04381	 0.03425	   0.867
     646	 0.04369	 0.03413	  0.8661
     647	 0.04355	 0.03402	  0.8652
     648	 0.04341	 0.03393	  0.8643
     649	 0.04327	 0.03384	  0.8634
     650	 0.04314	 0.03378	  0.8625
     651	 0.04304	 0.03375	  0.8616
     652	 0.04299	 0.03373	  0.8607
     653	 0.04297	 0.03372	  0.8599
     654	 0.04299	 0.03371	   0.859
     655	 0.04304	 0.03368	  0.8581
     656	 0.04311	 0.03362	  0.8572
     657	  0.0432	 0.03352	  0.8563
     658	 0.04331	  0.0334	  0.8555
     659	 0.04344	 0.03326	  0.8546
     660	 0.04359	 0.03311	  0.8537
     661	 0.04377	 0.03297	  0.8529
     662	 0.04397	 0.03286	   0.852
     663	  0.0442	 0.03275	  0.8511
     664	 0.04443	 0.03266	  0.8503
     665	 0.04467	 0.03256	  0.8494
     666	  0.0449	 0.03244	  0.8486
     667	 0.04511	 0.03231	  0.8477
     668	 0.04529	 0.03218	  0.8468
     669	 0.04545	 0.03204	   0.846
     670	 0.04559	 0.03192	  0.8451
     671	 0.04569	 0.03181	  0.8443
     672	 0.04575	 0.03172	  0.8435
     673	 0.04575	 0.03164	  0.8426
     674	 0.04569	 0.03157	  0.8418
     675	 0.04556	 0.03149	  0.8409
     676	 0.04534	  0.0314	  0.8401
     677	 0.04505	 0.03131	  0.8393
     678	  0.0447	 0.03121	  0.8384
     679	 0.04429	 0.03114	  0.8376
     680	 0.04383	 0.03109	  0.8368
     681	 0.04335	 0.03107	   0.836
     682	 0.04284	 0.03109	  0.8351
     683	 0.04232	 0.03114	  0.8343
     684	 0.04177	  0.0312	  0.8335
     685	 0.04122	 0.03126	  0.8327
     686	 0.04065	  0.0313	  0.8319
     687	 0.04008	 0.03131	  0.8311
     688	 0.03951	 0.03129	  0.8302
     689	 0.03894	 0.03125	  0.8294
     690	  0.0384	 0.03117	  0.8286
     691	 0.03789	 0.03108	  0.8278
     692	 0.03741	 0.03097	   0.827
     693	 0.03697	 0.03085	  0.8262
     694	 0.03657	 0.03072	  0.8254
     695	  0.0362	  0.0306	  0.8246
     696	 0.03586	 0.03047	  0.8238
     697	 0.03557	 0.03036	   0.823
     698	 0.03531	 0.03027	  0.8222
     699	 0.03509	  0.0302	  0.8215
     700	  0.0349	 0.03016	  0.8207
     701	 0.03474	 0.03013	  0.8199
     702	  0.0346	 0.03012	  0.8191
     703	 0.03447	 0.03011	  0.8183
     704	 0.03435	  0.0301	  0.8175
     705	 0.03423	 0.03007	  0.8168
     706	 0.03409	 0.03002	   0.816
     707	 0.03394	 0.02996	  0.8152
     708	 0.03378	 0.02989	  0.8144
     709	 0.03361	 0.02981	  0.8137
     710	 0.03344	 0.02973	  0.8129
     711	 0.03328	 0.02965	  0.8121
     712	 0.03315	 0.02957	  0.8114
     713	 0.03303	 0.02948	  0.8106
     714	 0.03293	 0.02939	  0.8098
     715	 0.03285	 0.02931	  0.8091
     716	 0.03276	 0.02923	  0.8083
     717	 0.03267	 0.02915	  0.8076
     718	 0.03255	 0.02908	  0.8068
     719	 0.03241	   0.029	   0.806
     720	 0.03225	 0.02892	  0.8053
     721	 0.03208	 0.02883	  0.8045
     722	 0.03193	 0.02874	  0.8038
     723	 0.03179	 0.02865	  0.8031
     724	 0.03167	 0.02857	  0.8023
     725	 0.03158	 0.02851	  0.8016
     726	  0.0315	 0.02845	  0.8008
     727	 0.03142	 0.02839	  0.8001
     728	 0.03133	 0.02831	  0.7993
     729	 0.03121	 0.02821	  0.7986
     730	 0.03106	 0.02809	  0.7979
     731	  0.0309	 0.02794	  0.7971
     732	 0.03072	 0.02779	  0.7964
     733	 0.03055	 0.02765	  0.7957
     734	 0.03039	 0.02752	   0.795
     735	 0.03026	 0.02743	  0.7942
     736	 0.03016	 0.02737	  0.7935
     737	 0.03008	 0.02734	  0.7928
     738	 0.03002	 0.02733	  0.7921
     739	 0.02994	 0.02733	  0.7913
     740	 0.02985	 0.02731	  0.7906
     741	 0.02973	 0.02727	  0.7899
     742	 0.02957	  0.0272	  0.7892
     743	  0.0294	 0.02711	  0.7885
     744	 0.02922	 0.02701	  0.7878
     745	 0.02907	 0.02693	  0.7871
     746	 0.02895	 0.02689	  0.7864
     747	 0.02887	 0.02689	  0.7856
     748	 0.02883	 0.02693	  0.7849
     749	 0.02881	 0.02701	  0.7842
     750	 0.02881	 0.02709	  0.7835
     751	  0.0288	 0.02715	  0.7828
     752	 0.02876	 0.02718	  0.7821
     753	  0.0287	 0.02716	  0.7814
     754	 0.02861	  0.0271	  0.7807
     755	 0.02851	   0.027	    0.78
     756	 0.02841	 0.02689	  0.7794
     757	 0.02831	 0.02677	  0.7787
     758	 0.02822	 0.02665	   0.778
     759	 0.02815	 0.02654	  0.7773
     760	 0.02808	 0.02645	  0.7766
     761	 0.02802	 0.02638	  0.7759
     762	 0.02797	 0.02632	  0.7752
     763	 0.02792	 0.02628	  0.7745
     764	 0.02787	 0.02624	  0.7739
     765	  0.0278	 0.02621	  0.7732
     766	 0.02771	 0.02617	  0.7725
     767	 0.02759	 0.02612	  0.7718
     768	 0.02747	 0.02607	  0.7712
     769	 0.02735	 0.02603	  0.7705
     770	 0.02727	 0.02601	  0.7698
     771	 0.02725	 0.02603	  0.7691
     772	 0.02729	 0.02608	  0.7685
     773	 0.02739	 0.02616	  0.7678
     774	 0.02752	 0.02625	  0.7671
     775	 0.02763	 0.02632	  0.7665
     776	 0.02768	 0.02635	  0.7658
     777	 0.02766	 0.02631	  0.7652
     778	 0.02755	  0.0262	  0.7645
     779	 0.02738	 0.02604	  0.7638
     780	 0.02719	 0.02583	  0.7632
     781	   0.027	 0.02561	  0.7625
     782	 0.02685	 0.02542	  0.7619
     783	 0.02674	 0.02528	  0.7612
     784	 0.02669	 0.02521	  0.7606
     785	 0.02667	 0.02521	  0.7599
     786	 0.02666	 0.02528	  0.7593
     787	 0.02666	  0.0254	  0.7586
     788	 0.02664	 0.02552	   0.758
     789	 0.02661	 0.02563	  0.7573
     790	 0.02658	 0.02572	  0.7567
     791	 0.02655	 0.02576	   0.756
     792	 0.02651	 0.02576	  0.7554
     793	 0.02648	 0.02573	  0.7548
     794	 0.02645	 0.02566	  0.7541
     795	  0.0264	 0.02558	  0.7535
     796	 0.02633	 0.02548	  0.7529
     797	 0.02623	 0.02536	  0.7522
     798	 0.02607	 0.02522	  0.7516
     799	 0.02587	 0.02505	   0.751
     800	 0.02562	 0.02486	  0.7503
     801	 0.02533	 0.02466	  0.7497
     802	 0.02503	 0.02445	  0.7491
     803	 0.02474	 0.02426	  0.7484
     804	  0.0245	  0.0241	  0.7478
     805	 0.02433	   0.024	  0.7472
     806	 0.02424	 0.02395	  0.7466
     807	 0.02422	 0.02394	  0.7459
     808	 0.02426	 0.02395	  0.7453
     809	 0.02432	 0.02394	  0.7447
     810	 0.02437	 0.02391	  0.7441
     811	 0.02439	 0.02384	  0.7435
     812	 0.02437	 0.02374	  0.7429
     813	 0.02433	 0.02364	  0.7422
     814	 0.02427	 0.02354	  0.7416
     815	 0.02421	 0.02346	   0.741
     816	 0.02414	  0.0234	  0.7404
     817	 0.02407	 0.02335	  0.7398
     818	 0.02401	 0.02332	  0.7392
     819	 0.02395	  0.0233	  0.7386
     820	 0.02391	 0.02332	   0.738
     821	 0.02391	 0.02338	  0.7374
     822	 0.02393	 0.02348	  0.7368
     823	 0.02396	 0.02361	  0.7362
     824	 0.02398	 0.02374	  0.7356
     825	 0.02395	 0.02383	   0.735
     826	 0.02388	 0.02385	  0.7344
     827	 0.02375	 0.02381	  0.7338
     828	  0.0236	 0.02373	  0.7332
     829	 0.02343	 0.02363	  0.7326
     830	 0.02328	 0.02354	   0.732
     831	 0.02313	 0.02348	  0.7314
     832	 0.02299	 0.02344	  0.7308
     833	 0.02285	 0.02341	  0.7302
     834	 0.02271	 0.02338	  0.7297
     835	 0.02257	 0.02335	  0.7291
     836	 0.02243	 0.02332	  0.7285
     837	 0.02232	 0.02329	  0.7279
     838	 0.02221	 0.02324	  0.7273
     839	 0.02212	 0.02319	  0.7267
     840	 0.02204	  0.0231	  0.7262
     841	 0.02197	 0.02297	  0.7256
     842	 0.02191	  0.0228	   0.725
     843	 0.02188	  0.0226	  0.7244
     844	 0.02185	 0.02241	  0.7238
     845	 0.02182	 0.02224	  0.7233
     846	 0.02179	 0.02213	  0.7227
     847	 0.02177	 0.02208	  0.7221
     848	 0.02175	 0.02208	  0.7215
     849	 0.02173	 0.02208	   0.721
     850	 0.02171	 0.02207	  0.7204
