/*
Scattering Phase Functions [1/sr] at 532 nm from LISST-VSF (SN 1475), Percentiles and mean
Volume scattering function corrected and extrapolated to 180ยบ following Koestner et al. 2018 

Dilution-corrected (if applicable) IOPs [1/m], Percentiles and mean;
bbp = 0.020790	0.021736	0.022874	0.024273	0.025773	0.023174
bp = 1.083594	1.102313	1.124302	1.149667	1.176712	1.128376
cp = 1.320732	1.337742	1.359855	1.380638	1.406586	1.361971

Lat, Lon = 70.274, -147.164
Date Time UTC = 15-Aug-2021 16:30:00
Depth = 1.5 m
SPM = 1.12 g/m3
POC/SPM = 0.13 

Created by Daniel Koestner on 15-Jan-2024 15:28:35
Data Version: V4_10-Nov-2023

Column 1: Angle [deg]
Column 2: 10th Percentile Data
Column 3: 25th Percentile Data
Column 4: 50th Percentile Data
Column 5: 75th Percentile Data
Column 6: 90th Percentile Data
Column 7: Mean Data
*/
 0.08357	   705.1	   760.7	     819	   881.9	   917.3	   822.4
 0.09861	     637	   685.6	   734.5	   787.8	     818	   737.3
  0.1164	   560.5	   600.9	   639.2	   681.6	   705.9	   641.3
  0.1373	   476.8	     507	   533.6	   563.7	   581.2	   534.9
  0.1621	   392.3	   411.6	   427.6	   445.9	   457.3	   428.3
  0.1912	   309.7	   320.6	   329.1	   338.6	   346.2	   329.4
  0.2257	     239	   245.6	   250.2	     255	   261.2	   250.5
  0.2663	   188.1	   192.7	   195.5	   198.5	     203	   195.8
  0.3143	   161.6	   164.7	   166.4	   168.2	   170.4	   166.5
  0.3708	   145.1	   146.5	     147	   147.5	   147.8	   146.8
  0.4376	   128.7	   128.9	   128.8	   128.3	   127.8	   128.5
  0.5164	   107.9	   107.6	   107.1	   106.2	   105.6	   106.8
  0.6094	   91.99	   91.41	    90.8	   89.97	   89.18	   90.62
  0.7191	   75.67	   75.12	   74.49	   73.69	   73.12	   74.36
  0.8486	   66.21	   65.67	   65.06	    64.3	   63.74	   64.93
   1.001	   54.97	   54.49	      54	    53.4	   52.78	   53.86
   1.182	    49.2	   48.79	   48.33	   47.76	   47.14	   48.19
   1.394	   41.52	   41.17	   40.78	    40.3	   39.78	   40.66
   1.645	   36.02	    35.7	   35.33	   34.92	   34.47	   35.24
   1.941	   30.13	   29.85	   29.53	    29.2	   28.83	   29.47
    2.29	   25.08	   24.81	   24.56	   24.29	   23.89	    24.5
   2.701	   20.21	   20.01	    19.8	   19.54	   19.31	   19.74
   3.185	   15.89	   15.73	   15.57	   15.37	   15.13	   15.52
   3.756	   12.17	   12.08	   11.93	   11.77	    11.6	    11.9
   4.428	   8.145	   8.081	   7.987	    7.87	   7.748	   7.954
   5.218	   5.252	   5.202	   5.157	   5.074	   5.015	   5.136
   6.146	   3.782	   3.758	   3.738	   3.723	   3.695	   3.738
   7.232	   2.578	   2.558	   2.528	   2.493	   2.455	   2.522
   8.502	   1.793	   1.784	   1.772	   1.759	    1.74	   1.769
   9.981	   1.251	   1.248	   1.246	   1.244	   1.236	   1.246
   11.69	  0.8769	  0.8767	  0.8804	   0.884	  0.8825	  0.8805
   13.67	  0.6183	  0.6196	  0.6254	  0.6317	  0.6334	  0.6261
      15	  0.5016	  0.5034	  0.5097	  0.5166	  0.5194	  0.5105
      16	  0.4298	  0.4362	  0.4407	   0.445	  0.4601	  0.4429
      17	  0.3773	  0.3813	  0.3839	  0.3856	  0.3918	  0.3844
      18	  0.3281	  0.3343	  0.3356	  0.3365	  0.3426	  0.3358
      19	  0.2914	  0.2934	  0.2978	  0.3001	  0.3017	  0.2972
      20	  0.2577	    0.26	   0.262	  0.2657	  0.2687	  0.2626
      21	  0.2278	  0.2312	  0.2338	  0.2361	  0.2367	  0.2332
      22	  0.2032	  0.2044	  0.2066	  0.2104	  0.2159	  0.2077
      23	  0.1811	  0.1846	   0.185	  0.1881	  0.1928	  0.1867
      24	  0.1616	  0.1644	  0.1662	  0.1675	   0.173	  0.1666
      25	  0.1454	  0.1468	    0.15	  0.1529	  0.1562	  0.1504
      26	  0.1312	  0.1347	  0.1367	  0.1383	  0.1411	  0.1366
      27	  0.1198	  0.1215	  0.1222	  0.1246	  0.1266	  0.1233
      28	  0.1079	  0.1093	  0.1109	  0.1153	  0.1179	  0.1121
      29	 0.09901	  0.1002	  0.1013	  0.1031	  0.1048	  0.1016
      30	 0.09235	 0.09239	 0.09385	 0.09417	  0.0968	 0.09399
      31	 0.08339	  0.0843	 0.08601	 0.08768	 0.08976	 0.08623
      32	 0.07658	 0.07756	 0.07816	 0.08152	 0.08549	 0.07994
      33	 0.07079	 0.07119	 0.07328	 0.07507	 0.07807	 0.07383
      34	 0.06547	 0.06644	 0.06718	 0.06836	 0.06894	 0.06734
      35	 0.06035	 0.06151	 0.06255	 0.06432	  0.0659	 0.06304
      36	 0.05591	 0.05678	 0.05798	 0.05881	 0.06073	  0.0583
      37	 0.05184	 0.05262	 0.05423	 0.05593	 0.05766	 0.05444
      38	 0.04867	 0.04912	 0.05052	 0.05136	 0.05278	 0.05063
      39	 0.04595	 0.04617	 0.04697	 0.04814	 0.04995	 0.04759
      40	 0.04306	 0.04341	 0.04405	 0.04541	 0.04595	 0.04437
      41	 0.04138	  0.0415	 0.04201	 0.04319	 0.04382	 0.04231
      42	  0.0394	  0.0396	 0.04003	 0.04075	 0.04175	 0.04022
      43	 0.03714	 0.03758	 0.03804	  0.0387	 0.03927	 0.03811
      44	   0.035	 0.03543	 0.03586	 0.03646	 0.03681	 0.03598
      45	 0.03277	 0.03335	 0.03361	 0.03434	 0.03465	 0.03383
      46	 0.03058	 0.03102	 0.03147	 0.03217	 0.03296	 0.03166
      47	 0.02799	 0.02852	 0.02916	 0.03008	 0.03128	 0.02949
      48	 0.02666	 0.02702	 0.02789	 0.02855	 0.02908	 0.02791
      49	 0.02511	 0.02542	 0.02602	 0.02672	 0.02806	 0.02648
      50	 0.02375	 0.02442	  0.0248	 0.02563	  0.0264	 0.02506
      51	 0.02301	 0.02311	 0.02378	 0.02438	 0.02477	 0.02384
      52	 0.02152	 0.02183	 0.02237	 0.02294	 0.02434	 0.02269
      53	 0.02059	 0.02071	 0.02133	 0.02193	 0.02227	 0.02139
      54	 0.01912	 0.01947	 0.01979	 0.02077	 0.02095	 0.02011
      55	 0.01787	 0.01829	 0.01912	 0.01971	 0.02055	 0.01915
      56	 0.01721	 0.01743	 0.01791	 0.01876	 0.01919	 0.01825
      57	 0.01629	 0.01655	 0.01692	  0.0174	 0.01842	 0.01718
      58	 0.01549	 0.01586	 0.01628	 0.01662	 0.01703	 0.01639
      59	 0.01462	 0.01515	  0.0155	 0.01568	 0.01638	 0.01555
      60	 0.01411	 0.01434	 0.01463	 0.01519	 0.01602	 0.01483
      61	 0.01341	 0.01383	 0.01418	 0.01459	 0.01543	  0.0144
      62	 0.01291	 0.01315	 0.01357	 0.01396	 0.01431	 0.01363
      63	 0.01227	 0.01244	 0.01272	 0.01312	 0.01354	  0.0128
      64	 0.01182	 0.01185	 0.01205	 0.01258	 0.01319	 0.01235
      65	  0.0114	  0.0114	 0.01193	 0.01229	 0.01317	 0.01209
      66	 0.01076	 0.01095	 0.01135	 0.01182	  0.0122	 0.01146
      67	 0.01043	 0.01067	 0.01087	 0.01113	 0.01152	 0.01097
      68	 0.01012	 0.01028	 0.01049	 0.01061	 0.01135	 0.01058
      69	0.009398	 0.00984	    0.01	 0.01031	 0.01056	 0.01015
      70	0.009114	0.009346	0.009528	0.009822	 0.01005	0.009635
      71	0.008848	0.009005	  0.0091	0.009492	0.009944	0.009276
      72	0.008385	0.008477	0.008847	0.009069	0.009346	0.008977
      73	0.008005	0.008253	0.008459	0.008746	0.009002	0.008562
      74	0.007652	0.007798	0.008019	0.008303	0.008457	0.008114
      75	0.007348	0.007505	0.007693	   0.008	0.008281	0.007773
      76	0.007086	0.007225	 0.00747	0.007603	0.007776	0.007449
      77	0.006784	0.006888	0.007178	0.007393	0.007561	0.007201
      78	0.006585	0.006747	0.006846	0.007082	0.007347	0.006942
      79	0.006267	0.006506	0.006691	0.006841	0.007209	 0.00673
      80	0.006213	0.006365	0.006481	0.006691	0.007051	0.006606
      81	0.006086	0.006189	0.006283	0.006617	0.007001	0.006499
      82	0.005742	0.005912	0.006136	 0.00649	0.006789	0.006253
      83	0.005599	0.005746	0.005925	0.006056	0.006487	0.006018
      84	0.005441	0.005497	0.005711	0.005945	  0.0061	 0.00576
      85	0.005232	0.005313	0.005525	0.005754	0.006059	0.005588
      86	0.005019	0.005107	0.005338	0.005587	0.005719	0.005374
      87	0.004879	0.004986	0.005076	0.005313	0.005647	0.005197
      88	0.004692	0.004804	0.004941	0.005188	0.005486	0.005091
      89	0.004657	0.004742	0.004892	0.004983	0.005296	0.004945
      90	0.004465	0.004542	0.004672	0.004837	0.005143	 0.00475
      91	0.004327	0.004367	0.004549	0.004716	0.004996	0.004601
      92	0.004199	 0.00432	0.004411	0.004599	0.004669	0.004447
      93	0.004047	0.004157	0.004324	0.004544	0.004741	0.004381
      94	0.004022	0.004134	0.004267	0.004434	  0.0046	0.004347
      95	0.003933	0.004074	0.004201	 0.00433	0.004677	0.004225
      96	0.003854	0.003943	0.004061	0.004353	0.004367	0.004134
      97	0.003758	0.003885	0.004033	0.004192	  0.0043	0.004065
      98	0.003718	0.003785	0.003911	0.004124	 0.00435	0.004006
      99	0.003588	 0.00368	0.003823	0.004034	0.004268	0.003906
     100	0.003452	 0.00359	0.003756	0.003879	0.004005	0.003738
     101	0.003324	0.003525	0.003672	0.003774	0.003942	0.003657
     102	  0.0033	0.003368	0.003621	 0.00377	0.003949	0.003659
     103	 0.00324	0.003384	0.003506	0.003638	0.003805	0.003566
     104	0.003159	0.003319	0.003453	0.003589	0.003789	0.003474
     105	0.003198	0.003315	0.003424	0.003506	0.003652	0.003422
     106	0.003189	0.003272	0.003379	0.003491	0.003558	0.003383
     107	0.003117	0.003214	0.003325	0.003399	0.003663	0.003348
     108	0.002978	0.003155	0.003258	0.003405	0.003536	0.003283
     109	 0.00304	0.003153	0.003266	0.003421	0.003533	0.003282
     110	0.003048	0.003078	0.003172	0.003312	0.003504	0.003233
     111	0.002989	0.003077	0.003187	0.003316	0.003427	0.003198
     112	0.002942	0.003006	0.003095	 0.00325	0.003336	0.003134
     113	0.002901	0.003015	0.003055	0.003217	0.003313	0.003112
     114	0.002933	0.002953	0.003055	0.003175	0.003312	0.003079
     115	0.002807	0.002879	0.002987	0.003152	0.003256	0.003037
     116	0.002753	0.002834	0.002952	  0.0031	0.003252	 0.00301
     117	0.002774	 0.00286	0.002973	0.003065	0.003212	0.002998
     118	0.002791	0.002867	 0.00295	0.003094	  0.0032	0.003022
     119	 0.00273	0.002848	0.002936	0.003044	0.003228	0.002974
     120	0.002737	0.002798	0.002869	0.002978	 0.00311	0.002939
     121	0.002742	0.002801	0.002921	0.003002	0.003105	0.002915
     122	0.002709	0.002789	 0.00285	0.002937	 0.00303	0.002862
     123	 0.00265	0.002739	 0.00283	0.002893	0.003063	0.002839
     124	0.002669	0.002733	0.002808	0.002922	0.003016	0.002859
     125	0.002673	0.002773	0.002863	0.002941	0.003088	0.002889
     126	0.002667	  0.0028	0.002899	0.002961	0.003054	0.002896
     127	0.002699	0.002772	0.002844	 0.00294	0.003048	0.002869
     128	0.002672	0.002713	0.002818	0.002964	0.003037	0.002859
     129	 0.00259	  0.0027	0.002825	0.002899	0.002958	0.002815
     130	0.002671	0.002731	0.002779	0.002964	0.003152	0.002856
     131	0.002702	0.002759	0.002813	0.003032	0.003153	0.002894
     132	0.002671	0.002745	0.002861	0.002974	0.003075	0.002875
     133	0.002751	0.002768	0.002881	 0.00297	0.003073	0.002906
     134	0.002757	0.002829	0.002871	 0.00298	0.003056	0.002905
     135	0.002801	0.002889	0.002967	0.003048	0.003165	0.002976
     136	0.002793	0.002865	0.002959	 0.00306	0.003177	0.002981
     137	0.002896	0.002951	0.003005	 0.00311	0.003156	0.003034
     138	0.002897	0.002966	0.003008	0.003083	0.003165	0.003027
     139	0.002862	0.002947	0.003018	0.003053	0.003172	0.003012
     140	0.002862	0.002914	0.003024	0.003045	0.003116	0.002998
     141	 0.00279	0.002855	0.002943	0.003032	0.003112	0.002951
     142	0.002823	0.002861	0.002917	0.002987	0.003053	 0.00293
     143	0.002793	0.002859	0.002906	0.003033	0.003063	0.002928
     144	0.002821	0.002844	0.002885	 0.00301	0.003088	0.002936
     145	0.002838	 0.00287	 0.00295	 0.00301	0.003068	0.002966
     146	0.002842	0.002874	0.002953	0.003013	 0.00307	0.002969
     147	0.002847	0.002878	0.002957	0.003017	0.003073	0.002973
     148	0.002851	0.002883	0.002961	 0.00302	0.003076	0.002977
     149	0.002856	0.002887	0.002965	0.003024	0.003079	 0.00298
     150	 0.00286	0.002891	0.002969	0.003028	0.003082	0.002984
     151	0.002865	0.002896	0.002973	0.003031	0.003085	0.002988
     152	0.002869	  0.0029	0.002977	0.003035	0.003088	0.002992
     153	0.002874	0.002904	0.002981	0.003039	0.003091	0.002996
     154	0.002878	0.002909	0.002985	0.003043	0.003095	   0.003
     155	0.002883	0.002913	0.002989	0.003047	0.003098	0.003004
     156	0.002887	0.002918	0.002994	 0.00305	0.003101	0.003008
     157	0.002892	0.002922	0.002998	0.003054	0.003105	0.003012
     158	0.002896	0.002926	0.003002	0.003058	0.003108	0.003016
     159	  0.0029	 0.00293	0.003006	0.003062	0.003111	 0.00302
     160	0.002904	0.002934	0.003009	0.003065	0.003114	0.003024
     161	0.002908	0.002938	0.003013	0.003069	0.003117	0.003027
     162	0.002912	0.002942	0.003017	0.003072	 0.00312	0.003031
     163	0.002916	0.002945	 0.00302	0.003075	0.003123	0.003034
     164	 0.00292	0.002949	0.003024	0.003079	0.003126	0.003037
     165	0.002923	0.002952	0.003027	0.003082	0.003129	 0.00304
     166	0.002926	0.002955	 0.00303	0.003084	0.003131	0.003043
     167	0.002929	0.002958	0.003033	0.003087	0.003134	0.003046
     168	0.002932	0.002961	0.003035	 0.00309	0.003136	0.003049
     169	0.002935	0.002964	0.003038	0.003092	0.003138	0.003051
     170	0.002937	0.002966	 0.00304	0.003094	 0.00314	0.003053
     171	0.002939	0.002968	0.003042	0.003096	0.003142	0.003055
     172	0.002941	 0.00297	0.003044	0.003098	0.003143	0.003057
     173	0.002943	0.002972	0.003046	0.003099	0.003145	0.003059
     174	0.002945	0.002973	0.003047	0.003101	0.003146	 0.00306
     175	0.002946	0.002975	0.003048	0.003102	0.003147	0.003061
     176	0.002947	0.002976	0.003049	0.003103	0.003148	0.003062
     177	0.002948	0.002977	 0.00305	0.003104	0.003149	0.003063
     178	0.002949	0.002977	0.003051	0.003104	0.003149	0.003064
     179	0.002949	0.002978	0.003051	0.003105	0.003149	0.003064
     180	0.002949	0.002978	0.003051	0.003105	0.003149	0.003064
