/*
Particulate absorption and scattering spectra, normalized by SPM 
Scattering spectra estimated from LISST-VSF PSD power-function fit (see Boss et al. 2013) scaled by LISST-VSF scattering coefficient at 532 nm 
Total (a_p) and MeOH-extracted (a_d) absorption spectra from UV/VIS spectrophotometer measurements with GF/F filter inside 15-cm integrating sphere
Correction for filter-pad pathlength amplification from Stramski et al. 2015 

Lat, Lon = 70.376, -147.815
Date Time UTC = 15-Aug-2021 18:05:00
Depth = 1.5 m
SPM = 1.90 g/m3
POC = 171.67 mg/m3
PSD power-law exponent (~1.5-147 µm) = 3.68 
Scattering spectra power-function exponent (400-700 nm) = 0.637 

Created by Daniel Koestner on 15-Jan-2024 15:28:38
Data Version: V4_10-Nov-2023

Column 1: wavelength [nm]
Column 2: a_p [m^2/g]
Column 3: a_d [m^2/g]
Column 4: b_p [m^2/g]
*/
     290	  0.2121	   0.203	    1.51
     291	  0.2104	   0.202	   1.507
     292	  0.2087	  0.2007	   1.504
     293	  0.2071	  0.1995	     1.5
     294	  0.2055	  0.1982	   1.497
     295	   0.204	   0.197	   1.494
     296	  0.2025	  0.1958	   1.491
     297	  0.2011	  0.1947	   1.487
     298	  0.1997	  0.1936	   1.484
     299	  0.1984	  0.1925	   1.481
     300	  0.1972	  0.1915	   1.478
     301	  0.1961	  0.1905	   1.475
     302	   0.195	  0.1896	   1.472
     303	   0.194	  0.1887	   1.469
     304	   0.193	  0.1878	   1.465
     305	  0.1921	  0.1869	   1.462
     306	  0.1912	  0.1861	   1.459
     307	  0.1903	  0.1853	   1.456
     308	  0.1895	  0.1844	   1.453
     309	  0.1886	  0.1836	    1.45
     310	  0.1878	  0.1828	   1.447
     311	  0.1871	   0.182	   1.444
     312	  0.1863	  0.1812	   1.441
     313	  0.1855	  0.1804	   1.439
     314	  0.1848	  0.1796	   1.436
     315	  0.1841	  0.1789	   1.433
     316	  0.1834	  0.1781	    1.43
     317	  0.1827	  0.1774	   1.427
     318	   0.182	  0.1767	   1.424
     319	  0.1813	   0.176	   1.421
     320	  0.1806	  0.1753	   1.418
     321	  0.1799	  0.1745	   1.416
     322	  0.1791	  0.1738	   1.413
     323	  0.1784	  0.1731	    1.41
     324	  0.1777	  0.1723	   1.407
     325	  0.1769	  0.1716	   1.404
     326	  0.1762	  0.1708	   1.402
     327	  0.1755	  0.1701	   1.399
     328	  0.1748	  0.1694	   1.396
     329	  0.1741	  0.1687	   1.394
     330	  0.1734	   0.168	   1.391
     331	  0.1727	  0.1674	   1.388
     332	  0.1721	  0.1667	   1.386
     333	  0.1714	  0.1661	   1.383
     334	  0.1707	  0.1654	    1.38
     335	    0.17	  0.1648	   1.378
     336	  0.1693	  0.1641	   1.375
     337	  0.1685	  0.1634	   1.372
     338	  0.1678	  0.1627	    1.37
     339	   0.167	   0.162	   1.367
     340	  0.1662	  0.1613	   1.365
     341	  0.1654	  0.1606	   1.362
     342	  0.1647	  0.1598	    1.36
     343	  0.1639	  0.1591	   1.357
     344	  0.1631	  0.1583	   1.355
     345	  0.1622	  0.1574	   1.352
     346	  0.1613	  0.1565	    1.35
     347	  0.1602	  0.1554	   1.347
     348	  0.1591	  0.1543	   1.345
     349	  0.1579	  0.1532	   1.342
     350	  0.1567	   0.152	    1.34
     351	  0.1556	   0.151	   1.337
     352	  0.1547	  0.1501	   1.335
     353	  0.1539	  0.1494	   1.332
     354	  0.1533	  0.1488	    1.33
     355	  0.1528	  0.1483	   1.328
     356	  0.1523	  0.1478	   1.325
     357	  0.1519	  0.1474	   1.323
     358	  0.1515	  0.1469	   1.321
     359	  0.1511	  0.1465	   1.318
     360	  0.1506	   0.146	   1.316
     361	  0.1501	  0.1454	   1.314
     362	  0.1495	  0.1448	   1.311
     363	  0.1489	  0.1442	   1.309
     364	  0.1483	  0.1436	   1.307
     365	  0.1476	  0.1429	   1.304
     366	  0.1469	  0.1421	   1.302
     367	  0.1461	  0.1413	     1.3
     368	  0.1452	  0.1404	   1.298
     369	  0.1443	  0.1394	   1.295
     370	  0.1434	  0.1384	   1.293
     371	  0.1424	  0.1375	   1.291
     372	  0.1415	  0.1365	   1.289
     373	  0.1406	  0.1355	   1.287
     374	  0.1397	  0.1345	   1.284
     375	  0.1388	  0.1336	   1.282
     376	  0.1379	  0.1327	    1.28
     377	   0.137	  0.1318	   1.278
     378	  0.1361	  0.1308	   1.276
     379	  0.1352	  0.1299	   1.274
     380	  0.1343	  0.1289	   1.271
     381	  0.1334	  0.1279	   1.269
     382	  0.1325	   0.127	   1.267
     383	  0.1315	   0.126	   1.265
     384	  0.1306	   0.125	   1.263
     385	  0.1296	   0.124	   1.261
     386	  0.1287	  0.1231	   1.259
     387	  0.1278	  0.1221	   1.257
     388	  0.1269	  0.1211	   1.255
     389	   0.126	  0.1202	   1.253
     390	  0.1251	  0.1193	   1.251
     391	  0.1242	  0.1183	   1.248
     392	  0.1233	  0.1174	   1.246
     393	  0.1225	  0.1165	   1.244
     394	  0.1216	  0.1157	   1.242
     395	  0.1208	  0.1148	    1.24
     396	    0.12	  0.1139	   1.238
     397	  0.1193	  0.1131	   1.236
     398	  0.1185	  0.1122	   1.234
     399	  0.1178	  0.1114	   1.233
     400	  0.1171	  0.1106	   1.231
     401	  0.1164	  0.1098	   1.229
     402	  0.1157	   0.109	   1.227
     403	   0.115	  0.1082	   1.225
     404	  0.1144	  0.1075	   1.223
     405	  0.1138	  0.1067	   1.221
     406	  0.1131	  0.1059	   1.219
     407	  0.1125	  0.1052	   1.217
     408	  0.1119	  0.1045	   1.215
     409	  0.1113	  0.1037	   1.213
     410	  0.1107	   0.103	   1.211
     411	  0.1101	  0.1022	   1.209
     412	  0.1095	  0.1015	   1.208
     413	  0.1089	  0.1007	   1.206
     414	  0.1083	     0.1	   1.204
     415	  0.1077	 0.09926	   1.202
     416	  0.1071	 0.09851	     1.2
     417	  0.1065	 0.09777	   1.198
     418	  0.1058	 0.09702	   1.197
     419	  0.1052	 0.09627	   1.195
     420	  0.1045	 0.09551	   1.193
     421	  0.1039	 0.09475	   1.191
     422	  0.1032	 0.09398	   1.189
     423	  0.1025	 0.09321	   1.188
     424	  0.1018	 0.09243	   1.186
     425	  0.1011	 0.09165	   1.184
     426	  0.1005	 0.09087	   1.182
     427	 0.09978	 0.09009	    1.18
     428	 0.09912	 0.08931	   1.179
     429	 0.09846	 0.08852	   1.177
     430	 0.09781	 0.08774	   1.175
     431	 0.09716	 0.08696	   1.173
     432	 0.09651	 0.08617	   1.172
     433	 0.09586	 0.08539	    1.17
     434	 0.09519	 0.08461	   1.168
     435	 0.09452	 0.08384	   1.167
     436	 0.09384	 0.08308	   1.165
     437	 0.09314	 0.08233	   1.163
     438	 0.09244	 0.08159	   1.161
     439	 0.09173	 0.08086	    1.16
     440	 0.09101	 0.08015	   1.158
     441	  0.0903	 0.07945	   1.156
     442	 0.08957	 0.07877	   1.155
     443	 0.08885	 0.07811	   1.153
     444	 0.08813	 0.07746	   1.151
     445	 0.08742	 0.07684	    1.15
     446	 0.08671	 0.07622	   1.148
     447	 0.08602	 0.07563	   1.147
     448	 0.08533	 0.07505	   1.145
     449	 0.08467	 0.07449	   1.143
     450	 0.08402	 0.07394	   1.142
     451	  0.0834	 0.07341	    1.14
     452	 0.08279	 0.07289	   1.138
     453	 0.08221	 0.07238	   1.137
     454	 0.08166	 0.07189	   1.135
     455	 0.08112	 0.07142	   1.134
     456	 0.08061	 0.07096	   1.132
     457	 0.08012	 0.07051	    1.13
     458	 0.07965	 0.07008	   1.129
     459	 0.07919	 0.06966	   1.127
     460	 0.07874	 0.06925	   1.126
     461	 0.07831	 0.06885	   1.124
     462	 0.07788	 0.06846	   1.123
     463	 0.07746	 0.06807	   1.121
     464	 0.07704	 0.06769	    1.12
     465	 0.07662	 0.06731	   1.118
     466	  0.0762	 0.06694	   1.117
     467	 0.07579	 0.06656	   1.115
     468	 0.07537	 0.06619	   1.113
     469	 0.07494	 0.06581	   1.112
     470	 0.07452	 0.06544	    1.11
     471	 0.07409	 0.06507	   1.109
     472	 0.07366	  0.0647	   1.107
     473	 0.07322	 0.06433	   1.106
     474	 0.07279	 0.06396	   1.104
     475	 0.07235	 0.06359	   1.103
     476	 0.07191	 0.06322	   1.102
     477	 0.07147	 0.06285	     1.1
     478	 0.07104	 0.06248	   1.099
     479	  0.0706	 0.06212	   1.097
     480	 0.07017	 0.06176	   1.096
     481	 0.06974	  0.0614	   1.094
     482	 0.06931	 0.06104	   1.093
     483	 0.06887	 0.06068	   1.091
     484	 0.06844	 0.06033	    1.09
     485	   0.068	 0.05998	   1.088
     486	 0.06756	 0.05962	   1.087
     487	 0.06711	 0.05926	   1.086
     488	 0.06665	  0.0589	   1.084
     489	 0.06619	 0.05854	   1.083
     490	 0.06572	 0.05817	   1.081
     491	 0.06525	  0.0578	    1.08
     492	 0.06477	 0.05744	   1.079
     493	 0.06428	 0.05706	   1.077
     494	 0.06379	 0.05669	   1.076
     495	 0.06329	 0.05632	   1.074
     496	 0.06278	 0.05595	   1.073
     497	 0.06228	 0.05558	   1.072
     498	 0.06177	 0.05521	    1.07
     499	 0.06126	 0.05484	   1.069
     500	 0.06076	 0.05448	   1.068
     501	 0.06026	 0.05412	   1.066
     502	 0.05976	 0.05375	   1.065
     503	 0.05926	 0.05339	   1.063
     504	 0.05877	 0.05303	   1.062
     505	 0.05828	 0.05266	   1.061
     506	 0.05779	 0.05229	   1.059
     507	 0.05731	 0.05193	   1.058
     508	 0.05684	 0.05157	   1.057
     509	 0.05637	 0.05122	   1.055
     510	  0.0559	 0.05087	   1.054
     511	 0.05545	 0.05052	   1.053
     512	   0.055	 0.05018	   1.052
     513	 0.05455	 0.04984	    1.05
     514	 0.05411	 0.04951	   1.049
     515	 0.05367	 0.04917	   1.048
     516	 0.05323	 0.04883	   1.046
     517	  0.0528	  0.0485	   1.045
     518	 0.05237	 0.04817	   1.044
     519	 0.05194	 0.04784	   1.043
     520	 0.05152	 0.04751	   1.041
     521	  0.0511	 0.04719	    1.04
     522	 0.05069	 0.04687	   1.039
     523	 0.05028	 0.04656	   1.037
     524	 0.04988	 0.04625	   1.036
     525	 0.04949	 0.04595	   1.035
     526	  0.0491	 0.04564	   1.034
     527	 0.04872	 0.04534	   1.032
     528	 0.04834	 0.04504	   1.031
     529	 0.04797	 0.04475	    1.03
     530	 0.04761	 0.04445	   1.029
     531	 0.04725	 0.04416	   1.027
     532	  0.0469	 0.04387	   1.026
     533	 0.04655	 0.04359	   1.025
     534	 0.04621	  0.0433	   1.024
     535	 0.04587	 0.04302	   1.023
     536	 0.04553	 0.04274	   1.021
     537	 0.04519	 0.04247	    1.02
     538	 0.04486	  0.0422	   1.019
     539	 0.04454	 0.04194	   1.018
     540	 0.04422	 0.04167	   1.017
     541	  0.0439	 0.04142	   1.015
     542	 0.04358	 0.04116	   1.014
     543	 0.04327	  0.0409	   1.013
     544	 0.04296	 0.04064	   1.012
     545	 0.04264	 0.04038	   1.011
     546	 0.04233	 0.04012	   1.009
     547	 0.04202	 0.03987	   1.008
     548	 0.04172	 0.03961	   1.007
     549	 0.04142	 0.03936	   1.006
     550	 0.04112	 0.03911	   1.005
     551	 0.04083	 0.03886	   1.004
     552	 0.04054	 0.03862	   1.002
     553	 0.04026	 0.03838	   1.001
     554	 0.03998	 0.03814	       1
     555	 0.03971	 0.03791	  0.9989
     556	 0.03945	 0.03768	  0.9978
     557	  0.0392	 0.03745	  0.9966
     558	 0.03895	 0.03724	  0.9955
     559	 0.03871	 0.03702	  0.9944
     560	 0.03848	 0.03682	  0.9932
     561	 0.03826	 0.03661	  0.9921
     562	 0.03804	 0.03641	   0.991
     563	 0.03784	 0.03622	  0.9899
     564	 0.03763	 0.03603	  0.9887
     565	 0.03744	 0.03585	  0.9876
     566	 0.03725	 0.03567	  0.9865
     567	 0.03706	  0.0355	  0.9854
     568	 0.03689	 0.03533	  0.9843
     569	 0.03672	 0.03516	  0.9832
     570	 0.03655	   0.035	  0.9821
     571	  0.0364	 0.03484	   0.981
     572	 0.03625	 0.03469	  0.9799
     573	 0.03611	 0.03453	  0.9788
     574	 0.03597	 0.03439	  0.9777
     575	 0.03584	 0.03424	  0.9767
     576	 0.03571	 0.03409	  0.9756
     577	 0.03558	 0.03395	  0.9745
     578	 0.03546	 0.03381	  0.9734
     579	 0.03533	 0.03367	  0.9724
     580	  0.0352	 0.03353	  0.9713
     581	 0.03508	 0.03339	  0.9702
     582	 0.03495	 0.03326	  0.9692
     583	 0.03483	 0.03313	  0.9681
     584	 0.03471	   0.033	   0.967
     585	 0.03459	 0.03287	   0.966
     586	 0.03447	 0.03275	  0.9649
     587	 0.03435	 0.03262	  0.9639
     588	 0.03422	  0.0325	  0.9629
     589	  0.0341	 0.03238	  0.9618
     590	 0.03398	 0.03225	  0.9608
     591	 0.03386	 0.03213	  0.9597
     592	 0.03373	 0.03201	  0.9587
     593	 0.03361	 0.03189	  0.9577
     594	 0.03349	 0.03177	  0.9567
     595	 0.03337	 0.03165	  0.9556
     596	 0.03325	 0.03154	  0.9546
     597	 0.03313	 0.03142	  0.9536
     598	 0.03301	  0.0313	  0.9526
     599	 0.03288	 0.03118	  0.9516
     600	 0.03276	 0.03106	  0.9505
     601	 0.03264	 0.03094	  0.9495
     602	 0.03251	 0.03082	  0.9485
     603	  0.0324	 0.03071	  0.9475
     604	 0.03228	  0.0306	  0.9465
     605	 0.03217	 0.03049	  0.9455
     606	 0.03207	 0.03038	  0.9445
     607	 0.03198	 0.03028	  0.9436
     608	 0.03189	 0.03018	  0.9426
     609	 0.03181	 0.03008	  0.9416
     610	 0.03174	 0.02998	  0.9406
     611	 0.03167	 0.02988	  0.9396
     612	 0.03159	 0.02978	  0.9386
     613	 0.03152	 0.02967	  0.9377
     614	 0.03145	 0.02957	  0.9367
     615	 0.03137	 0.02947	  0.9357
     616	  0.0313	 0.02937	  0.9348
     617	 0.03122	 0.02927	  0.9338
     618	 0.03114	 0.02917	  0.9328
     619	 0.03106	 0.02908	  0.9319
     620	 0.03097	 0.02898	  0.9309
     621	 0.03089	 0.02889	    0.93
     622	  0.0308	 0.02879	   0.929
     623	 0.03072	  0.0287	  0.9281
     624	 0.03064	  0.0286	  0.9271
     625	 0.03055	  0.0285	  0.9262
     626	 0.03047	 0.02839	  0.9252
     627	  0.0304	 0.02829	  0.9243
     628	 0.03032	 0.02819	  0.9233
     629	 0.03024	 0.02808	  0.9224
     630	 0.03017	 0.02798	  0.9215
     631	  0.0301	 0.02788	  0.9205
     632	 0.03003	 0.02777	  0.9196
     633	 0.02996	 0.02768	  0.9187
     634	 0.02989	 0.02758	  0.9178
     635	 0.02982	 0.02748	  0.9168
     636	 0.02975	 0.02739	  0.9159
     637	 0.02968	  0.0273	   0.915
     638	 0.02962	 0.02722	  0.9141
     639	 0.02956	 0.02713	  0.9132
     640	  0.0295	 0.02705	  0.9123
     641	 0.02945	 0.02698	  0.9114
     642	 0.02941	 0.02691	  0.9105
     643	 0.02936	 0.02684	  0.9096
     644	 0.02932	 0.02678	  0.9087
     645	 0.02927	 0.02671	  0.9078
     646	 0.02923	 0.02665	  0.9069
     647	 0.02919	 0.02658	   0.906
     648	 0.02914	  0.0265	  0.9051
     649	  0.0291	 0.02643	  0.9042
     650	 0.02905	 0.02635	  0.9033
     651	 0.02901	 0.02626	  0.9024
     652	 0.02897	 0.02618	  0.9016
     653	 0.02893	  0.0261	  0.9007
     654	 0.02891	 0.02601	  0.8998
     655	 0.02891	 0.02593	  0.8989
     656	 0.02892	 0.02585	   0.898
     657	 0.02895	 0.02576	  0.8972
     658	   0.029	 0.02568	  0.8963
     659	 0.02907	 0.02559	  0.8954
     660	 0.02916	  0.0255	  0.8946
     661	 0.02928	 0.02541	  0.8937
     662	 0.02941	 0.02532	  0.8929
     663	 0.02955	 0.02523	   0.892
     664	 0.02971	 0.02514	  0.8911
     665	 0.02987	 0.02505	  0.8903
     666	 0.03003	 0.02497	  0.8894
     667	 0.03018	 0.02489	  0.8886
     668	 0.03032	 0.02481	  0.8877
     669	 0.03044	 0.02473	  0.8869
     670	 0.03053	 0.02465	  0.8861
     671	 0.03058	 0.02457	  0.8852
     672	 0.03061	 0.02449	  0.8844
     673	 0.03059	 0.02441	  0.8835
     674	 0.03053	 0.02433	  0.8827
     675	 0.03043	 0.02426	  0.8819
     676	 0.03029	 0.02418	   0.881
     677	 0.03011	 0.02411	  0.8802
     678	 0.02988	 0.02403	  0.8794
     679	 0.02962	 0.02396	  0.8786
     680	 0.02932	 0.02388	  0.8777
     681	 0.02898	 0.02381	  0.8769
     682	 0.02862	 0.02374	  0.8761
     683	 0.02823	 0.02367	  0.8753
     684	 0.02783	  0.0236	  0.8745
     685	 0.02742	 0.02353	  0.8737
     686	 0.02702	 0.02345	  0.8728
     687	 0.02662	 0.02338	   0.872
     688	 0.02623	 0.02331	  0.8712
     689	 0.02586	 0.02323	  0.8704
     690	 0.02552	 0.02316	  0.8696
     691	  0.0252	 0.02309	  0.8688
     692	 0.02491	 0.02303	   0.868
     693	 0.02464	 0.02296	  0.8672
     694	  0.0244	  0.0229	  0.8664
     695	 0.02417	 0.02284	  0.8656
     696	 0.02397	 0.02277	  0.8648
     697	 0.02378	 0.02271	   0.864
     698	  0.0236	 0.02264	  0.8633
     699	 0.02344	 0.02257	  0.8625
     700	 0.02329	  0.0225	  0.8617
     701	 0.02314	 0.02243	  0.8609
     702	 0.02301	 0.02236	  0.8601
     703	 0.02289	 0.02229	  0.8593
     704	 0.02278	 0.02222	  0.8586
     705	 0.02267	 0.02215	  0.8578
     706	 0.02257	 0.02208	   0.857
     707	 0.02248	 0.02201	  0.8562
     708	 0.02239	 0.02195	  0.8555
     709	 0.02231	 0.02188	  0.8547
     710	 0.02223	 0.02182	  0.8539
     711	 0.02215	 0.02175	  0.8532
     712	 0.02208	 0.02169	  0.8524
     713	 0.02201	 0.02164	  0.8516
     714	 0.02193	 0.02158	  0.8509
     715	 0.02186	 0.02154	  0.8501
     716	 0.02179	 0.02149	  0.8494
     717	 0.02172	 0.02145	  0.8486
     718	 0.02165	 0.02141	  0.8479
     719	 0.02159	 0.02137	  0.8471
     720	 0.02152	 0.02133	  0.8464
     721	 0.02146	 0.02129	  0.8456
     722	  0.0214	 0.02124	  0.8449
     723	 0.02133	  0.0212	  0.8441
     724	 0.02127	 0.02114	  0.8434
     725	  0.0212	 0.02108	  0.8426
     726	 0.02113	 0.02102	  0.8419
     727	 0.02105	 0.02095	  0.8412
     728	 0.02098	 0.02088	  0.8404
     729	  0.0209	 0.02082	  0.8397
     730	 0.02083	 0.02075	   0.839
     731	 0.02075	 0.02069	  0.8382
     732	 0.02068	 0.02063	  0.8375
     733	 0.02061	 0.02057	  0.8368
     734	 0.02054	 0.02052	  0.8361
     735	 0.02047	 0.02046	  0.8353
     736	  0.0204	  0.0204	  0.8346
     737	 0.02033	 0.02034	  0.8339
     738	 0.02026	 0.02028	  0.8332
     739	 0.02019	 0.02022	  0.8324
     740	 0.02013	 0.02016	  0.8317
     741	 0.02008	 0.02011	   0.831
     742	 0.02003	 0.02006	  0.8303
     743	 0.01998	 0.02002	  0.8296
     744	 0.01993	 0.01997	  0.8289
     745	 0.01988	 0.01992	  0.8282
     746	 0.01983	 0.01987	  0.8275
     747	 0.01976	 0.01982	  0.8268
     748	  0.0197	 0.01976	  0.8261
     749	 0.01962	  0.0197	  0.8254
     750	 0.01955	 0.01963	  0.8247
     751	 0.01948	 0.01957	   0.824
     752	 0.01941	 0.01952	  0.8233
     753	 0.01935	 0.01946	  0.8226
     754	 0.01929	 0.01941	  0.8219
     755	 0.01923	 0.01936	  0.8212
     756	 0.01918	 0.01931	  0.8205
     757	 0.01913	 0.01925	  0.8198
     758	 0.01908	  0.0192	  0.8191
     759	 0.01902	 0.01913	  0.8184
     760	 0.01897	 0.01907	  0.8177
     761	 0.01891	 0.01899	   0.817
     762	 0.01885	 0.01891	  0.8164
     763	 0.01878	 0.01883	  0.8157
     764	 0.01872	 0.01874	   0.815
     765	 0.01866	 0.01865	  0.8143
     766	  0.0186	 0.01857	  0.8136
     767	 0.01854	  0.0185	   0.813
     768	  0.0185	 0.01844	  0.8123
     769	 0.01845	 0.01839	  0.8116
     770	 0.01841	 0.01835	  0.8109
     771	 0.01837	 0.01831	  0.8103
     772	 0.01834	 0.01828	  0.8096
     773	  0.0183	 0.01825	  0.8089
     774	 0.01826	 0.01821	  0.8083
     775	 0.01822	 0.01818	  0.8076
     776	 0.01817	 0.01813	  0.8069
     777	 0.01812	 0.01808	  0.8063
     778	 0.01806	 0.01803	  0.8056
     779	   0.018	 0.01797	   0.805
     780	 0.01794	 0.01791	  0.8043
     781	 0.01788	 0.01785	  0.8037
     782	 0.01782	 0.01779	   0.803
     783	 0.01776	 0.01773	  0.8023
     784	 0.01771	 0.01767	  0.8017
     785	 0.01767	 0.01762	   0.801
     786	 0.01762	 0.01757	  0.8004
     787	 0.01758	 0.01753	  0.7997
     788	 0.01755	 0.01748	  0.7991
     789	 0.01751	 0.01744	  0.7985
     790	 0.01747	  0.0174	  0.7978
     791	 0.01743	 0.01736	  0.7972
     792	 0.01739	 0.01732	  0.7965
     793	 0.01734	 0.01729	  0.7959
     794	  0.0173	 0.01725	  0.7953
     795	 0.01725	 0.01721	  0.7946
     796	 0.01719	 0.01717	   0.794
     797	 0.01713	 0.01713	  0.7933
     798	 0.01707	 0.01709	  0.7927
     799	 0.01701	 0.01705	  0.7921
     800	 0.01695	   0.017	  0.7915
