/*
Scattering Phase Functions [1/sr] at 532 nm from LISST-VSF (SN 1475), Percentiles and mean
Volume scattering function corrected and extrapolated to 180ยบ following Koestner et al. 2018 

Dilution-corrected (if applicable) IOPs [1/m], Percentiles and mean;
bbp = 0.033772	0.035195	0.037063	0.039350	0.042383	0.037858
bp = 1.860980	1.896604	1.946721	2.004356	2.058939	1.954926
cp = 2.305930	2.354350	2.421170	2.495983	2.551251	2.426481

Lat, Lon = 70.376, -147.815
Date Time UTC = 15-Aug-2021 18:05:00
Depth = 1.5 m
SPM = 1.90 g/m3
POC/SPM = 0.09 

Created by Daniel Koestner on 15-Jan-2024 15:28:35
Data Version: V4_10-Nov-2023

Column 1: Angle [deg]
Column 2: 10th Percentile Data
Column 3: 25th Percentile Data
Column 4: 50th Percentile Data
Column 5: 75th Percentile Data
Column 6: 90th Percentile Data
Column 7: Mean Data
*/
 0.08357	    1564	    1646	    1808	    1920	    2006	    1790
 0.09861	    1311	    1378	    1518	    1629	    1703	    1509
  0.1164	    1041	    1092	    1206	    1312	    1373	    1205
  0.1373	   768.7	   805.8	   888.4	   981.7	    1026	   894.4
  0.1621	   537.8	   564.3	   616.8	   687.8	   715.3	   624.9
  0.1912	   374.2	   393.3	   423.5	   468.1	   482.1	   429.1
  0.2257	   281.4	   294.8	   312.1	   334.9	   340.9	   313.8
  0.2663	   234.2	   242.2	   251.3	   259.8	   261.9	   250.6
  0.3143	   207.9	   211.3	   214.7	   216.3	   216.7	   213.6
  0.3708	   180.4	   180.7	   180.4	   179.3	   178.6	   179.8
  0.4376	   152.1	   151.3	   149.9	   148.3	   147.1	   149.6
  0.5164	   122.3	   121.5	   120.3	   118.7	   117.5	   119.9
  0.6094	   102.2	   101.4	   100.1	   98.55	   97.36	   99.75
  0.7191	   82.62	   81.94	   80.71	   79.33	   78.16	   80.43
  0.8486	   70.91	   70.26	    69.1	   67.78	   66.58	   68.83
   1.001	   57.93	   57.44	   56.47	   55.32	   54.38	   56.24
   1.182	      50	   49.55	   48.72	   47.74	   46.86	    48.5
   1.394	   41.49	   41.08	   40.37	   39.61	   38.88	   40.22
   1.645	   35.17	   34.79	   34.15	   33.56	   32.97	   34.06
   1.941	   28.85	   28.53	   27.98	   27.55	   27.11	   27.95
    2.29	   23.35	   23.01	   22.61	   22.22	   21.88	   22.56
   2.701	   18.07	   17.84	   17.55	   17.28	      17	   17.51
   3.185	    14.5	   14.33	    14.1	   13.84	   13.65	   14.06
   3.756	   11.21	   11.09	   10.91	   10.74	   10.56	   10.88
   4.428	   7.453	   7.388	   7.272	   7.152	   7.054	   7.255
   5.218	   5.287	   5.263	   5.208	   5.154	   5.089	   5.195
   6.146	   3.802	   3.774	   3.802	   3.757	   3.701	    3.77
   7.232	   2.845	   2.841	   2.843	   2.852	   2.851	   2.844
   8.502	   1.928	   1.929	   1.931	   1.935	   1.936	   1.931
   9.981	   1.311	   1.314	   1.316	   1.317	   1.319	   1.315
   11.69	  0.8959	  0.8995	  0.9012	  0.9012	  0.9031	  0.9001
   13.67	   0.616	  0.6196	   0.621	  0.6204	  0.6222	    0.62
      15	  0.4923	  0.4958	   0.497	  0.4962	  0.4979	   0.496
      16	  0.4259	  0.4255	  0.4265	  0.4287	  0.4266	  0.4272
      17	  0.3699	  0.3696	  0.3704	  0.3692	  0.3677	  0.3695
      18	  0.3228	  0.3218	  0.3246	  0.3237	  0.3231	  0.3235
      19	  0.2839	  0.2861	   0.291	  0.2906	  0.2892	  0.2883
      20	  0.2511	  0.2531	  0.2588	  0.2597	  0.2564	  0.2561
      21	  0.2223	   0.223	  0.2284	  0.2279	  0.2285	  0.2264
      22	  0.1961	  0.1982	  0.2007	  0.2052	  0.2111	  0.2024
      23	  0.1768	  0.1799	  0.1815	  0.1836	   0.186	  0.1822
      24	  0.1609	  0.1618	  0.1622	   0.163	  0.1672	  0.1631
      25	  0.1438	  0.1448	  0.1457	  0.1477	   0.153	  0.1471
      26	   0.129	  0.1312	  0.1326	  0.1354	  0.1374	   0.133
      27	   0.118	  0.1189	  0.1209	  0.1221	  0.1247	   0.121
      28	  0.1069	   0.108	  0.1092	  0.1107	  0.1122	  0.1094
      29	 0.09826	 0.09887	  0.1001	  0.1006	  0.1023	  0.1001
      30	 0.09047	 0.09131	 0.09087	 0.09363	 0.09621	 0.09235
      31	 0.08266	 0.08335	 0.08404	 0.08558	  0.0865	  0.0844
      32	 0.07659	 0.07674	 0.07692	 0.07835	 0.08072	 0.07832
      33	 0.07041	 0.07061	 0.07175	 0.07344	 0.07633	 0.07257
      34	  0.0644	 0.06555	 0.06592	 0.06774	 0.07005	 0.06702
      35	 0.06016	 0.06071	 0.06188	 0.06342	 0.06499	 0.06212
      36	 0.05476	 0.05577	  0.0574	 0.05829	 0.05912	 0.05725
      37	 0.05055	 0.05211	 0.05309	 0.05436	 0.05496	 0.05312
      38	  0.0471	 0.04815	 0.04958	 0.05015	 0.05036	 0.04932
      39	 0.04399	 0.04481	 0.04567	 0.04685	 0.04972	 0.04636
      40	 0.04075	 0.04179	 0.04268	 0.04405	 0.04547	 0.04324
      41	 0.03899	 0.03975	 0.04075	 0.04202	 0.04312	 0.04107
      42	 0.03741	 0.03783	 0.03849	 0.03968	 0.04068	 0.03888
      43	 0.03551	 0.03583	 0.03639	 0.03724	 0.03807	 0.03666
      44	 0.03352	 0.03365	 0.03426	 0.03496	 0.03584	 0.03442
      45	 0.03112	 0.03156	 0.03188	 0.03281	 0.03301	 0.03217
      46	 0.02852	 0.02932	 0.02965	 0.03047	 0.03083	  0.0299
      47	 0.02601	 0.02681	 0.02734	 0.02801	  0.0293	 0.02763
      48	 0.02505	 0.02532	 0.02572	 0.02658	 0.02704	  0.0261
      49	 0.02371	  0.0238	 0.02436	 0.02499	  0.0258	 0.02467
      50	  0.0227	 0.02282	 0.02328	 0.02375	 0.02482	 0.02367
      51	 0.02123	 0.02149	 0.02175	 0.02233	 0.02285	 0.02222
      52	 0.01991	 0.02023	 0.02055	 0.02121	 0.02156	 0.02086
      53	 0.01894	 0.01929	 0.01963	 0.02028	 0.02129	 0.01991
      54	 0.01814	  0.0182	 0.01863	 0.01925	 0.01956	 0.01891
      55	 0.01737	 0.01739	 0.01771	  0.0181	 0.01858	 0.01784
      56	 0.01637	 0.01656	 0.01681	 0.01726	 0.01777	 0.01703
      57	 0.01527	 0.01562	 0.01579	  0.0167	 0.01709	 0.01612
      58	 0.01457	  0.0149	 0.01527	 0.01611	 0.01679	 0.01572
      59	 0.01414	 0.01434	 0.01457	 0.01522	 0.01643	 0.01498
      60	 0.01325	 0.01332	 0.01368	 0.01423	 0.01541	 0.01411
      61	 0.01246	 0.01288	 0.01309	  0.0134	 0.01393	 0.01323
      62	 0.01189	 0.01218	 0.01244	 0.01272	  0.0136	 0.01275
      63	 0.01112	  0.0116	 0.01212	 0.01246	 0.01312	 0.01235
      64	 0.01059	 0.01098	 0.01138	 0.01206	 0.01298	 0.01168
      65	 0.01025	 0.01049	 0.01087	 0.01132	 0.01194	 0.01108
      66	0.009987	 0.01012	 0.01033	 0.01065	 0.01156	 0.01062
      67	0.009597	 0.00973	0.009879	 0.01043	 0.01114	 0.01028
      68	0.009191	0.009333	0.009515	0.009729	 0.01046	0.009685
      69	0.008791	0.008996	0.009148	0.009375	 0.00978	0.009342
      70	0.008467	0.008603	0.008764	0.009114	0.009424	0.008963
      71	0.008001	0.008378	0.008522	0.008859	 0.00912	0.008709
      72	0.007771	0.007972	0.008181	0.008478	0.009366	0.008442
      73	0.007475	0.007656	   0.008	0.008182	0.009316	0.008161
      74	0.007246	0.007421	0.007595	0.007941	0.008398	 0.00781
      75	0.006911	0.007075	0.007248	 0.00763	0.008299	0.007531
      76	0.006648	 0.00685	0.006924	0.007278	0.008014	0.007238
      77	 0.00646	0.006565	0.006725	0.006956	0.007457	0.006883
      78	0.006182	0.006303	0.006502	0.006767	0.006957	0.006586
      79	0.005897	0.006075	0.006301	0.006625	0.006901	0.006436
      80	0.005674	0.005886	0.006056	0.006459	0.006708	0.006177
      81	0.005573	0.005772	0.005933	0.006124	0.006456	0.005994
      82	0.005512	0.005571	0.005715	 0.00599	0.006476	0.005841
      83	0.005196	0.005352	0.005547	0.005764	0.006218	0.005685
      84	 0.00518	0.005219	0.005314	0.005594	0.005917	0.005487
      85	0.004952	0.005005	0.005166	0.005391	 0.00579	 0.00528
      86	0.004756	0.004851	0.004936	0.005186	 0.00544	0.005077
      87	0.004579	0.004653	0.004833	0.005097	0.005274	0.004935
      88	0.004479	0.004527	0.004677	 0.00489	 0.00518	0.004772
      89	0.004371	0.004464	0.004557	0.004725	0.005089	0.004661
      90	0.004245	0.004437	0.004482	0.004628	0.004835	0.004549
      91	0.004102	 0.00424	0.004475	0.004573	0.004699	0.004432
      92	0.003994	 0.00417	0.004309	0.004465	0.004585	0.004322
      93	0.003881	0.004055	0.004181	0.004293	0.004538	 0.00418
      94	0.003669	0.003928	0.004074	0.004219	 0.00438	0.004077
      95	0.003631	0.003757	0.003902	0.004104	0.004228	0.003943
      96	0.003569	0.003675	0.003824	0.003953	0.004159	0.003905
      97	0.003481	0.003562	0.003734	0.003865	0.003983	0.003779
      98	0.003479	0.003551	0.003694	0.003794	0.003896	0.003698
      99	0.003339	0.003441	0.003596	0.003702	0.003871	0.003636
     100	0.003306	0.003412	0.003503	0.003577	0.003977	0.003704
     101	0.003234	 0.00331	0.003358	0.003652	0.003908	0.003611
     102	0.003201	0.003261	0.003359	0.003531	0.003745	0.003469
     103	0.003112	0.003167	0.003318	0.003417	0.003612	0.003366
     104	0.003068	0.003182	0.003228	0.003427	0.003686	0.003358
     105	0.003033	0.003099	0.003175	0.003261	0.003615	0.003259
     106	0.002968	0.003074	 0.00313	0.003234	0.003415	0.003202
     107	0.002946	0.003021	0.003088	0.003159	0.003222	0.003117
     108	0.002857	0.002952	0.003017	0.003112	0.003214	0.003059
     109	 0.00283	0.002937	0.002995	0.003122	0.003263	0.003061
     110	0.002841	0.002889	0.002968	0.003052	0.003174	0.003018
     111	0.002735	0.002852	0.002948	0.003035	0.003197	0.002971
     112	0.002723	0.002802	 0.00297	0.003019	0.003158	0.002973
     113	0.002712	0.002755	0.002856	0.003028	0.003195	0.002926
     114	0.002702	0.002756	0.002831	0.002855	0.003031	0.002865
     115	0.002713	0.002735	0.002786	0.002865	0.002935	0.002849
     116	0.002635	0.002707	0.002767	0.002843	0.003105	0.002812
     117	0.002634	0.002669	0.002734	0.002837	0.003028	0.002802
     118	0.002578	0.002663	0.002719	0.002796	0.003095	0.002831
     119	0.002579	0.002621	 0.00271	0.002838	 0.00317	0.002787
     120	0.002555	0.002616	0.002697	0.002773	0.002985	0.002749
     121	0.002585	0.002629	0.002711	 0.00286	0.002933	0.002785
     122	0.002558	0.002587	0.002668	0.002791	0.002924	0.002735
     123	0.002549	0.002616	0.002654	0.002742	0.002793	0.002689
     124	0.002524	0.002601	0.002656	0.002718	 0.00282	0.002684
     125	0.002575	0.002608	0.002618	0.002671	0.002836	0.002675
     126	 0.00255	0.002593	0.002638	0.002681	0.002876	0.002682
     127	 0.00251	0.002577	0.002634	0.002677	0.002861	0.002662
     128	0.002526	0.002588	0.002624	 0.00272	0.002979	0.002709
     129	0.002537	0.002565	0.002627	0.002697	0.002868	0.002685
     130	0.002553	0.002589	0.002629	0.002702	0.002871	0.002691
     131	0.002572	0.002621	 0.00267	0.002719	 0.00281	0.002703
     132	 0.00261	0.002655	0.002705	0.002789	0.002889	 0.00275
     133	0.002611	0.002655	0.002714	0.002762	0.002872	0.002732
     134	0.002624	0.002659	0.002729	0.002813	0.002888	0.002759
     135	0.002669	 0.00272	0.002765	0.002848	0.002931	0.002795
     136	0.002685	0.002746	0.002807	0.002876	0.002887	0.002813
     137	0.002734	0.002753	0.002832	 0.00288	0.003016	0.002853
     138	0.002656	0.002762	0.002797	0.002885	0.002906	0.002825
     139	0.002682	0.002735	0.002795	0.002853	0.002866	0.002791
     140	0.002684	0.002695	  0.0028	0.002837	0.002913	0.002793
     141	0.002692	0.002729	0.002778	0.002851	0.002915	0.002806
     142	0.002646	0.002686	0.002705	0.002803	0.002892	 0.00277
     143	0.002676	0.002685	0.002727	0.002816	0.002937	 0.00278
     144	0.002675	0.002688	0.002759	0.002863	0.002934	0.002814
     145	0.002692	0.002726	 0.00278	0.002809	0.002921	0.002817
     146	0.002696	0.002729	0.002783	0.002811	0.002923	 0.00282
     147	0.002701	0.002733	0.002786	0.002814	0.002925	0.002823
     148	0.002705	0.002736	0.002789	0.002816	0.002928	0.002826
     149	0.002709	 0.00274	0.002792	0.002819	 0.00293	0.002829
     150	0.002714	0.002744	0.002795	0.002822	0.002933	0.002832
     151	0.002719	0.002747	0.002798	0.002824	0.002935	0.002836
     152	0.002723	0.002751	0.002801	0.002827	0.002938	0.002839
     153	0.002728	0.002755	0.002805	 0.00283	0.002941	0.002842
     154	0.002732	0.002759	0.002808	0.002833	0.002944	0.002846
     155	0.002737	0.002763	0.002811	0.002836	0.002946	0.002849
     156	0.002741	0.002766	0.002815	0.002839	0.002949	0.002853
     157	0.002746	 0.00277	0.002818	0.002842	0.002952	0.002856
     158	 0.00275	0.002774	0.002821	0.002845	0.002955	0.002859
     159	0.002754	0.002777	0.002824	0.002848	0.002958	0.002863
     160	0.002758	0.002781	0.002828	0.002851	 0.00296	0.002866
     161	0.002762	0.002784	0.002831	0.002854	0.002963	0.002869
     162	0.002766	0.002787	0.002834	0.002856	0.002966	0.002872
     163	 0.00277	 0.00279	0.002836	0.002859	0.002968	0.002875
     164	0.002773	0.002794	0.002839	0.002862	0.002971	0.002878
     165	0.002777	0.002796	0.002842	0.002864	0.002973	 0.00288
     166	 0.00278	0.002799	0.002844	0.002866	0.002975	0.002883
     167	0.002783	0.002802	0.002847	0.002869	0.002977	0.002885
     168	0.002786	0.002804	0.002849	0.002871	0.002979	0.002887
     169	0.002788	0.002806	0.002851	0.002872	0.002981	 0.00289
     170	0.002791	0.002809	0.002853	0.002874	0.002983	0.002891
     171	0.002793	 0.00281	0.002855	0.002876	0.002984	0.002893
     172	0.002795	0.002812	0.002856	0.002877	0.002986	0.002895
     173	0.002796	0.002814	0.002857	0.002879	0.002987	0.002896
     174	0.002798	0.002815	0.002859	 0.00288	0.002988	0.002898
     175	0.002799	0.002816	 0.00286	0.002881	0.002989	0.002899
     176	  0.0028	0.002817	0.002861	0.002881	 0.00299	0.002899
     177	0.002801	0.002818	0.002861	0.002882	 0.00299	  0.0029
     178	0.002802	0.002818	0.002862	0.002883	0.002991	0.002901
     179	0.002802	0.002819	0.002862	0.002883	0.002991	0.002901
     180	0.002802	0.002819	0.002862	0.002883	0.002991	0.002901
