/*
Particulate absorption and scattering spectra, normalized by SPM 
Scattering spectra estimated from LISST-VSF PSD power-function fit (see Boss et al. 2013) scaled by LISST-VSF scattering coefficient at 532 nm 
Total (a_p) and MeOH-extracted (a_d) absorption spectra from UV/VIS spectrophotometer measurements with GF/F filter inside 15-cm integrating sphere
Correction for filter-pad pathlength amplification from Stramski et al. 2015 

Lat, Lon = 70.104, -145.186
Date Time UTC = 13-Aug-2021 21:25:00
Depth = 1.5 m
SPM = 0.27 g/m3
POC = 60.99 mg/m3
PSD power-law exponent (~1.5-147 µm) = 3.77 
Scattering spectra power-function exponent (400-700 nm) = 0.285 

Created by Daniel Koestner on 15-Jan-2024 15:28:38
Data Version: V4_10-Nov-2023

Column 1: wavelength [nm]
Column 2: a_p [m^2/g]
Column 3: a_d [m^2/g]
Column 4: b_p [m^2/g]
*/
     290	  0.1783	  0.1536	  0.6791
     291	  0.1758	  0.1527	  0.6785
     292	  0.1729	  0.1508	  0.6778
     293	    0.17	   0.149	  0.6771
     294	  0.1671	  0.1471	  0.6765
     295	  0.1644	  0.1451	  0.6758
     296	  0.1618	  0.1433	  0.6752
     297	  0.1595	  0.1416	  0.6745
     298	  0.1574	    0.14	  0.6739
     299	  0.1556	  0.1385	  0.6732
     300	  0.1541	  0.1372	  0.6726
     301	  0.1528	  0.1361	   0.672
     302	  0.1517	  0.1351	  0.6713
     303	  0.1507	  0.1342	  0.6707
     304	  0.1499	  0.1334	  0.6701
     305	  0.1492	  0.1327	  0.6694
     306	  0.1485	  0.1319	  0.6688
     307	  0.1478	  0.1312	  0.6682
     308	  0.1472	  0.1305	  0.6676
     309	  0.1466	  0.1298	  0.6669
     310	  0.1461	  0.1291	  0.6663
     311	  0.1455	  0.1285	  0.6657
     312	  0.1451	   0.128	  0.6651
     313	  0.1446	  0.1275	  0.6645
     314	  0.1442	  0.1271	  0.6639
     315	  0.1438	  0.1267	  0.6633
     316	  0.1435	  0.1263	  0.6627
     317	  0.1431	  0.1259	  0.6621
     318	  0.1428	  0.1255	  0.6615
     319	  0.1424	  0.1251	  0.6609
     320	  0.1419	  0.1246	  0.6603
     321	  0.1414	  0.1241	  0.6597
     322	  0.1408	  0.1235	  0.6591
     323	  0.1402	   0.123	  0.6586
     324	  0.1395	  0.1224	   0.658
     325	  0.1389	  0.1219	  0.6574
     326	  0.1383	  0.1213	  0.6568
     327	  0.1377	  0.1208	  0.6562
     328	  0.1371	  0.1204	  0.6557
     329	  0.1365	  0.1199	  0.6551
     330	  0.1359	  0.1194	  0.6545
     331	  0.1353	   0.119	   0.654
     332	  0.1347	  0.1185	  0.6534
     333	  0.1341	  0.1179	  0.6528
     334	  0.1335	  0.1174	  0.6523
     335	  0.1329	  0.1168	  0.6517
     336	  0.1323	  0.1162	  0.6512
     337	  0.1317	  0.1157	  0.6506
     338	   0.131	  0.1151	  0.6501
     339	  0.1303	  0.1146	  0.6495
     340	  0.1296	  0.1141	   0.649
     341	  0.1289	  0.1137	  0.6484
     342	  0.1281	  0.1133	  0.6479
     343	  0.1273	  0.1129	  0.6474
     344	  0.1264	  0.1125	  0.6468
     345	  0.1254	   0.112	  0.6463
     346	  0.1243	  0.1113	  0.6457
     347	  0.1231	  0.1106	  0.6452
     348	  0.1218	  0.1098	  0.6447
     349	  0.1205	   0.109	  0.6442
     350	  0.1192	  0.1082	  0.6436
     351	  0.1181	  0.1074	  0.6431
     352	  0.1172	  0.1067	  0.6426
     353	  0.1164	  0.1061	  0.6421
     354	  0.1158	  0.1055	  0.6415
     355	  0.1152	  0.1051	   0.641
     356	  0.1148	  0.1047	  0.6405
     357	  0.1143	  0.1042	    0.64
     358	  0.1138	  0.1038	  0.6395
     359	  0.1133	  0.1034	   0.639
     360	  0.1128	   0.103	  0.6385
     361	  0.1122	  0.1026	   0.638
     362	  0.1116	  0.1022	  0.6375
     363	  0.1111	  0.1017	   0.637
     364	  0.1105	  0.1013	  0.6365
     365	    0.11	  0.1008	   0.636
     366	  0.1094	  0.1003	  0.6355
     367	  0.1088	  0.0997	   0.635
     368	  0.1083	 0.09911	  0.6345
     369	  0.1077	 0.09848	   0.634
     370	  0.1071	 0.09784	  0.6335
     371	  0.1065	  0.0972	   0.633
     372	   0.106	 0.09656	  0.6325
     373	  0.1054	 0.09594	   0.632
     374	  0.1049	 0.09534	  0.6316
     375	  0.1044	 0.09474	  0.6311
     376	  0.1039	 0.09414	  0.6306
     377	  0.1033	 0.09355	  0.6301
     378	  0.1028	 0.09296	  0.6296
     379	  0.1022	 0.09236	  0.6292
     380	  0.1016	 0.09175	  0.6287
     381	   0.101	 0.09115	  0.6282
     382	  0.1004	 0.09055	  0.6278
     383	 0.09978	 0.08996	  0.6273
     384	 0.09917	 0.08937	  0.6268
     385	 0.09858	 0.08879	  0.6264
     386	   0.098	 0.08823	  0.6259
     387	 0.09743	 0.08767	  0.6254
     388	 0.09688	 0.08713	   0.625
     389	 0.09633	 0.08658	  0.6245
     390	  0.0958	 0.08604	  0.6241
     391	 0.09527	 0.08549	  0.6236
     392	 0.09474	 0.08493	  0.6231
     393	 0.09422	 0.08436	  0.6227
     394	 0.09371	 0.08378	  0.6222
     395	 0.09322	  0.0832	  0.6218
     396	 0.09274	 0.08263	  0.6213
     397	 0.09229	 0.08206	  0.6209
     398	 0.09187	  0.0815	  0.6204
     399	 0.09148	 0.08096	    0.62
     400	 0.09113	 0.08043	  0.6196
     401	 0.09081	 0.07992	  0.6191
     402	 0.09053	 0.07942	  0.6187
     403	 0.09026	 0.07894	  0.6182
     404	 0.09003	 0.07846	  0.6178
     405	  0.0898	 0.07799	  0.6174
     406	 0.08959	 0.07751	  0.6169
     407	 0.08938	 0.07704	  0.6165
     408	 0.08917	 0.07656	  0.6161
     409	 0.08895	 0.07608	  0.6156
     410	 0.08871	 0.07558	  0.6152
     411	 0.08846	 0.07508	  0.6148
     412	 0.08818	 0.07456	  0.6144
     413	 0.08788	 0.07403	  0.6139
     414	 0.08756	  0.0735	  0.6135
     415	 0.08722	 0.07297	  0.6131
     416	 0.08686	 0.07244	  0.6127
     417	 0.08648	  0.0719	  0.6122
     418	 0.08608	 0.07137	  0.6118
     419	 0.08568	 0.07083	  0.6114
     420	 0.08526	  0.0703	   0.611
     421	 0.08483	 0.06975	  0.6106
     422	  0.0844	  0.0692	  0.6102
     423	 0.08396	 0.06864	  0.6097
     424	 0.08352	 0.06808	  0.6093
     425	 0.08309	 0.06751	  0.6089
     426	 0.08265	 0.06694	  0.6085
     427	 0.08222	 0.06637	  0.6081
     428	 0.08179	 0.06579	  0.6077
     429	 0.08136	 0.06522	  0.6073
     430	 0.08093	 0.06465	  0.6069
     431	  0.0805	 0.06408	  0.6065
     432	 0.08006	 0.06351	  0.6061
     433	  0.0796	 0.06294	  0.6057
     434	 0.07913	 0.06238	  0.6053
     435	 0.07864	 0.06181	  0.6049
     436	 0.07813	 0.06125	  0.6045
     437	 0.07759	 0.06069	  0.6041
     438	 0.07704	 0.06013	  0.6037
     439	 0.07646	 0.05958	  0.6033
     440	 0.07587	 0.05903	  0.6029
     441	 0.07526	 0.05848	  0.6025
     442	 0.07464	 0.05793	  0.6021
     443	 0.07401	 0.05739	  0.6018
     444	 0.07336	 0.05686	  0.6014
     445	 0.07271	 0.05634	   0.601
     446	 0.07205	 0.05583	  0.6006
     447	 0.07139	 0.05535	  0.6002
     448	 0.07073	 0.05487	  0.5998
     449	 0.07008	 0.05442	  0.5995
     450	 0.06945	 0.05397	  0.5991
     451	 0.06883	 0.05353	  0.5987
     452	 0.06823	  0.0531	  0.5983
     453	 0.06764	 0.05267	  0.5979
     454	 0.06708	 0.05225	  0.5976
     455	 0.06654	 0.05183	  0.5972
     456	 0.06601	 0.05142	  0.5968
     457	  0.0655	 0.05101	  0.5964
     458	 0.06501	 0.05062	  0.5961
     459	 0.06453	 0.05023	  0.5957
     460	 0.06407	 0.04985	  0.5953
     461	  0.0636	 0.04948	   0.595
     462	 0.06315	 0.04911	  0.5946
     463	 0.06269	 0.04875	  0.5942
     464	 0.06223	 0.04839	  0.5939
     465	 0.06177	 0.04804	  0.5935
     466	 0.06131	 0.04768	  0.5931
     467	 0.06086	 0.04733	  0.5928
     468	  0.0604	 0.04698	  0.5924
     469	 0.05995	 0.04664	   0.592
     470	  0.0595	 0.04631	  0.5917
     471	 0.05905	 0.04598	  0.5913
     472	 0.05861	 0.04565	   0.591
     473	 0.05817	 0.04533	  0.5906
     474	 0.05773	 0.04501	  0.5902
     475	  0.0573	 0.04469	  0.5899
     476	 0.05687	 0.04437	  0.5895
     477	 0.05645	 0.04405	  0.5892
     478	 0.05603	 0.04374	  0.5888
     479	 0.05562	 0.04342	  0.5885
     480	 0.05522	 0.04311	  0.5881
     481	 0.05483	 0.04281	  0.5878
     482	 0.05443	 0.04251	  0.5874
     483	 0.05403	 0.04221	  0.5871
     484	 0.05363	 0.04192	  0.5867
     485	 0.05321	 0.04163	  0.5864
     486	 0.05277	 0.04133	  0.5861
     487	 0.05232	 0.04104	  0.5857
     488	 0.05184	 0.04074	  0.5854
     489	 0.05136	 0.04044	   0.585
     490	 0.05085	 0.04015	  0.5847
     491	 0.05033	 0.03985	  0.5843
     492	 0.04979	 0.03956	   0.584
     493	 0.04925	 0.03927	  0.5837
     494	 0.04869	 0.03897	  0.5833
     495	 0.04812	 0.03867	   0.583
     496	 0.04756	 0.03837	  0.5827
     497	 0.04699	 0.03807	  0.5823
     498	 0.04643	 0.03778	   0.582
     499	 0.04587	 0.03749	  0.5817
     500	 0.04532	  0.0372	  0.5813
     501	 0.04478	 0.03692	   0.581
     502	 0.04424	 0.03664	  0.5807
     503	 0.04372	 0.03636	  0.5803
     504	  0.0432	 0.03608	    0.58
     505	 0.04269	 0.03581	  0.5797
     506	  0.0422	 0.03554	  0.5793
     507	 0.04173	 0.03528	   0.579
     508	 0.04128	 0.03502	  0.5787
     509	 0.04085	 0.03477	  0.5784
     510	 0.04044	 0.03452	   0.578
     511	 0.04005	 0.03428	  0.5777
     512	 0.03966	 0.03403	  0.5774
     513	 0.03929	 0.03379	  0.5771
     514	  0.0389	 0.03355	  0.5768
     515	 0.03852	  0.0333	  0.5764
     516	 0.03813	 0.03304	  0.5761
     517	 0.03774	 0.03278	  0.5758
     518	 0.03734	 0.03253	  0.5755
     519	 0.03695	 0.03228	  0.5752
     520	 0.03656	 0.03203	  0.5748
     521	 0.03618	 0.03179	  0.5745
     522	 0.03582	 0.03156	  0.5742
     523	 0.03546	 0.03134	  0.5739
     524	  0.0351	 0.03112	  0.5736
     525	 0.03476	 0.03091	  0.5733
     526	 0.03442	  0.0307	   0.573
     527	 0.03408	 0.03049	  0.5727
     528	 0.03375	 0.03028	  0.5723
     529	 0.03343	 0.03007	   0.572
     530	 0.03311	 0.02985	  0.5717
     531	 0.03279	 0.02964	  0.5714
     532	 0.03248	 0.02943	  0.5711
     533	 0.03218	 0.02921	  0.5708
     534	 0.03188	   0.029	  0.5705
     535	 0.03159	 0.02878	  0.5702
     536	 0.03131	 0.02858	  0.5699
     537	 0.03102	 0.02837	  0.5696
     538	 0.03075	 0.02818	  0.5693
     539	 0.03048	 0.02798	   0.569
     540	 0.03022	 0.02779	  0.5687
     541	 0.02996	 0.02761	  0.5684
     542	  0.0297	 0.02742	  0.5681
     543	 0.02944	 0.02724	  0.5678
     544	 0.02918	 0.02705	  0.5675
     545	 0.02891	 0.02686	  0.5672
     546	 0.02864	 0.02667	  0.5669
     547	 0.02837	 0.02647	  0.5666
     548	  0.0281	 0.02628	  0.5663
     549	 0.02783	 0.02609	   0.566
     550	 0.02757	 0.02591	  0.5657
     551	 0.02733	 0.02573	  0.5654
     552	 0.02709	 0.02556	  0.5651
     553	 0.02687	  0.0254	  0.5648
     554	 0.02666	 0.02526	  0.5645
     555	 0.02647	 0.02512	  0.5643
     556	 0.02629	 0.02499	   0.564
     557	 0.02611	 0.02486	  0.5637
     558	 0.02595	 0.02474	  0.5634
     559	  0.0258	 0.02463	  0.5631
     560	 0.02565	 0.02452	  0.5628
     561	  0.0255	  0.0244	  0.5625
     562	 0.02536	 0.02429	  0.5622
     563	 0.02522	 0.02418	   0.562
     564	 0.02508	 0.02406	  0.5617
     565	 0.02494	 0.02395	  0.5614
     566	 0.02481	 0.02383	  0.5611
     567	 0.02468	 0.02371	  0.5608
     568	 0.02456	 0.02359	  0.5605
     569	 0.02445	 0.02348	  0.5603
     570	 0.02435	 0.02337	    0.56
     571	 0.02426	 0.02326	  0.5597
     572	 0.02418	 0.02316	  0.5594
     573	  0.0241	 0.02306	  0.5591
     574	 0.02402	 0.02295	  0.5589
     575	 0.02394	 0.02285	  0.5586
     576	 0.02386	 0.02275	  0.5583
     577	 0.02378	 0.02266	   0.558
     578	  0.0237	 0.02256	  0.5578
     579	 0.02363	 0.02246	  0.5575
     580	 0.02355	 0.02236	  0.5572
     581	 0.02347	 0.02227	  0.5569
     582	 0.02339	 0.02217	  0.5567
     583	 0.02331	 0.02208	  0.5564
     584	 0.02323	 0.02198	  0.5561
     585	 0.02316	 0.02189	  0.5558
     586	 0.02308	 0.02179	  0.5556
     587	 0.02301	  0.0217	  0.5553
     588	 0.02294	  0.0216	   0.555
     589	 0.02287	 0.02151	  0.5548
     590	  0.0228	 0.02141	  0.5545
     591	 0.02272	 0.02132	  0.5542
     592	 0.02265	 0.02123	   0.554
     593	 0.02258	 0.02115	  0.5537
     594	 0.02252	 0.02108	  0.5534
     595	 0.02246	   0.021	  0.5532
     596	 0.02241	 0.02093	  0.5529
     597	 0.02235	 0.02085	  0.5526
     598	  0.0223	 0.02077	  0.5524
     599	 0.02225	 0.02069	  0.5521
     600	 0.02219	 0.02061	  0.5518
     601	 0.02213	 0.02053	  0.5516
     602	 0.02206	 0.02045	  0.5513
     603	 0.02199	 0.02036	   0.551
     604	 0.02192	 0.02027	  0.5508
     605	 0.02185	 0.02018	  0.5505
     606	 0.02178	 0.02009	  0.5503
     607	 0.02171	    0.02	    0.55
     608	 0.02165	  0.0199	  0.5498
     609	 0.02159	 0.01981	  0.5495
     610	 0.02154	 0.01972	  0.5492
     611	 0.02149	 0.01964	   0.549
     612	 0.02144	 0.01955	  0.5487
     613	  0.0214	 0.01947	  0.5485
     614	 0.02135	  0.0194	  0.5482
     615	  0.0213	 0.01932	   0.548
     616	 0.02124	 0.01923	  0.5477
     617	 0.02119	 0.01915	  0.5474
     618	 0.02112	 0.01906	  0.5472
     619	 0.02106	 0.01897	  0.5469
     620	   0.021	 0.01888	  0.5467
     621	 0.02095	  0.0188	  0.5464
     622	  0.0209	 0.01872	  0.5462
     623	 0.02086	 0.01865	  0.5459
     624	 0.02081	 0.01859	  0.5457
     625	 0.02077	 0.01853	  0.5454
     626	 0.02072	 0.01847	  0.5452
     627	 0.02067	 0.01842	  0.5449
     628	 0.02061	 0.01836	  0.5447
     629	 0.02056	  0.0183	  0.5444
     630	 0.02051	 0.01824	  0.5442
     631	 0.02046	 0.01818	   0.544
     632	 0.02041	 0.01812	  0.5437
     633	 0.02037	 0.01806	  0.5435
     634	 0.02034	 0.01801	  0.5432
     635	 0.02031	 0.01795	   0.543
     636	 0.02028	  0.0179	  0.5427
     637	 0.02025	 0.01785	  0.5425
     638	 0.02022	  0.0178	  0.5422
     639	 0.02019	 0.01776	   0.542
     640	 0.02016	 0.01772	  0.5418
     641	 0.02013	 0.01769	  0.5415
     642	  0.0201	 0.01766	  0.5413
     643	 0.02007	 0.01762	   0.541
     644	 0.02005	 0.01759	  0.5408
     645	 0.02003	 0.01755	  0.5406
     646	 0.02002	 0.01751	  0.5403
     647	    0.02	 0.01747	  0.5401
     648	    0.02	 0.01743	  0.5398
     649	 0.01999	 0.01739	  0.5396
     650	 0.01999	 0.01736	  0.5394
     651	    0.02	 0.01732	  0.5391
     652	 0.02001	 0.01728	  0.5389
     653	 0.02003	 0.01723	  0.5387
     654	 0.02006	 0.01719	  0.5384
     655	 0.02011	 0.01713	  0.5382
     656	 0.02018	 0.01707	   0.538
     657	 0.02028	 0.01701	  0.5377
     658	  0.0204	 0.01694	  0.5375
     659	 0.02055	 0.01688	  0.5373
     660	 0.02073	 0.01682	   0.537
     661	 0.02094	 0.01675	  0.5368
     662	 0.02117	 0.01669	  0.5366
     663	 0.02142	 0.01664	  0.5363
     664	 0.02168	 0.01658	  0.5361
     665	 0.02194	 0.01652	  0.5359
     666	 0.02219	 0.01646	  0.5356
     667	 0.02243	 0.01639	  0.5354
     668	 0.02263	 0.01632	  0.5352
     669	 0.02281	 0.01625	  0.5349
     670	 0.02295	 0.01617	  0.5347
     671	 0.02304	 0.01609	  0.5345
     672	 0.02309	   0.016	  0.5343
     673	  0.0231	 0.01592	   0.534
     674	 0.02305	 0.01584	  0.5338
     675	 0.02296	 0.01576	  0.5336
     676	 0.02281	 0.01568	  0.5334
     677	 0.02261	  0.0156	  0.5331
     678	 0.02235	 0.01554	  0.5329
     679	 0.02204	 0.01547	  0.5327
     680	 0.02167	 0.01541	  0.5325
     681	 0.02127	 0.01535	  0.5322
     682	 0.02083	  0.0153	   0.532
     683	 0.02037	 0.01526	  0.5318
     684	  0.0199	 0.01522	  0.5316
     685	 0.01942	 0.01519	  0.5314
     686	 0.01895	 0.01516	  0.5311
     687	 0.01849	 0.01513	  0.5309
     688	 0.01805	  0.0151	  0.5307
     689	 0.01764	 0.01506	  0.5305
     690	 0.01725	 0.01501	  0.5302
     691	 0.01689	 0.01496	    0.53
     692	 0.01656	 0.01491	  0.5298
     693	 0.01626	 0.01485	  0.5296
     694	   0.016	  0.0148	  0.5294
     695	 0.01577	 0.01475	  0.5292
     696	 0.01557	  0.0147	  0.5289
     697	  0.0154	 0.01466	  0.5287
     698	 0.01525	 0.01462	  0.5285
     699	 0.01511	 0.01457	  0.5283
     700	 0.01499	 0.01452	  0.5281
     701	 0.01489	 0.01446	  0.5279
     702	 0.01479	  0.0144	  0.5276
     703	  0.0147	 0.01434	  0.5274
     704	 0.01463	 0.01427	  0.5272
     705	 0.01457	 0.01421	   0.527
     706	 0.01451	 0.01415	  0.5268
     707	 0.01447	 0.01411	  0.5266
     708	 0.01443	 0.01407	  0.5264
     709	 0.01439	 0.01404	  0.5262
     710	 0.01435	 0.01402	  0.5259
     711	 0.01431	 0.01399	  0.5257
     712	 0.01427	 0.01397	  0.5255
     713	 0.01423	 0.01394	  0.5253
     714	 0.01418	 0.01391	  0.5251
     715	 0.01413	 0.01387	  0.5249
     716	 0.01407	 0.01383	  0.5247
     717	 0.01402	 0.01378	  0.5245
     718	 0.01397	 0.01374	  0.5243
     719	 0.01392	 0.01369	  0.5241
     720	 0.01387	 0.01364	  0.5238
     721	 0.01383	  0.0136	  0.5236
     722	 0.01378	 0.01356	  0.5234
     723	 0.01375	 0.01352	  0.5232
     724	 0.01371	 0.01348	   0.523
     725	 0.01368	 0.01344	  0.5228
     726	 0.01364	 0.01341	  0.5226
     727	  0.0136	 0.01337	  0.5224
     728	 0.01356	 0.01333	  0.5222
     729	 0.01352	 0.01329	   0.522
     730	 0.01347	 0.01325	  0.5218
     731	 0.01342	 0.01321	  0.5216
     732	 0.01336	 0.01316	  0.5214
     733	  0.0133	 0.01311	  0.5212
     734	 0.01323	 0.01305	   0.521
     735	 0.01317	 0.01299	  0.5208
     736	 0.01311	 0.01293	  0.5206
     737	 0.01306	 0.01287	  0.5204
     738	 0.01301	 0.01282	  0.5202
     739	 0.01297	 0.01278	    0.52
     740	 0.01294	 0.01274	  0.5198
     741	  0.0129	 0.01271	  0.5196
     742	 0.01287	 0.01268	  0.5194
     743	 0.01283	 0.01266	  0.5192
     744	 0.01279	 0.01264	   0.519
     745	 0.01275	 0.01262	  0.5188
     746	 0.01269	  0.0126	  0.5186
     747	 0.01264	 0.01257	  0.5184
     748	 0.01258	 0.01254	  0.5182
     749	 0.01251	  0.0125	   0.518
     750	 0.01244	 0.01247	  0.5178
     751	 0.01238	 0.01245	  0.5176
     752	 0.01232	 0.01243	  0.5174
     753	 0.01227	 0.01243	  0.5172
     754	 0.01223	 0.01244	   0.517
     755	 0.01221	 0.01246	  0.5168
     756	  0.0122	 0.01249	  0.5166
     757	  0.0122	 0.01251	  0.5164
     758	 0.01221	 0.01253	  0.5162
     759	 0.01223	 0.01253	   0.516
     760	 0.01226	 0.01252	  0.5158
     761	 0.01228	  0.0125	  0.5156
     762	  0.0123	 0.01247	  0.5154
     763	 0.01231	 0.01243	  0.5152
     764	 0.01232	  0.0124	   0.515
     765	 0.01232	 0.01236	  0.5149
     766	 0.01231	 0.01233	  0.5147
     767	  0.0123	  0.0123	  0.5145
     768	 0.01229	 0.01227	  0.5143
     769	 0.01227	 0.01225	  0.5141
     770	 0.01225	 0.01222	  0.5139
     771	 0.01222	  0.0122	  0.5137
     772	 0.01219	 0.01216	  0.5135
     773	 0.01215	 0.01213	  0.5133
     774	 0.01211	 0.01209	  0.5131
     775	 0.01206	 0.01205	   0.513
     776	 0.01201	 0.01201	  0.5128
     777	 0.01195	 0.01196	  0.5126
     778	  0.0119	  0.0119	  0.5124
     779	 0.01184	 0.01183	  0.5122
     780	 0.01178	 0.01176	   0.512
     781	 0.01173	 0.01169	  0.5118
     782	 0.01167	 0.01162	  0.5116
     783	 0.01163	 0.01156	  0.5114
     784	 0.01158	 0.01151	  0.5113
     785	 0.01155	 0.01147	  0.5111
     786	 0.01152	 0.01146	  0.5109
     787	 0.01151	 0.01145	  0.5107
     788	  0.0115	 0.01146	  0.5105
     789	  0.0115	 0.01147	  0.5103
     790	 0.01151	 0.01149	  0.5102
     791	 0.01151	  0.0115	    0.51
     792	 0.01151	 0.01151	  0.5098
     793	 0.01152	  0.0115	  0.5096
     794	 0.01154	 0.01149	  0.5094
     795	 0.01157	 0.01148	  0.5092
     796	 0.01164	 0.01146	  0.5091
     797	 0.01174	 0.01143	  0.5089
     798	 0.01189	  0.0114	  0.5087
     799	 0.01207	 0.01136	  0.5085
     800	 0.01243	 0.01117	  0.5083
