/*
Scattering Phase Functions [1/sr] at 532 nm from LISST-VSF (SN 1475), Percentiles and mean
Volume scattering function corrected and extrapolated to 180ยบ following Koestner et al. 2018 

Dilution-corrected (if applicable) IOPs [1/m], Percentiles and mean;
bbp = 0.016696	0.017473	0.018520	0.019668	0.021087	0.018745
bp = 0.784044	0.808017	0.834251	0.864016	0.892761	0.837863
cp = 1.501642	1.535761	1.635527	1.776346	1.845018	1.649772

Lat, Lon = 70.205, -146.665
Date Time UTC = 13-Aug-2021 16:31:00
Depth = 1.5 m
SPM = 0.98 g/m3
POC/SPM = 0.12 

Created by Daniel Koestner on 15-Jan-2024 15:28:35
Data Version: V4_10-Nov-2023

Column 1: Angle [deg]
Column 2: 10th Percentile Data
Column 3: 25th Percentile Data
Column 4: 50th Percentile Data
Column 5: 75th Percentile Data
Column 6: 90th Percentile Data
Column 7: Mean Data
*/
 0.08357	    1518	    1617	    1775	    1946	    2121	    1824
 0.09861	    1282	    1368	    1491	    1624	    1773	    1533
  0.1164	    1031	    1101	    1189	    1284	    1403	    1223
  0.1373	   770.9	   822.6	     876	   934.2	    1020	   900.8
  0.1621	   536.8	   568.9	   595.1	   626.8	   679.3	   611.3
  0.1912	   351.3	   368.6	   378.3	   395.5	   421.5	   387.8
  0.2257	   234.8	   244.9	   248.6	   260.4	   271.8	   254.1
  0.2663	   180.7	   187.4	   190.4	   199.1	   205.2	   193.4
  0.3143	   165.9	   169.6	   172.6	   177.5	   181.2	   173.7
  0.3708	   154.2	   155.3	   157.2	   158.5	   159.8	   157.1
  0.4376	   135.2	   135.1	   135.7	   135.2	   134.4	     135
  0.5164	   106.8	   106.7	   106.8	   106.2	   104.8	   106.2
  0.6094	   87.46	   87.33	   87.45	   86.92	   85.69	   86.82
  0.7191	    68.8	   68.82	   68.88	   68.56	   67.79	   68.36
  0.8486	   59.98	   60.03	    59.8	   59.51	   58.91	   59.44
   1.001	   49.98	   49.94	   49.41	   49.05	   48.58	   49.24
   1.182	   45.34	   45.17	   44.72	   44.29	   43.79	   44.57
   1.394	    38.5	   38.29	   37.86	   37.38	   36.98	   37.77
   1.645	   33.68	   33.41	   33.12	   32.64	    32.2	   33.01
   1.941	   28.23	   27.83	    27.7	   27.28	   26.77	   27.58
    2.29	   23.87	   23.63	   23.24	   22.87	    22.7	   23.21
   2.701	   18.79	   18.58	   18.46	   18.15	   17.89	   18.36
   3.185	   15.25	   15.08	   14.82	   14.57	   14.38	   14.77
   3.756	   11.48	   11.34	   11.21	      11	    10.8	   11.16
   4.428	   7.819	   7.706	   7.628	   7.477	    7.38	   7.589
   5.218	   5.345	   5.305	   5.258	   5.163	   5.054	   5.218
   6.146	   3.785	   3.756	   3.714	    3.67	   3.641	    3.71
   7.232	   2.657	   2.611	   2.601	    2.55	   2.489	   2.577
   8.502	    1.85	   1.826	   1.817	   1.798	   1.764	   1.808
   9.981	   1.292	   1.281	   1.274	   1.271	   1.254	   1.273
   11.69	  0.9062	  0.9023	  0.8967	  0.9027	   0.895	  0.8996
   13.67	  0.6394	  0.6394	  0.6349	  0.6447	  0.6425	  0.6396
      15	   0.519	  0.5203	  0.5165	  0.5271	  0.5269	  0.5215
      16	  0.4505	  0.4475	   0.449	  0.4538	  0.4559	  0.4512
      17	  0.3904	  0.3917	  0.3885	   0.393	  0.3955	  0.3922
      18	  0.3401	  0.3438	  0.3454	  0.3464	  0.3503	  0.3454
      19	  0.2923	  0.3019	  0.3042	  0.3082	  0.3182	  0.3047
      20	  0.2573	   0.266	   0.267	  0.2729	  0.2836	  0.2692
      21	  0.2297	  0.2357	  0.2397	  0.2408	  0.2478	  0.2387
      22	  0.2091	  0.2129	  0.2145	  0.2169	   0.221	  0.2139
      23	  0.1848	  0.1899	  0.1922	  0.1957	  0.1966	  0.1922
      24	   0.168	  0.1707	  0.1715	  0.1735	  0.1795	  0.1722
      25	  0.1517	  0.1555	  0.1565	  0.1607	  0.1604	   0.157
      26	  0.1385	  0.1393	  0.1412	  0.1447	  0.1462	  0.1422
      27	  0.1267	  0.1286	  0.1294	  0.1316	  0.1329	  0.1301
      28	  0.1118	  0.1173	  0.1191	  0.1206	  0.1224	  0.1189
      29	  0.1032	  0.1063	   0.109	  0.1095	  0.1093	  0.1082
      30	 0.09326	 0.09547	 0.09917	 0.09995	  0.1007	 0.09799
      31	 0.08845	 0.08883	 0.09027	 0.09221	 0.09293	 0.09054
      32	 0.07956	  0.0819	 0.08274	 0.08551	 0.08612	 0.08326
      33	 0.07474	 0.07579	 0.07709	 0.07996	 0.08105	 0.07792
      34	 0.06802	 0.07029	 0.07192	 0.07312	 0.07685	 0.07197
      35	 0.06368	 0.06479	 0.06599	 0.06936	 0.07023	 0.06702
      36	 0.05809	 0.06001	 0.06164	 0.06319	 0.06525	 0.06179
      37	 0.05367	 0.05484	 0.05616	 0.05815	  0.0596	 0.05679
      38	  0.0504	 0.05079	 0.05242	  0.0543	 0.05498	 0.05256
      39	 0.04672	  0.0477	 0.04901	 0.04983	 0.05137	 0.04919
      40	 0.04415	  0.0445	 0.04586	 0.04706	 0.04777	 0.04597
      41	 0.04214	 0.04248	 0.04356	 0.04453	 0.04508	 0.04372
      42	 0.04045	 0.04061	 0.04114	 0.04205	 0.04247	 0.04146
      43	 0.03877	 0.03854	 0.03886	 0.03946	 0.03999	 0.03916
      44	 0.03647	 0.03645	 0.03652	 0.03701	 0.03778	 0.03685
      45	 0.03394	 0.03386	 0.03409	 0.03499	  0.0357	 0.03452
      46	 0.03108	 0.03154	 0.03207	 0.03225	  0.0334	 0.03217
      47	 0.02821	 0.02876	 0.02992	 0.03022	 0.03151	 0.02981
      48	 0.02707	 0.02742	 0.02792	 0.02848	 0.03049	 0.02816
      49	  0.0253	 0.02579	  0.0264	 0.02675	 0.02751	 0.02646
      50	 0.02398	  0.0242	 0.02496	 0.02545	 0.02586	  0.0249
      51	 0.02254	 0.02295	 0.02345	 0.02423	 0.02432	 0.02357
      52	  0.0214	 0.02144	  0.0226	 0.02294	 0.02356	 0.02245
      53	  0.0204	 0.02055	 0.02122	 0.02224	  0.0232	 0.02152
      54	 0.01912	 0.01941	 0.01991	 0.02033	 0.02213	 0.02023
      55	 0.01794	 0.01874	 0.01911	 0.01945	 0.01996	 0.01919
      56	 0.01748	  0.0179	 0.01819	 0.01839	 0.01865	 0.01824
      57	 0.01667	 0.01697	 0.01708	 0.01753	 0.01785	 0.01728
      58	 0.01588	 0.01604	 0.01647	 0.01676	 0.01739	 0.01662
      59	 0.01518	 0.01521	 0.01567	 0.01634	 0.01687	 0.01604
      60	  0.0146	 0.01466	  0.0152	 0.01557	 0.01625	 0.01529
      61	 0.01378	 0.01396	 0.01409	  0.0147	 0.01554	 0.01444
      62	 0.01317	 0.01313	 0.01362	 0.01391	 0.01453	 0.01374
      63	 0.01237	 0.01258	 0.01277	 0.01334	 0.01347	 0.01294
      64	 0.01173	 0.01201	 0.01229	 0.01271	 0.01284	 0.01233
      65	 0.01137	 0.01163	 0.01172	 0.01193	 0.01202	 0.01176
      66	 0.01079	 0.01116	 0.01132	 0.01152	 0.01193	 0.01148
      67	 0.01059	 0.01067	 0.01068	 0.01125	 0.01184	 0.01102
      68	0.009727	 0.01002	 0.01015	 0.01046	 0.01097	 0.01031
      69	0.009544	 0.00951	0.009773	 0.01004	 0.01054	0.009879
      70	0.009215	0.009274	0.009377	0.009641	0.009892	0.009542
      71	0.008806	0.008934	0.009069	0.009452	0.009816	0.009234
      72	0.008437	0.008599	0.008806	0.009046	0.009979	0.009078
      73	0.008129	0.008344	0.008504	0.008729	0.009149	0.008755
      74	 0.00784	0.008159	0.008142	0.008311	0.008352	0.008275
      75	0.007684	0.007709	0.007924	0.008258	 0.00849	0.008035
      76	0.007437	0.007473	0.007642	0.007893	0.008377	0.007783
      77	0.007066	0.007277	0.007485	0.007569	0.008311	0.007616
      78	 0.00691	0.006961	0.007089	0.007352	0.008007	0.007312
      79	0.006789	0.006834	0.006981	0.007103	0.007399	0.007059
      80	0.006495	0.006591	0.006692	0.006795	0.007163	0.006787
      81	0.006237	0.006335	0.006597	0.006677	0.006957	0.006617
      82	0.006022	0.006069	0.006189	 0.00637	0.006636	0.006257
      83	0.005752	0.005849	0.005963	  0.0061	0.006714	0.006098
      84	0.005547	0.005717	0.005788	 0.00598	0.006204	0.005877
      85	0.005495	0.005574	 0.00567	0.005765	 0.00593	0.005678
      86	0.005349	0.005447	0.005531	0.005588	 0.00586	0.005544
      87	0.005263	0.005272	0.005369	0.005435	0.005759	0.005448
      88	0.004992	0.005059	0.005165	0.005284	0.005462	0.005239
      89	0.004862	 0.00488	0.005008	0.005162	0.005368	0.005132
      90	0.004727	 0.00478	0.004909	0.005132	0.005298	0.004999
      91	0.004609	0.004637	0.004787	0.004902	0.005076	0.004828
      92	0.004587	0.004575	0.004686	0.004886	0.005101	0.004766
      93	0.004384	 0.00442	 0.00463	 0.00474	 0.00497	0.004643
      94	0.004241	0.004294	0.004589	0.004629	0.004799	0.004526
      95	0.004147	0.004288	0.004473	0.004581	0.004652	0.004446
      96	0.004092	0.004251	 0.00435	0.004465	0.004609	0.004416
      97	0.003947	0.004117	0.004248	0.004406	0.004485	0.004261
      98	0.003786	 0.00395	0.004108	0.004341	0.004562	0.004153
      99	0.003811	0.003932	0.004096	 0.00424	0.004419	 0.00412
     100	 0.00369	0.003939	0.004149	0.004174	0.004243	0.004067
     101	0.003821	0.003849	0.003968	0.004039	0.004188	0.003982
     102	0.003716	0.003871	0.003965	0.004046	0.004111	0.003972
     103	0.003669	0.003681	0.003873	0.004048	0.004218	0.003881
     104	0.003605	0.003718	0.003802	0.003894	0.004051	0.003831
     105	0.003612	0.003648	0.003765	0.003857	0.003955	0.003791
     106	0.003424	0.003566	 0.00359	0.003776	0.003847	0.003658
     107	0.003467	0.003514	0.003588	0.003745	0.003802	0.003645
     108	0.003378	0.003495	0.003562	0.003757	0.003927	0.003619
     109	0.003359	0.003409	0.003478	0.003643	0.003876	0.003564
     110	 0.00326	0.003358	0.003472	0.003517	0.003548	0.003467
     111	0.003262	0.003331	0.003413	0.003437	0.003641	0.003423
     112	0.003269	0.003327	  0.0034	0.003474	 0.00363	 0.00342
     113	0.003219	0.003315	0.003383	0.003553	0.003642	0.003424
     114	0.003223	 0.00326	0.003413	0.003487	0.003711	0.003451
     115	0.003183	0.003218	0.003372	0.003484	0.003853	0.003421
     116	0.003159	0.003235	0.003402	0.003466	0.003637	0.003406
     117	0.003105	0.003207	0.003333	0.003363	0.003526	0.003326
     118	0.003202	0.003252	0.003275	 0.00337	0.003511	0.003318
     119	0.003129	0.003229	0.003302	0.003356	0.003454	0.003293
     120	 0.00309	0.003111	0.003242	0.003298	0.003387	0.003237
     121	0.003084	0.003151	0.003164	0.003275	0.003281	0.003189
     122	0.003024	0.003069	0.003174	0.003233	 0.00337	0.003189
     123	0.003054	0.003098	0.003147	0.003193	0.003437	0.003187
     124	0.003045	0.003076	0.003112	0.003213	0.003392	0.003168
     125	0.002969	0.003069	0.003166	0.003213	0.003385	0.003168
     126	0.003043	0.003097	0.003163	0.003293	 0.00336	0.003197
     127	0.003007	0.003066	0.003159	 0.00327	0.003353	0.003172
     128	0.003011	 0.00308	 0.00318	0.003193	0.003322	0.003173
     129	0.003037	0.003116	0.003199	0.003345	0.003445	0.003221
     130	0.003036	0.003125	0.003168	0.003339	0.003455	0.003257
     131	0.003128	0.003117	0.003195	0.003296	 0.00345	0.003251
     132	0.003039	0.003077	0.003162	0.003213	0.003256	0.003162
     133	0.003076	 0.00312	0.003177	 0.00322	0.003498	0.003212
     134	0.003096	0.003119	0.003192	0.003316	0.003509	 0.00326
     135	0.003164	0.003151	0.003191	 0.00333	0.003413	0.003245
     136	0.003244	0.003199	0.003237	0.003321	0.003504	  0.0033
     137	0.003222	0.003249	0.003254	0.003271	0.003305	 0.00327
     138	0.003132	0.003215	0.003297	0.003349	0.003541	0.003307
     139	0.003164	0.003184	0.003274	0.003341	0.003491	0.003309
     140	0.003125	0.003124	 0.00321	0.003205	 0.00339	0.003206
     141	0.003073	0.003086	0.003153	0.003191	0.003262	0.003161
     142	0.003087	0.003093	0.003158	0.003188	0.003266	0.003184
     143	0.003041	0.003111	0.003158	0.003199	0.003338	0.003189
     144	0.003016	0.003056	0.003133	 0.00325	0.003297	0.003159
     145	0.003107	0.003137	0.003148	0.003192	0.003268	0.003182
     146	0.003113	 0.00314	0.003151	0.003194	0.003269	0.003185
     147	0.003119	0.003144	0.003153	0.003196	0.003271	0.003188
     148	0.003125	0.003148	0.003156	0.003198	0.003272	0.003192
     149	0.003132	0.003152	0.003159	  0.0032	0.003274	0.003195
     150	0.003138	0.003156	0.003163	0.003202	0.003276	0.003199
     151	0.003144	 0.00316	0.003166	0.003205	0.003278	0.003202
     152	 0.00315	0.003164	0.003169	0.003207	 0.00328	0.003206
     153	0.003157	0.003168	0.003173	 0.00321	0.003282	 0.00321
     154	0.003163	0.003173	0.003176	0.003212	0.003285	0.003213
     155	0.003169	0.003177	0.003179	0.003215	0.003287	0.003217
     156	0.003175	0.003181	0.003183	0.003218	0.003289	0.003221
     157	0.003181	0.003185	0.003186	 0.00322	0.003292	0.003224
     158	0.003187	0.003189	0.003189	0.003223	0.003294	0.003228
     159	0.003192	0.003193	0.003192	0.003225	0.003296	0.003232
     160	0.003198	0.003197	0.003196	0.003228	0.003298	0.003235
     161	0.003203	  0.0032	0.003199	0.003231	0.003301	0.003238
     162	0.003208	0.003204	0.003202	0.003233	0.003303	0.003242
     163	0.003213	0.003207	0.003205	0.003235	0.003305	0.003245
     164	0.003218	0.003211	0.003207	0.003238	0.003307	0.003248
     165	0.003222	0.003214	 0.00321	 0.00324	0.003309	0.003251
     166	0.003226	0.003217	0.003213	0.003242	0.003311	0.003253
     167	 0.00323	 0.00322	0.003215	0.003244	0.003312	0.003256
     168	0.003234	0.003222	0.003217	0.003246	0.003314	0.003258
     169	0.003237	0.003225	0.003219	0.003247	0.003316	0.003261
     170	0.003241	0.003227	0.003221	0.003249	0.003317	0.003263
     171	0.003243	0.003229	0.003223	0.003251	0.003318	0.003265
     172	0.003246	0.003231	0.003225	0.003252	 0.00332	0.003266
     173	0.003248	0.003233	0.003226	0.003253	0.003321	0.003268
     174	 0.00325	0.003234	0.003227	0.003254	0.003322	0.003269
     175	0.003252	0.003235	0.003228	0.003255	0.003322	 0.00327
     176	0.003254	0.003236	0.003229	0.003256	0.003323	0.003271
     177	0.003255	0.003237	 0.00323	0.003256	0.003324	0.003272
     178	0.003255	0.003238	 0.00323	0.003257	0.003324	0.003273
     179	0.003256	0.003238	0.003231	0.003257	0.003324	0.003273
     180	0.003256	0.003238	0.003231	0.003257	0.003324	0.003273
