/*
Particulate absorption and scattering spectra, normalized by SPM 
Scattering spectra estimated from LISST-VSF PSD power-function fit (see Boss et al. 2013) scaled by LISST-VSF scattering coefficient at 532 nm 
Total (a_p) and MeOH-extracted (a_d) absorption spectra from UV/VIS spectrophotometer measurements with GF/F filter inside 15-cm integrating sphere
Correction for filter-pad pathlength amplification from Stramski et al. 2015 

Lat, Lon = 70.274, -147.161
Date Time UTC = 13-Aug-2021 01:54:00
Depth = 1.5 m
SPM = 0.82 g/m3
POC = 147.64 mg/m3
PSD power-law exponent (~1.5-147 µm) = 3.79 
Scattering spectra power-function exponent (400-700 nm) = 0.589 

Created by Daniel Koestner on 15-Jan-2024 15:28:38
Data Version: V4_10-Nov-2023

Column 1: wavelength [nm]
Column 2: a_p [m^2/g]
Column 3: a_d [m^2/g]
Column 4: b_p [m^2/g]
*/
     290	  0.3119	  0.2989	   1.194
     291	   0.309	  0.2958	   1.191
     292	  0.3062	   0.293	   1.189
     293	  0.3035	  0.2902	   1.186
     294	  0.3009	  0.2876	   1.184
     295	  0.2982	  0.2851	   1.182
     296	  0.2957	  0.2827	   1.179
     297	  0.2932	  0.2806	   1.177
     298	  0.2909	  0.2785	   1.175
     299	  0.2887	  0.2766	   1.172
     300	  0.2868	  0.2747	    1.17
     301	   0.285	   0.273	   1.168
     302	  0.2834	  0.2714	   1.165
     303	   0.282	    0.27	   1.163
     304	  0.2807	  0.2685	   1.161
     305	  0.2795	  0.2672	   1.159
     306	  0.2782	  0.2658	   1.156
     307	   0.277	  0.2645	   1.154
     308	  0.2758	  0.2631	   1.152
     309	  0.2745	  0.2617	    1.15
     310	  0.2733	  0.2603	   1.148
     311	   0.272	  0.2589	   1.145
     312	  0.2707	  0.2575	   1.143
     313	  0.2695	  0.2561	   1.141
     314	  0.2682	  0.2547	   1.139
     315	  0.2668	  0.2534	   1.137
     316	  0.2655	  0.2521	   1.135
     317	  0.2642	  0.2509	   1.133
     318	  0.2629	  0.2497	   1.131
     319	  0.2615	  0.2486	   1.128
     320	  0.2602	  0.2475	   1.126
     321	  0.2589	  0.2464	   1.124
     322	  0.2577	  0.2453	   1.122
     323	  0.2564	  0.2443	    1.12
     324	  0.2552	  0.2431	   1.118
     325	  0.2539	   0.242	   1.116
     326	  0.2527	  0.2408	   1.114
     327	  0.2515	  0.2395	   1.112
     328	  0.2502	  0.2383	    1.11
     329	   0.249	   0.237	   1.108
     330	  0.2477	  0.2357	   1.106
     331	  0.2464	  0.2345	   1.104
     332	  0.2451	  0.2332	   1.102
     333	  0.2437	   0.232	     1.1
     334	  0.2423	  0.2308	   1.098
     335	  0.2409	  0.2295	   1.096
     336	  0.2395	   0.228	   1.094
     337	   0.238	  0.2265	   1.093
     338	  0.2366	  0.2249	   1.091
     339	  0.2351	  0.2233	   1.089
     340	  0.2336	  0.2218	   1.087
     341	  0.2322	  0.2203	   1.085
     342	  0.2307	  0.2189	   1.083
     343	  0.2292	  0.2175	   1.081
     344	  0.2276	  0.2161	   1.079
     345	  0.2259	  0.2146	   1.078
     346	   0.224	  0.2128	   1.076
     347	   0.222	  0.2109	   1.074
     348	  0.2199	  0.2088	   1.072
     349	  0.2179	  0.2067	    1.07
     350	  0.2159	  0.2045	   1.068
     351	  0.2141	  0.2025	   1.067
     352	  0.2126	  0.2006	   1.065
     353	  0.2112	  0.1989	   1.063
     354	    0.21	  0.1974	   1.061
     355	  0.2088	   0.196	    1.06
     356	  0.2077	  0.1945	   1.058
     357	  0.2065	  0.1931	   1.056
     358	  0.2052	  0.1917	   1.054
     359	  0.2039	  0.1903	   1.053
     360	  0.2026	   0.189	   1.051
     361	  0.2013	  0.1877	   1.049
     362	  0.2001	  0.1864	   1.047
     363	  0.1988	  0.1852	   1.046
     364	  0.1976	   0.184	   1.044
     365	  0.1962	  0.1827	   1.042
     366	  0.1948	  0.1813	   1.041
     367	  0.1934	  0.1797	   1.039
     368	  0.1918	  0.1781	   1.037
     369	  0.1902	  0.1764	   1.036
     370	  0.1884	  0.1746	   1.034
     371	  0.1867	  0.1728	   1.032
     372	  0.1849	  0.1709	   1.031
     373	  0.1832	  0.1691	   1.029
     374	  0.1815	  0.1673	   1.028
     375	  0.1798	  0.1656	   1.026
     376	  0.1782	  0.1639	   1.024
     377	  0.1765	  0.1623	   1.023
     378	  0.1749	  0.1607	   1.021
     379	  0.1732	  0.1591	    1.02
     380	  0.1715	  0.1574	   1.018
     381	  0.1698	  0.1558	   1.016
     382	  0.1681	  0.1541	   1.015
     383	  0.1665	  0.1525	   1.013
     384	  0.1648	  0.1508	   1.012
     385	  0.1631	  0.1492	    1.01
     386	  0.1615	  0.1476	   1.009
     387	  0.1599	   0.146	   1.007
     388	  0.1583	  0.1444	   1.006
     389	  0.1568	  0.1429	   1.004
     390	  0.1552	  0.1413	   1.003
     391	  0.1537	  0.1398	   1.001
     392	  0.1522	  0.1383	  0.9995
     393	  0.1508	  0.1369	   0.998
     394	  0.1493	  0.1354	  0.9965
     395	  0.1479	   0.134	   0.995
     396	  0.1466	  0.1327	  0.9936
     397	  0.1452	  0.1314	  0.9921
     398	  0.1439	  0.1301	  0.9906
     399	  0.1427	  0.1289	  0.9892
     400	  0.1415	  0.1276	  0.9877
     401	  0.1404	  0.1264	  0.9862
     402	  0.1393	  0.1252	  0.9848
     403	  0.1382	   0.124	  0.9834
     404	  0.1372	  0.1229	  0.9819
     405	  0.1362	  0.1217	  0.9805
     406	  0.1352	  0.1205	  0.9791
     407	  0.1342	  0.1194	  0.9777
     408	  0.1332	  0.1183	  0.9762
     409	  0.1322	  0.1172	  0.9748
     410	  0.1312	  0.1161	  0.9734
     411	  0.1303	   0.115	   0.972
     412	  0.1293	  0.1139	  0.9707
     413	  0.1283	  0.1128	  0.9693
     414	  0.1274	  0.1117	  0.9679
     415	  0.1264	  0.1106	  0.9665
     416	  0.1254	  0.1096	  0.9652
     417	  0.1245	  0.1085	  0.9638
     418	  0.1235	  0.1074	  0.9624
     419	  0.1225	  0.1063	  0.9611
     420	  0.1215	  0.1052	  0.9597
     421	  0.1205	  0.1041	  0.9584
     422	  0.1195	   0.103	   0.957
     423	  0.1185	  0.1019	  0.9557
     424	  0.1175	  0.1009	  0.9544
     425	  0.1165	 0.09983	  0.9531
     426	  0.1155	 0.09884	  0.9517
     427	  0.1146	 0.09789	  0.9504
     428	  0.1136	 0.09699	  0.9491
     429	  0.1127	 0.09614	  0.9478
     430	  0.1118	 0.09531	  0.9465
     431	  0.1109	 0.09449	  0.9452
     432	  0.1101	 0.09368	  0.9439
     433	  0.1091	 0.09284	  0.9427
     434	  0.1082	 0.09197	  0.9414
     435	  0.1073	 0.09106	  0.9401
     436	  0.1063	 0.09013	  0.9388
     437	  0.1053	 0.08916	  0.9376
     438	  0.1043	 0.08819	  0.9363
     439	  0.1032	 0.08722	   0.935
     440	  0.1022	 0.08626	  0.9338
     441	  0.1012	 0.08533	  0.9326
     442	  0.1001	 0.08443	  0.9313
     443	 0.09909	 0.08358	  0.9301
     444	 0.09808	 0.08276	  0.9288
     445	 0.09708	 0.08198	  0.9276
     446	 0.09609	 0.08124	  0.9264
     447	 0.09511	 0.08054	  0.9252
     448	 0.09416	 0.07986	  0.9239
     449	 0.09322	 0.07921	  0.9227
     450	 0.09232	 0.07858	  0.9215
     451	 0.09145	 0.07796	  0.9203
     452	 0.09062	 0.07735	  0.9191
     453	 0.08984	 0.07675	  0.9179
     454	  0.0891	 0.07616	  0.9167
     455	 0.08841	 0.07558	  0.9155
     456	 0.08775	 0.07502	  0.9144
     457	 0.08713	 0.07446	  0.9132
     458	 0.08654	 0.07392	   0.912
     459	 0.08595	  0.0734	  0.9108
     460	 0.08538	 0.07288	  0.9097
     461	  0.0848	 0.07237	  0.9085
     462	 0.08422	 0.07187	  0.9074
     463	 0.08363	 0.07138	  0.9062
     464	 0.08303	 0.07089	  0.9051
     465	 0.08243	 0.07041	  0.9039
     466	 0.08184	 0.06994	  0.9028
     467	 0.08125	 0.06948	  0.9016
     468	 0.08066	 0.06902	  0.9005
     469	 0.08009	 0.06857	  0.8994
     470	 0.07953	 0.06813	  0.8982
     471	 0.07897	 0.06769	  0.8971
     472	 0.07842	 0.06725	   0.896
     473	 0.07787	  0.0668	  0.8949
     474	 0.07732	 0.06634	  0.8938
     475	 0.07677	 0.06588	  0.8927
     476	 0.07622	  0.0654	  0.8915
     477	 0.07567	 0.06492	  0.8904
     478	 0.07512	 0.06443	  0.8893
     479	 0.07457	 0.06395	  0.8883
     480	 0.07402	 0.06347	  0.8872
     481	 0.07348	   0.063	  0.8861
     482	 0.07294	 0.06254	   0.885
     483	  0.0724	 0.06209	  0.8839
     484	 0.07186	 0.06164	  0.8828
     485	 0.07131	  0.0612	  0.8818
     486	 0.07076	 0.06077	  0.8807
     487	  0.0702	 0.06033	  0.8796
     488	 0.06963	 0.05989	  0.8786
     489	 0.06904	 0.05945	  0.8775
     490	 0.06845	 0.05901	  0.8765
     491	 0.06784	 0.05856	  0.8754
     492	 0.06721	  0.0581	  0.8744
     493	 0.06657	 0.05764	  0.8733
     494	 0.06592	 0.05717	  0.8723
     495	 0.06525	 0.05669	  0.8712
     496	 0.06459	  0.0562	  0.8702
     497	 0.06393	 0.05571	  0.8692
     498	 0.06327	 0.05521	  0.8681
     499	 0.06261	  0.0547	  0.8671
     500	 0.06196	  0.0542	  0.8661
     501	 0.06131	 0.05369	  0.8651
     502	 0.06065	 0.05319	  0.8641
     503	    0.06	 0.05269	  0.8631
     504	 0.05936	 0.05221	   0.862
     505	 0.05873	 0.05175	   0.861
     506	 0.05811	  0.0513	    0.86
     507	  0.0575	 0.05086	   0.859
     508	 0.05691	 0.05044	   0.858
     509	 0.05634	 0.05002	   0.857
     510	 0.05578	 0.04962	  0.8561
     511	 0.05522	 0.04923	  0.8551
     512	 0.05467	 0.04885	  0.8541
     513	 0.05411	 0.04849	  0.8531
     514	 0.05354	 0.04814	  0.8521
     515	 0.05296	 0.04779	  0.8512
     516	 0.05237	 0.04745	  0.8502
     517	 0.05178	  0.0471	  0.8492
     518	 0.05119	 0.04674	  0.8482
     519	 0.05061	 0.04638	  0.8473
     520	 0.05005	 0.04602	  0.8463
     521	 0.04953	 0.04566	  0.8454
     522	 0.04903	 0.04532	  0.8444
     523	 0.04857	 0.04498	  0.8435
     524	 0.04814	 0.04465	  0.8425
     525	 0.04774	 0.04434	  0.8416
     526	 0.04736	 0.04403	  0.8406
     527	   0.047	 0.04373	  0.8397
     528	 0.04665	 0.04343	  0.8388
     529	 0.04631	 0.04315	  0.8378
     530	 0.04597	 0.04287	  0.8369
     531	 0.04563	  0.0426	   0.836
     532	 0.04529	 0.04233	   0.835
     533	 0.04495	 0.04206	  0.8341
     534	 0.04461	  0.0418	  0.8332
     535	 0.04427	 0.04153	  0.8323
     536	 0.04393	 0.04126	  0.8314
     537	 0.04359	   0.041	  0.8304
     538	 0.04326	 0.04074	  0.8295
     539	 0.04294	 0.04049	  0.8286
     540	 0.04262	 0.04025	  0.8277
     541	 0.04231	 0.04003	  0.8268
     542	 0.04201	 0.03981	  0.8259
     543	 0.04171	 0.03959	   0.825
     544	 0.04142	 0.03937	  0.8241
     545	 0.04112	 0.03915	  0.8232
     546	 0.04082	 0.03891	  0.8224
     547	  0.0405	 0.03866	  0.8215
     548	 0.04019	  0.0384	  0.8206
     549	 0.03987	 0.03813	  0.8197
     550	 0.03955	 0.03785	  0.8188
     551	 0.03923	 0.03757	   0.818
     552	 0.03892	 0.03728	  0.8171
     553	 0.03862	   0.037	  0.8162
     554	 0.03833	 0.03672	  0.8153
     555	 0.03806	 0.03646	  0.8145
     556	 0.03779	 0.03622	  0.8136
     557	 0.03753	   0.036	  0.8128
     558	 0.03729	  0.0358	  0.8119
     559	 0.03706	  0.0356	   0.811
     560	 0.03684	 0.03542	  0.8102
     561	 0.03662	 0.03523	  0.8093
     562	 0.03641	 0.03504	  0.8085
     563	  0.0362	 0.03484	  0.8076
     564	 0.03598	 0.03463	  0.8068
     565	 0.03576	 0.03442	   0.806
     566	 0.03554	 0.03421	  0.8051
     567	 0.03533	 0.03401	  0.8043
     568	 0.03512	 0.03382	  0.8035
     569	 0.03493	 0.03364	  0.8026
     570	 0.03474	 0.03349	  0.8018
     571	 0.03457	 0.03334	   0.801
     572	 0.03441	 0.03319	  0.8001
     573	 0.03425	 0.03305	  0.7993
     574	  0.0341	  0.0329	  0.7985
     575	 0.03394	 0.03275	  0.7977
     576	 0.03379	 0.03259	  0.7969
     577	 0.03364	 0.03242	  0.7961
     578	 0.03349	 0.03225	  0.7952
     579	 0.03335	 0.03208	  0.7944
     580	 0.03322	 0.03191	  0.7936
     581	 0.03308	 0.03175	  0.7928
     582	 0.03296	  0.0316	   0.792
     583	 0.03283	 0.03145	  0.7912
     584	 0.03271	  0.0313	  0.7904
     585	  0.0326	 0.03116	  0.7896
     586	 0.03248	 0.03102	  0.7888
     587	 0.03236	 0.03089	   0.788
     588	 0.03225	 0.03076	  0.7872
     589	 0.03214	 0.03064	  0.7865
     590	 0.03204	 0.03053	  0.7857
     591	 0.03194	 0.03042	  0.7849
     592	 0.03185	 0.03031	  0.7841
     593	 0.03176	 0.03021	  0.7833
     594	 0.03167	  0.0301	  0.7826
     595	 0.03158	    0.03	  0.7818
     596	 0.03148	 0.02989	   0.781
     597	 0.03138	 0.02979	  0.7802
     598	 0.03127	 0.02969	  0.7795
     599	 0.03116	 0.02959	  0.7787
     600	 0.03105	 0.02949	  0.7779
     601	 0.03095	 0.02939	  0.7772
     602	 0.03084	  0.0293	  0.7764
     603	 0.03074	 0.02921	  0.7757
     604	 0.03064	 0.02912	  0.7749
     605	 0.03053	 0.02903	  0.7741
     606	 0.03043	 0.02894	  0.7734
     607	 0.03033	 0.02884	  0.7726
     608	 0.03022	 0.02875	  0.7719
     609	 0.03012	 0.02865	  0.7712
     610	 0.03002	 0.02854	  0.7704
     611	 0.02992	 0.02844	  0.7697
     612	 0.02983	 0.02833	  0.7689
     613	 0.02973	 0.02822	  0.7682
     614	 0.02964	 0.02811	  0.7674
     615	 0.02955	   0.028	  0.7667
     616	 0.02946	  0.0279	   0.766
     617	 0.02937	 0.02779	  0.7652
     618	 0.02928	 0.02769	  0.7645
     619	 0.02919	  0.0276	  0.7638
     620	 0.02909	  0.0275	  0.7631
     621	   0.029	 0.02741	  0.7623
     622	  0.0289	 0.02732	  0.7616
     623	  0.0288	 0.02723	  0.7609
     624	 0.02869	 0.02715	  0.7602
     625	 0.02859	 0.02706	  0.7595
     626	 0.02849	 0.02696	  0.7588
     627	 0.02838	 0.02687	   0.758
     628	 0.02828	 0.02677	  0.7573
     629	 0.02818	 0.02666	  0.7566
     630	 0.02809	 0.02655	  0.7559
     631	 0.02801	 0.02643	  0.7552
     632	 0.02792	 0.02632	  0.7545
     633	 0.02784	 0.02621	  0.7538
     634	 0.02775	  0.0261	  0.7531
     635	 0.02767	 0.02599	  0.7524
     636	 0.02759	 0.02589	  0.7517
     637	 0.02751	 0.02579	   0.751
     638	 0.02743	  0.0257	  0.7503
     639	 0.02736	  0.0256	  0.7496
     640	  0.0273	 0.02551	  0.7489
     641	 0.02724	 0.02543	  0.7482
     642	 0.02719	 0.02535	  0.7476
     643	 0.02715	 0.02527	  0.7469
     644	 0.02711	  0.0252	  0.7462
     645	 0.02707	 0.02514	  0.7455
     646	 0.02704	 0.02507	  0.7448
     647	 0.02701	 0.02501	  0.7442
     648	 0.02699	 0.02495	  0.7435
     649	 0.02696	 0.02489	  0.7428
     650	 0.02695	 0.02482	  0.7421
     651	 0.02693	 0.02475	  0.7415
     652	 0.02692	 0.02467	  0.7408
     653	 0.02691	 0.02459	  0.7401
     654	 0.02691	 0.02451	  0.7395
     655	 0.02693	 0.02442	  0.7388
     656	 0.02695	 0.02434	  0.7381
     657	 0.02699	 0.02427	  0.7375
     658	 0.02705	  0.0242	  0.7368
     659	 0.02713	 0.02414	  0.7361
     660	 0.02723	 0.02409	  0.7355
     661	 0.02734	 0.02404	  0.7348
     662	 0.02747	 0.02399	  0.7342
     663	  0.0276	 0.02394	  0.7335
     664	 0.02774	 0.02388	  0.7329
     665	 0.02788	 0.02381	  0.7322
     666	 0.02801	 0.02373	  0.7316
     667	 0.02811	 0.02365	  0.7309
     668	 0.02818	 0.02356	  0.7303
     669	 0.02822	 0.02347	  0.7296
     670	 0.02822	 0.02338	   0.729
     671	 0.02818	 0.02329	  0.7284
     672	  0.0281	  0.0232	  0.7277
     673	 0.02799	 0.02312	  0.7271
     674	 0.02785	 0.02303	  0.7265
     675	  0.0277	 0.02294	  0.7258
     676	 0.02752	 0.02286	  0.7252
     677	 0.02733	 0.02277	  0.7246
     678	 0.02713	 0.02268	  0.7239
     679	 0.02691	 0.02258	  0.7233
     680	 0.02668	 0.02249	  0.7227
     681	 0.02644	 0.02239	   0.722
     682	 0.02618	 0.02228	  0.7214
     683	 0.02589	 0.02217	  0.7208
     684	 0.02558	 0.02205	  0.7202
     685	 0.02526	 0.02192	  0.7196
     686	 0.02491	 0.02179	  0.7189
     687	 0.02456	 0.02165	  0.7183
     688	 0.02421	 0.02152	  0.7177
     689	 0.02388	  0.0214	  0.7171
     690	 0.02357	 0.02129	  0.7165
     691	 0.02328	 0.02119	  0.7159
     692	 0.02303	 0.02111	  0.7153
     693	  0.0228	 0.02104	  0.7147
     694	  0.0226	 0.02099	  0.7141
     695	 0.02241	 0.02095	  0.7134
     696	 0.02223	 0.02092	  0.7128
     697	 0.02206	 0.02089	  0.7122
     698	 0.02189	 0.02086	  0.7116
     699	 0.02172	 0.02083	   0.711
     700	 0.02156	 0.02079	  0.7104
     701	  0.0214	 0.02074	  0.7098
     702	 0.02126	 0.02069	  0.7093
     703	 0.02113	 0.02064	  0.7087
     704	 0.02103	 0.02058	  0.7081
     705	 0.02095	 0.02054	  0.7075
     706	 0.02089	  0.0205	  0.7069
     707	 0.02086	 0.02047	  0.7063
     708	 0.02084	 0.02044	  0.7057
     709	 0.02083	 0.02041	  0.7051
     710	 0.02081	 0.02038	  0.7045
     711	 0.02078	 0.02035	   0.704
     712	 0.02074	  0.0203	  0.7034
     713	 0.02069	 0.02026	  0.7028
     714	 0.02062	 0.02021	  0.7022
     715	 0.02054	 0.02015	  0.7016
     716	 0.02046	  0.0201	  0.7011
     717	 0.02039	 0.02006	  0.7005
     718	 0.02031	 0.02001	  0.6999
     719	 0.02025	 0.01996	  0.6993
     720	 0.02019	 0.01991	  0.6988
     721	 0.02013	 0.01986	  0.6982
     722	 0.02007	  0.0198	  0.6976
     723	 0.02001	 0.01974	   0.697
     724	 0.01995	 0.01968	  0.6965
     725	  0.0199	 0.01961	  0.6959
     726	 0.01984	 0.01954	  0.6954
     727	 0.01978	 0.01947	  0.6948
     728	 0.01972	 0.01941	  0.6942
     729	 0.01966	 0.01934	  0.6937
     730	 0.01959	 0.01928	  0.6931
     731	 0.01953	 0.01922	  0.6925
     732	 0.01945	 0.01917	   0.692
     733	 0.01937	 0.01912	  0.6914
     734	  0.0193	 0.01907	  0.6909
     735	 0.01922	 0.01902	  0.6903
     736	 0.01914	 0.01897	  0.6898
     737	 0.01907	 0.01891	  0.6892
     738	 0.01901	 0.01885	  0.6887
     739	 0.01895	 0.01879	  0.6881
     740	  0.0189	 0.01873	  0.6876
     741	 0.01886	 0.01868	   0.687
     742	 0.01881	 0.01862	  0.6865
     743	 0.01876	 0.01856	  0.6859
     744	 0.01872	  0.0185	  0.6854
     745	 0.01867	 0.01844	  0.6849
     746	 0.01861	 0.01838	  0.6843
     747	 0.01856	 0.01833	  0.6838
     748	 0.01852	 0.01829	  0.6832
     749	 0.01847	 0.01827	  0.6827
     750	 0.01842	 0.01826	  0.6822
     751	 0.01837	 0.01827	  0.6816
     752	 0.01833	 0.01828	  0.6811
     753	 0.01828	 0.01829	  0.6806
     754	 0.01824	 0.01829	    0.68
     755	 0.01819	 0.01829	  0.6795
     756	 0.01815	 0.01826	   0.679
     757	 0.01811	 0.01823	  0.6784
     758	 0.01806	 0.01817	  0.6779
     759	 0.01801	 0.01811	  0.6774
     760	 0.01795	 0.01803	  0.6769
     761	 0.01788	 0.01794	  0.6763
     762	 0.01781	 0.01785	  0.6758
     763	 0.01773	 0.01776	  0.6753
     764	 0.01765	 0.01767	  0.6748
     765	  0.0176	  0.0176	  0.6743
     766	 0.01756	 0.01754	  0.6737
     767	 0.01755	 0.01749	  0.6732
     768	 0.01755	 0.01746	  0.6727
     769	 0.01756	 0.01745	  0.6722
     770	 0.01757	 0.01744	  0.6717
     771	 0.01756	 0.01742	  0.6712
     772	 0.01753	  0.0174	  0.6707
     773	 0.01747	 0.01736	  0.6701
     774	 0.01738	  0.0173	  0.6696
     775	 0.01727	 0.01722	  0.6691
     776	 0.01714	 0.01713	  0.6686
     777	 0.01702	 0.01703	  0.6681
     778	  0.0169	 0.01694	  0.6676
     779	  0.0168	 0.01685	  0.6671
     780	 0.01673	 0.01678	  0.6666
     781	 0.01669	 0.01673	  0.6661
     782	 0.01667	 0.01669	  0.6656
     783	 0.01668	 0.01667	  0.6651
     784	  0.0167	 0.01666	  0.6646
     785	 0.01673	 0.01665	  0.6641
     786	 0.01675	 0.01664	  0.6636
     787	 0.01676	 0.01663	  0.6631
     788	 0.01677	 0.01662	  0.6626
     789	 0.01676	 0.01662	  0.6621
     790	 0.01675	 0.01663	  0.6616
     791	 0.01674	 0.01664	  0.6611
     792	 0.01672	 0.01666	  0.6606
     793	 0.01669	 0.01667	  0.6601
     794	 0.01666	 0.01668	  0.6596
     795	 0.01662	 0.01667	  0.6592
     796	 0.01657	 0.01666	  0.6587
     797	 0.01651	 0.01664	  0.6582
     798	 0.01641	 0.01663	  0.6577
     799	  0.0163	 0.01661	  0.6572
     800	 0.01577	 0.01673	  0.6567
