/*
Scattering Phase Functions [1/sr] at 532 nm from LISST-VSF (SN 1475), Percentiles and mean
Volume scattering function corrected and extrapolated to 180ยบ following Koestner et al. 2018 

Dilution-corrected (if applicable) IOPs [1/m], Percentiles and mean;
bbp = 0.001564	0.001847	0.002186	0.002638	0.003447	0.002412
bp = 0.137611	0.146330	0.156958	0.173370	0.195072	0.165531
cp = 0.289045	0.305232	0.319370	0.341563	0.372084	0.337798

Lat, Lon = 70.104, -145.186
Date Time UTC = 13-Aug-2021 21:25:00
Depth = 1.5 m
SPM = 0.27 g/m3
POC/SPM = 0.22 

Created by Daniel Koestner on 15-Jan-2024 15:28:35
Data Version: V4_10-Nov-2023

Column 1: Angle [deg]
Column 2: 10th Percentile Data
Column 3: 25th Percentile Data
Column 4: 50th Percentile Data
Column 5: 75th Percentile Data
Column 6: 90th Percentile Data
Column 7: Mean Data
*/
 0.08357	    1460	    1548	    1642	    2322	    2653	    2217
 0.09861	    1307	    1399	    1491	    2077	    2344	    2063
  0.1164	    1134	    1233	    1321	    1802	    1999	    1884
  0.1373	   944.7	    1052	    1135	    1500	    1631	    1660
  0.1621	   762.5	   880.3	   957.5	    1198	    1282	    1383
  0.1912	   608.8	   734.4	   804.9	     931	   996.1	    1081
  0.2257	   481.1	   590.3	   647.2	   694.3	   753.2	   774.4
  0.2663	   350.8	   424.7	   464.1	   485.4	   544.1	   502.5
  0.3143	   237.4	   272.4	   296.5	   319.7	   365.8	   304.5
  0.3708	   165.8	   180.1	   195.2	   221.2	   249.8	   200.9
  0.4376	     147	   155.2	   164.2	     179	   185.3	     167
  0.5164	   130.5	   135.8	   140.1	   146.2	   144.4	   138.9
  0.6094	   107.3	   111.4	   114.3	   116.7	   115.4	   111.6
  0.7191	   80.05	   82.68	   85.46	   88.38	   87.88	   83.79
  0.8486	   72.04	   73.23	   75.26	   77.55	    75.6	   73.74
   1.001	   64.65	   64.36	   65.32	    65.4	    62.1	   63.29
   1.182	   62.69	   62.04	   61.81	   60.54	   57.48	   59.56
   1.394	   54.33	   53.47	   52.53	   50.25	   47.86	   50.32
   1.645	   48.59	   47.52	   46.06	   43.74	   41.45	   44.17
   1.941	   40.43	   39.18	   38.13	   35.86	   33.66	   36.39
    2.29	   33.34	   32.34	   30.82	   28.89	    26.9	    29.6
   2.701	    22.9	   22.34	   21.47	   20.12	   18.76	    20.5
   3.185	   18.51	   17.86	   16.96	   15.91	   14.92	   16.31
   3.756	   12.29	    11.9	   11.52	   10.78	   10.04	   10.98
   4.428	   8.512	   8.275	   7.926	    7.43	   6.917	   7.584
   5.218	   4.832	   4.673	   4.533	    4.29	    3.98	   4.323
   6.146	   3.434	   3.424	   3.356	     3.2	    3.08	   3.218
   7.232	   2.438	   2.418	   2.337	   2.217	   2.089	   2.237
   8.502	   1.662	   1.641	   1.613	   1.552	   1.485	   1.552
   9.981	   1.136	   1.118	   1.117	    1.09	   1.059	    1.08
   11.69	  0.7809	  0.7648	  0.7769	  0.7691	  0.7583	  0.7555
   13.67	  0.5399	  0.5267	  0.5437	  0.5457	   0.546	  0.5314
      15	   0.433	  0.4213	  0.4392	  0.4445	  0.4486	  0.4305
      16	  0.3523	  0.3506	  0.3572	  0.3755	  0.3951	  0.3616
      17	  0.2991	  0.2952	  0.3027	  0.3405	   0.336	  0.3116
      18	  0.2562	  0.2574	  0.2646	  0.2808	  0.3149	  0.2731
      19	  0.2147	  0.2207	  0.2281	  0.2432	  0.2673	  0.2377
      20	  0.1848	   0.189	   0.196	  0.2032	  0.2379	  0.2034
      21	  0.1682	  0.1695	  0.1755	  0.1883	  0.2056	  0.1875
      22	  0.1522	   0.147	  0.1514	  0.1692	  0.1899	  0.1628
      23	  0.1317	  0.1341	  0.1392	  0.1416	  0.1528	  0.1378
      24	  0.1187	  0.1216	  0.1226	  0.1248	  0.1218	  0.1204
      25	  0.1016	  0.1047	  0.1079	  0.1095	  0.1124	  0.1071
      26	 0.09394	 0.09425	 0.09891	  0.1037	  0.1085	  0.1027
      27	 0.08445	  0.0871	 0.09257	  0.1036	  0.1181	 0.09623
      28	 0.07826	 0.07925	 0.08492	 0.09183	 0.09626	 0.08715
      29	 0.07042	 0.07342	 0.07818	 0.08265	 0.09357	 0.08157
      30	 0.06747	 0.06783	 0.07358	 0.07794	 0.08712	  0.0757
      31	 0.06058	 0.06205	 0.06605	 0.07432	 0.07958	 0.06866
      32	 0.05578	 0.05731	  0.0603	 0.06773	  0.0777	 0.06449
      33	 0.04872	 0.05145	 0.05342	 0.06183	 0.06588	 0.05879
      34	 0.04409	 0.04464	 0.04841	 0.05245	  0.0679	 0.05227
      35	 0.04033	 0.04065	 0.04314	  0.0464	 0.05814	  0.0466
      36	 0.03624	 0.03953	 0.04035	  0.0422	 0.04473	 0.04175
      37	 0.03246	 0.03388	 0.03572	 0.04322	 0.04723	 0.03852
      38	 0.02962	 0.03262	 0.03462	 0.03856	 0.04718	 0.03837
      39	 0.02889	 0.03038	 0.03274	 0.03796	  0.0453	 0.03443
      40	 0.02768	 0.02888	 0.03044	 0.03222	 0.03813	 0.03176
      41	 0.02674	 0.02736	 0.02931	 0.03003	 0.03479	 0.02996
      42	 0.02568	 0.02634	 0.02769	 0.02923	 0.03142	 0.02814
      43	 0.02457	 0.02552	 0.02592	 0.02738	 0.02898	 0.02631
      44	 0.02323	 0.02409	 0.02398	 0.02548	  0.0283	 0.02446
      45	 0.02126	 0.02209	 0.02257	 0.02348	 0.02433	  0.0226
      46	 0.01963	 0.02033	 0.02113	  0.0215	  0.0211	 0.02073
      47	 0.01746	   0.018	 0.01852	 0.01938	 0.01945	 0.01886
      48	 0.01624	 0.01703	 0.01785	 0.01869	 0.02178	  0.0187
      49	 0.01582	  0.0159	 0.01687	 0.01961	 0.02245	 0.01856
      50	 0.01462	 0.01491	 0.01581	 0.01827	  0.0236	 0.01752
      51	 0.01396	  0.0143	  0.0144	  0.0168	 0.02232	 0.01662
      52	  0.0132	 0.01343	 0.01351	  0.0144	  0.0184	 0.01496
      53	 0.01232	 0.01258	 0.01278	 0.01423	 0.01586	 0.01452
      54	 0.01149	 0.01163	 0.01176	 0.01329	 0.01715	 0.01363
      55	 0.01078	 0.01087	 0.01142	 0.01268	 0.01473	 0.01231
      56	 0.01032	 0.01025	 0.01062	  0.0122	 0.01434	 0.01159
      57	0.009307	0.009691	 0.01005	  0.0106	 0.01366	 0.01096
      58	0.009089	0.009547	0.009803	 0.01026	 0.01179	  0.0108
      59	0.008776	0.008968	0.009312	0.009545	 0.01365	 0.01021
      60	0.008015	0.008473	0.009029	0.009795	 0.01296	0.009854
      61	0.007707	0.007922	0.008749	0.009237	 0.01444	0.009679
      62	0.007313	0.007614	0.007992	0.009333	 0.01127	 0.00918
      63	0.007103	0.007412	0.007825	 0.00917	 0.01173	0.008973
      64	0.006552	0.006814	0.007391	0.007901	 0.01098	 0.00868
      65	0.006456	0.006523	0.007013	0.007648	0.008804	0.008231
      66	0.005793	0.006264	0.006759	0.007665	0.008027	0.007053
      67	0.005982	0.006016	0.006455	0.007158	0.008299	0.007103
      68	 0.00558	0.005788	0.005894	0.006799	0.009222	0.006809
      69	0.005162	0.005575	 0.00566	0.006369	0.009024	0.007013
      70	0.005175	0.005559	0.005821	0.007031	 0.00799	0.006778
      71	0.005258	0.005368	0.005668	0.006102	0.007722	0.007055
      72	0.004635	0.004789	0.005156	0.006342	0.008792	0.006851
      73	 0.00451	0.004682	0.005083	0.006052	0.008851	  0.0063
      74	0.004047	0.004313	0.004873	0.005806	0.007954	0.006019
      75	0.004023	0.004294	0.004699	0.005122	0.007348	0.005569
      76	0.003939	0.004255	0.004644	0.005279	0.006268	0.005267
      77	0.003765	0.004245	0.004536	0.005395	0.006113	0.005716
      78	 0.00335	0.004056	0.004311	0.004662	0.008288	0.005497
      79	 0.00333	0.003788	0.004031	0.004546	0.005787	0.004937
      80	0.003184	0.003504	0.003772	0.004238	0.004774	0.004572
      81	0.003149	0.003334	0.003699	0.004366	0.005057	0.003962
      82	 0.00296	0.003215	0.003708	0.004045	0.004199	0.003701
      83	0.002953	0.003231	0.003431	0.003618	0.004587	0.003745
      84	0.002537	0.003052	0.003363	0.003648	 0.00429	0.003681
      85	 0.00278	0.003142	0.003356	0.003514	 0.00443	0.003582
      86	0.002483	0.002909	0.003341	0.003619	0.003873	0.003497
      87	0.002615	  0.0028	0.003153	0.003291	0.004058	0.003411
      88	0.002579	0.002679	0.002958	0.003077	0.004035	0.003575
      89	0.002275	0.002768	 0.00307	0.003518	0.005051	0.003755
      90	0.002386	0.002739	0.002969	0.003253	 0.00429	0.003281
      91	0.001951	0.002446	0.002715	 0.00303	0.003554	0.002888
      92	0.002138	0.002389	0.002701	0.002933	0.003311	0.002833
      93	0.002222	0.002366	0.002693	0.002975	0.004086	 0.00291
      94	0.002082	0.002395	0.002744	0.002951	0.003866	0.002873
      95	0.002109	 0.00245	 0.00269	0.002886	0.003576	0.002901
      96	0.002031	0.002364	0.002628	0.002808	0.003164	0.002693
      97	0.001985	0.002232	0.002527	0.002816	0.003161	0.002675
      98	0.002008	 0.00217	0.002358	0.002696	0.003029	0.002549
      99	0.001714	0.002056	0.002321	0.002573	0.003147	0.002477
     100	0.002007	0.002183	0.002555	0.002733	0.003337	0.002673
     101	0.001963	  0.0021	0.002332	0.002732	0.003899	0.002616
     102	 0.00177	0.001951	0.002319	0.002533	0.003056	0.002491
     103	0.001743	0.002004	0.002331	0.002639	0.002907	0.002336
     104	0.001947	0.002148	  0.0023	0.002607	0.002851	0.002413
     105	0.001674	0.001927	0.002117	0.002343	   0.003	0.002273
     106	0.001674	0.001913	0.002208	0.002351	 0.00251	0.002187
     107	0.001437	0.001738	0.002235	0.002522	 0.00305	0.002305
     108	0.001736	0.002008	0.002251	 0.00257	0.003021	0.002565
     109	0.001928	0.002099	0.002177	0.002448	 0.00324	0.002561
     110	0.001641	0.001985	0.002216	0.002636	0.003855	0.002608
     111	0.001662	0.001822	0.002247	0.002645	0.003359	0.002713
     112	 0.00156	0.001831	0.002233	0.002526	 0.00299	0.002422
     113	0.001717	0.001884	 0.00218	0.002419	0.002627	0.002245
     114	0.001521	0.001779	0.001947	0.002347	0.002644	 0.00215
     115	0.001755	0.001932	0.002101	0.002295	0.002613	0.002177
     116	0.001721	0.001957	0.002128	  0.0022	0.002376	0.002157
     117	0.001764	0.001889	0.002143	 0.00242	0.003085	0.002344
     118	0.001651	0.001796	0.002017	0.002405	 0.00293	 0.00226
     119	0.001584	0.001938	0.002058	0.002258	0.003133	0.002229
     120	0.001656	0.001829	0.002079	0.002286	0.002496	0.002113
     121	0.001733	0.001864	0.001984	 0.00211	0.002289	0.002002
     122	0.001624	0.001745	0.002043	0.002312	0.002452	0.002069
     123	0.001592	0.001879	0.001925	0.002066	0.002283	0.001965
     124	0.001397	0.001695	0.001951	0.002259	0.002549	0.002042
     125	0.001535	0.001706	0.001925	0.002239	0.002877	0.002099
     126	0.001751	0.001991	0.002137	0.002509	0.002916	0.002293
     127	0.001635	0.001908	0.002023	0.002295	0.003075	0.002349
     128	0.001537	 0.00177	0.002122	0.002224	 0.00255	 0.00225
     129	 0.00154	0.001781	0.002016	0.002342	0.002569	0.002089
     130	0.001648	0.001835	0.001936	0.002086	0.002119	0.001993
     131	0.001741	0.001916	0.002042	 0.00209	0.002174	0.001968
     132	0.001757	0.001807	0.001955	0.002148	 0.00229	0.001997
     133	 0.00182	  0.0019	0.002093	0.002298	0.002536	0.002168
     134	0.001893	0.001944	0.002163	0.002324	0.002435	0.002219
     135	0.001742	0.001932	0.002047	0.002291	0.002665	  0.0022
     136	0.001797	0.001958	0.002228	0.002315	0.002742	0.002241
     137	0.001891	0.002056	 0.00221	0.002278	0.002355	0.002171
     138	0.001895	0.002032	 0.00221	0.002301	 0.00242	 0.00217
     139	 0.00183	0.002041	0.002132	0.002283	 0.00235	0.002112
     140	0.001837	0.001889	 0.00199	0.002048	0.002249	0.002075
     141	0.001784	0.001975	0.002065	0.002139	0.002492	  0.0021
     142	0.001837	0.001856	0.001971	0.002142	0.002576	0.002121
     143	0.001872	0.001906	0.002128	0.002216	0.002606	0.002167
     144	0.001796	 0.00194	0.002167	 0.00229	0.002333	0.002103
     145	 0.00186	0.001936	0.001994	0.002068	0.002227	0.002062
     146	0.001869	0.001944	0.001998	0.002068	0.002222	0.002063
     147	0.001878	0.001951	0.002002	0.002068	0.002218	0.002063
     148	0.001886	0.001958	0.002006	0.002069	0.002213	0.002063
     149	0.001895	0.001966	0.002011	0.002069	0.002209	0.002064
     150	0.001903	0.001973	0.002015	0.002069	0.002205	0.002064
     151	0.001912	 0.00198	0.002019	 0.00207	0.002201	0.002065
     152	 0.00192	0.001987	0.002024	0.002071	0.002197	0.002065
     153	0.001928	0.001994	0.002028	0.002071	0.002193	0.002066
     154	0.001936	0.002001	0.002032	0.002072	 0.00219	0.002067
     155	0.001943	0.002008	0.002036	0.002073	0.002186	0.002068
     156	0.001951	0.002015	 0.00204	0.002073	0.002183	0.002069
     157	0.001958	0.002021	0.002044	0.002074	 0.00218	0.002069
     158	0.001965	0.002027	0.002048	0.002075	0.002177	 0.00207
     159	0.001972	0.002033	0.002052	0.002076	0.002175	0.002071
     160	0.001979	0.002039	0.002055	0.002076	0.002172	0.002072
     161	0.001985	0.002045	0.002059	0.002077	 0.00217	0.002073
     162	0.001991	 0.00205	0.002062	0.002078	0.002168	0.002074
     163	0.001997	0.002055	0.002066	0.002079	0.002165	0.002074
     164	0.002003	 0.00206	0.002069	0.002079	0.002163	0.002075
     165	0.002008	0.002065	0.002072	 0.00208	0.002162	0.002076
     166	0.002013	0.002069	0.002074	0.002081	 0.00216	0.002077
     167	0.002018	0.002074	0.002077	0.002081	0.002158	0.002077
     168	0.002022	0.002077	0.002079	0.002082	0.002157	0.002078
     169	0.002026	0.002081	0.002082	0.002083	0.002155	0.002079
     170	 0.00203	0.002084	0.002084	0.002083	0.002154	0.002079
     171	0.002033	0.002087	0.002086	0.002084	0.002153	 0.00208
     172	0.002036	 0.00209	0.002087	0.002084	0.002152	 0.00208
     173	0.002039	0.002092	0.002089	0.002085	0.002151	0.002081
     174	0.002041	0.002094	 0.00209	0.002085	 0.00215	0.002081
     175	0.002043	0.002096	0.002091	0.002085	 0.00215	0.002081
     176	0.002045	0.002098	0.002092	0.002086	0.002149	0.002082
     177	0.002046	0.002099	0.002093	0.002086	0.002149	0.002082
     178	0.002047	  0.0021	0.002094	0.002086	0.002149	0.002082
     179	0.002047	  0.0021	0.002094	0.002086	0.002148	0.002082
     180	0.002048	  0.0021	0.002094	0.002086	0.002148	0.002082
