/*
Scattering Phase Functions [1/sr] at 532 nm from LISST-VSF (SN 1475), Percentiles and mean
Volume scattering function corrected and extrapolated to 180ยบ following Koestner et al. 2018 

Dilution-corrected (if applicable) IOPs [1/m], Percentiles and mean;
bbp = 0.148419	0.156390	0.166442	0.178587	0.194447	0.169465
bp = 8.656325	8.897769	9.196982	9.511927	9.815352	9.218392
cp = 11.113709	11.345610	11.583762	11.856472	12.127849	11.602996

Lat, Lon = 32.758, -117.234
Date Time UTC = 09-Aug-2016 22:17:00
Depth = 1.0 m
SPM = 9.90 g/m3
POC/SPM = 0.09 

Created by Daniel Koestner on 15-Jan-2024 15:28:36
Data Version: V4_10-Nov-2023

Column 1: Angle [deg]
Column 2: 10th Percentile Data
Column 3: 25th Percentile Data
Column 4: 50th Percentile Data
Column 5: 75th Percentile Data
Column 6: 90th Percentile Data
Column 7: Mean Data
*/
  0.0936	   301.9	   328.8	   372.3	   413.2	   451.1	     378
  0.1104	   287.4	   309.6	   344.7	   378.2	   408.6	   349.4
  0.1303	   269.9	   286.8	   312.4	   337.3	   359.6	     316
  0.1538	   248.4	   259.9	   275.9	     292	     306	   278.2
  0.1815	     224	     231	   239.8	   248.7	   256.5	     241
  0.2142	   199.2	   203.4	   207.7	   212.3	   216.5	   208.3
  0.2528	   181.8	   184.2	   186.4	   188.8	   191.1	   186.7
  0.2983	   169.2	   170.6	   171.9	     173	   174.2	   171.9
   0.352	   159.6	   160.2	     161	   161.3	   161.7	   160.8
  0.4153	   145.8	     146	   146.3	   146.2	     146	   146.1
  0.4901	   131.4	   131.3	   131.2	   131.1	   130.5	   131.1
  0.5784	   116.2	   115.9	   115.5	   115.1	   114.4	   115.4
  0.6825	   101.2	   100.7	   100.1	   99.78	   98.93	   100.1
  0.8054	   85.28	   84.58	   84.03	   83.49	   82.85	   83.98
  0.9503	   71.37	    70.8	   70.22	   69.77	   69.14	   70.19
   1.121	   57.77	   57.29	   56.72	   56.22	   55.73	   56.68
   1.323	    47.5	   47.14	   46.57	   46.14	   45.67	   46.55
   1.561	    37.2	   36.91	   36.45	   36.07	   35.68	   36.42
   1.842	   29.63	    29.4	   29.02	   28.71	    28.4	      29
   2.173	   22.66	   22.53	   22.22	   21.95	   21.71	    22.2
   2.564	   16.46	   16.26	   16.08	   15.89	   15.72	   16.05
   3.024	    13.2	    13.1	   12.93	   12.74	   12.59	    12.9
   3.566	   9.418	   9.287	   9.177	   9.079	   8.968	   9.177
   4.204	   7.437	   7.363	   7.292	   7.182	    7.09	   7.272
   4.955	   5.327	   5.266	   5.201	   5.152	   5.083	   5.198
   5.837	   4.283	   4.252	   4.213	   4.148	   4.097	   4.197
   6.871	   3.283	   3.257	   3.228	   3.182	    3.15	   3.219
    8.08	   2.513	   2.496	   2.478	   2.445	   2.416	    2.47
   9.491	   1.795	    1.78	   1.759	   1.743	   1.724	   1.758
   11.13	   1.237	   1.223	    1.21	   1.201	   1.189	   1.211
   13.01	  0.8365	  0.8333	  0.8314	  0.8303	  0.8267	  0.8313
   15.17	  0.5705	  0.5721	  0.5754	  0.5783	  0.5793	   0.575
      16	  0.4997	  0.5023	  0.5067	  0.5103	  0.5122	  0.5062
      17	  0.4257	  0.4319	   0.435	    0.44	  0.4443	   0.435
      18	   0.369	  0.3739	  0.3791	  0.3851	   0.389	  0.3796
      19	   0.321	  0.3264	  0.3337	   0.339	  0.3433	  0.3333
      20	  0.2831	  0.2898	  0.2942	  0.2998	  0.3033	  0.2944
      21	  0.2498	  0.2558	  0.2603	  0.2659	    0.27	  0.2607
      22	  0.2219	  0.2271	  0.2307	   0.236	  0.2403	  0.2315
      23	  0.1992	  0.2022	  0.2063	  0.2099	  0.2148	  0.2065
      24	  0.1778	   0.181	  0.1851	  0.1879	  0.1927	  0.1849
      25	  0.1594	  0.1625	  0.1656	  0.1693	  0.1714	  0.1657
      26	  0.1429	  0.1469	  0.1488	  0.1517	   0.154	  0.1489
      27	  0.1286	  0.1324	  0.1345	  0.1372	  0.1387	  0.1345
      28	  0.1164	  0.1193	  0.1213	  0.1236	  0.1258	  0.1215
      29	  0.1063	  0.1073	  0.1103	   0.112	  0.1144	  0.1102
      30	 0.09679	 0.09754	  0.1002	  0.1023	  0.1046	  0.1003
      31	 0.08761	 0.08892	 0.09124	 0.09311	 0.09565	 0.09143
      32	 0.08002	 0.08134	 0.08356	 0.08533	  0.0875	 0.08356
      33	  0.0728	 0.07401	 0.07632	 0.07807	 0.07962	 0.07638
      34	 0.06646	 0.06757	 0.06982	 0.07193	 0.07353	 0.06994
      35	 0.06103	 0.06194	   0.064	 0.06566	 0.06729	 0.06417
      36	 0.05611	 0.05735	 0.05929	 0.06065	 0.06261	 0.05928
      37	 0.05213	 0.05321	 0.05497	 0.05597	 0.05823	 0.05494
      38	 0.04821	 0.04941	 0.05086	 0.05228	 0.05412	   0.051
      39	 0.04467	 0.04559	 0.04689	 0.04842	 0.04996	 0.04721
      40	 0.04154	 0.04224	 0.04354	 0.04504	 0.04639	 0.04378
      41	 0.03854	 0.03918	  0.0405	   0.042	 0.04298	 0.04078
      42	 0.03579	 0.03669	 0.03797	 0.03947	 0.04087	 0.03823
      43	  0.0332	 0.03402	 0.03533	 0.03646	  0.0377	 0.03544
      44	 0.03119	 0.03198	 0.03297	 0.03415	 0.03531	 0.03315
      45	 0.02926	 0.02995	 0.03086	 0.03211	 0.03268	 0.03103
      46	 0.02738	 0.02814	 0.02897	 0.03001	 0.03062	 0.02907
      47	 0.02573	 0.02622	   0.027	 0.02797	 0.02858	 0.02721
      48	 0.02412	 0.02493	 0.02574	 0.02655	 0.02731	  0.0258
      49	 0.02287	 0.02365	 0.02422	 0.02504	 0.02576	 0.02437
      50	 0.02134	 0.02213	 0.02275	 0.02359	 0.02405	 0.02291
      51	 0.02005	  0.0206	 0.02127	  0.0221	 0.02276	 0.02145
      52	 0.01886	 0.01953	 0.02022	  0.0208	 0.02162	 0.02033
      53	 0.01774	 0.01837	 0.01891	 0.01964	 0.02032	 0.01915
      54	 0.01674	 0.01713	  0.0178	 0.01852	  0.0193	 0.01797
      55	 0.01575	 0.01632	 0.01688	 0.01761	 0.01816	 0.01698
      56	 0.01481	 0.01547	 0.01605	  0.0167	 0.01736	 0.01611
      57	 0.01421	 0.01464	  0.0152	 0.01591	  0.0167	 0.01535
      58	 0.01332	 0.01383	 0.01434	 0.01503	 0.01559	 0.01449
      59	 0.01234	 0.01293	 0.01342	 0.01404	 0.01447	 0.01348
      60	 0.01214	 0.01252	 0.01294	 0.01347	 0.01406	 0.01309
      61	 0.01153	 0.01194	 0.01239	 0.01284	 0.01326	 0.01242
      62	 0.01115	 0.01141	 0.01177	 0.01218	 0.01257	 0.01186
      63	 0.01069	 0.01095	 0.01124	 0.01158	 0.01192	 0.01131
      64	 0.01021	 0.01046	 0.01071	 0.01104	 0.01133	 0.01081
      65	0.009831	 0.01001	 0.01027	 0.01061	 0.01091	 0.01037
      66	0.009392	0.009586	0.009809	 0.01012	 0.01052	0.009944
      67	0.009006	0.009191	0.009411	0.009699	 0.01005	0.009522
      68	0.008711	0.008847	0.009046	0.009325	0.009789	0.009163
      69	0.008296	 0.00847	0.008672	0.008951	0.009346	0.008769
      70	0.007858	0.008083	0.008322	0.008564	0.008985	  0.0084
      71	0.007581	0.007759	0.007983	0.008289	0.008682	 0.00808
      72	0.007223	0.007402	0.007611	0.007945	0.008256	0.007702
      73	0.006928	0.007157	0.007353	0.007598	0.007963	0.007427
      74	0.006693	0.006902	 0.00709	0.007323	0.007663	 0.00716
      75	0.006437	0.006585	0.006777	0.007048	0.007332	0.006865
      76	0.006165	0.006327	 0.00656	0.006774	0.007076	0.006617
      77	 0.00592	0.006085	0.006298	0.006609	0.006821	 0.00637
      78	0.005681	0.005864	0.006132	0.006297	0.006516	0.006126
      79	0.005504	0.005671	0.005887	 0.00611	0.006219	0.005911
      80	0.005344	0.005456	0.005671	0.005828	0.006116	0.005709
      81	 0.00512	0.005286	0.005444	0.005664	 0.00586	0.005499
      82	0.004962	0.005125	0.005299	0.005473	0.005677	0.005325
      83	0.004781	0.004917	0.005105	 0.00533	0.005574	0.005167
      84	0.004629	0.004771	0.004954	0.005126	  0.0054	0.005014
      85	0.004494	0.004673	0.004832	0.004986	0.005287	0.004883
      86	0.004371	0.004548	0.004669	0.004837	0.005137	0.004743
      87	0.004209	0.004346	0.004521	0.004732	0.004901	0.004581
      88	 0.00408	0.004231	  0.0044	0.004568	0.004807	0.004438
      89	0.004001	 0.00414	0.004294	0.004465	0.004672	0.004333
      90	0.003877	0.004032	0.004186	0.004327	0.004621	0.004235
      91	0.003784	0.003939	0.004096	0.004229	0.004521	0.004142
      92	0.003667	0.003826	0.003974	0.004107	0.004384	0.004032
      93	0.003574	0.003711	0.003882	0.004013	0.004296	 0.00393
      94	0.003493	0.003629	0.003753	0.003932	0.004276	0.003833
      95	0.003414	0.003543	0.003679	 0.00385	0.004144	 0.00376
      96	0.003371	 0.00347	0.003638	0.003808	0.004024	0.003711
      97	0.003326	0.003406	0.003525	0.003759	0.004025	0.003635
      98	0.003222	0.003315	 0.00347	0.003658	0.003857	0.003538
      99	0.003161	 0.00328	0.003398	0.003559	0.003834	0.003479
     100	0.003143	0.003242	0.003337	0.003516	 0.00383	0.003447
     101	0.003055	0.003152	0.003271	0.003438	0.003681	0.003358
     102	0.003009	0.003111	0.003244	0.003385	0.003618	0.003312
     103	0.002988	0.003078	0.003221	 0.00334	0.003568	0.003267
     104	 0.00294	0.003039	0.003138	0.003289	0.003471	0.003223
     105	0.002912	0.002988	0.003091	0.003251	0.003402	0.003166
     106	  0.0029	0.002968	0.003066	0.003215	0.003415	0.003132
     107	0.002834	 0.00288	0.002989	0.003165	0.003371	0.003054
     108	0.002778	0.002854	0.002933	0.003091	0.003306	0.003013
     109	 0.00277	0.002831	0.002946	0.003081	0.003262	0.002992
     110	 0.00267	0.002776	0.002869	0.003018	0.003198	0.002939
     111	0.002678	0.002758	 0.00285	0.002989	 0.00319	0.002919
     112	0.002645	0.002727	0.002805	0.002929	0.003127	0.002863
     113	 0.00266	0.002748	 0.00283	0.002947	0.003146	0.002886
     114	0.002611	0.002725	0.002799	0.002902	0.003132	0.002858
     115	0.002583	0.002651	0.002753	 0.00287	0.003021	0.002801
     116	0.002593	0.002659	0.002784	0.002912	0.003082	0.002827
     117	0.002557	0.002629	 0.00271	0.002841	0.003041	0.002771
     118	0.002508	0.002592	0.002693	0.002831	 0.00295	0.002738
     119	0.002516	0.002609	 0.00267	0.002795	0.002958	0.002731
     120	 0.00251	0.002558	0.002625	0.002761	0.002951	0.002696
     121	0.002512	0.002548	0.002617	0.002763	0.002941	0.002701
     122	0.002503	 0.00254	0.002594	0.002732	0.002871	 0.00267
     123	 0.00248	0.002542	0.002603	 0.00273	0.002883	0.002666
     124	0.002469	0.002527	0.002594	 0.00272	0.002842	0.002639
     125	0.002441	0.002501	0.002582	0.002698	0.002819	0.002625
     126	0.002461	 0.00249	0.002572	0.002693	0.002784	0.002614
     127	 0.00243	0.002472	0.002562	0.002661	 0.00276	0.002592
     128	0.002443	0.002493	0.002566	0.002647	0.002733	0.002597
     129	0.002413	 0.00246	0.002532	 0.00262	0.002711	0.002564
     130	0.002435	0.002473	0.002538	0.002628	0.002731	0.002575
     131	0.002428	0.002441	0.002521	 0.00259	 0.00271	0.002553
     132	0.002421	0.002479	0.002514	0.002594	0.002662	0.002552
     133	0.002434	0.002472	0.002517	0.002603	0.002695	0.002557
     134	0.002436	0.002494	0.002542	0.002588	 0.00269	0.002566
     135	0.002449	0.002494	0.002551	0.002612	  0.0027	0.002579
     136	0.002472	0.002521	0.002563	0.002627	0.002715	0.002593
     137	 0.00245	0.002509	 0.00256	0.002625	0.002694	0.002583
     138	0.002459	0.002506	0.002564	0.002626	 0.00268	0.002587
     139	0.002481	0.002523	0.002559	0.002628	0.002701	0.002594
     140	0.002479	0.002508	0.002568	0.002625	0.002709	0.002587
     141	0.002471	0.002507	0.002562	0.002616	 0.00271	0.002585
     142	0.002464	0.002514	0.002556	0.002601	0.002701	0.002579
     143	0.002419	0.002466	0.002522	0.002578	0.002681	0.002541
     144	 0.00243	0.002465	0.002522	0.002591	0.002669	0.002543
     145	0.002447	0.002482	0.002534	0.002618	0.002674	0.002562
     146	0.002448	0.002483	0.002534	0.002615	0.002671	 0.00256
     147	 0.00245	0.002484	0.002534	0.002613	0.002669	0.002558
     148	0.002451	0.002485	0.002534	0.002611	0.002667	0.002557
     149	0.002453	0.002486	0.002535	0.002609	0.002665	0.002556
     150	0.002455	0.002488	0.002535	0.002607	0.002663	0.002555
     151	0.002457	0.002489	0.002536	0.002606	0.002661	0.002554
     152	0.002459	0.002491	0.002537	0.002604	 0.00266	0.002554
     153	0.002461	0.002493	0.002537	0.002603	0.002658	0.002553
     154	0.002463	0.002494	0.002538	0.002602	0.002657	0.002553
     155	0.002465	0.002496	0.002539	0.002601	0.002656	0.002552
     156	0.002468	0.002498	 0.00254	  0.0026	0.002655	0.002552
     157	 0.00247	  0.0025	0.002541	0.002599	0.002654	0.002552
     158	0.002472	0.002501	0.002542	0.002598	0.002653	0.002552
     159	0.002474	0.002503	0.002543	0.002598	0.002653	0.002552
     160	0.002476	0.002505	0.002545	0.002597	0.002652	0.002552
     161	0.002478	0.002507	0.002546	0.002597	0.002651	0.002552
     162	 0.00248	0.002508	0.002547	0.002596	0.002651	0.002552
     163	0.002482	 0.00251	0.002548	0.002596	0.002651	0.002552
     164	0.002484	0.002511	0.002549	0.002596	 0.00265	0.002552
     165	0.002485	0.002513	 0.00255	0.002595	 0.00265	0.002552
     166	0.002487	0.002514	0.002551	0.002595	 0.00265	0.002553
     167	0.002489	0.002516	0.002552	0.002595	0.002649	0.002553
     168	 0.00249	0.002517	0.002553	0.002595	0.002649	0.002553
     169	0.002492	0.002518	0.002553	0.002594	0.002649	0.002553
     170	0.002493	0.002519	0.002554	0.002594	0.002649	0.002553
     171	0.002494	 0.00252	0.002555	0.002594	0.002649	0.002553
     172	0.002495	0.002521	0.002556	0.002594	0.002649	0.002554
     173	0.002496	0.002522	0.002556	0.002594	0.002649	0.002554
     174	0.002497	0.002523	0.002557	0.002594	0.002649	0.002554
     175	0.002498	0.002523	0.002557	0.002594	0.002649	0.002554
     176	0.002498	0.002524	0.002558	0.002594	0.002649	0.002554
     177	0.002499	0.002524	0.002558	0.002594	0.002649	0.002554
     178	0.002499	0.002525	0.002558	0.002594	0.002649	0.002554
     179	0.002499	0.002525	0.002558	0.002594	0.002649	0.002554
     180	0.002499	0.002525	0.002558	0.002594	0.002649	0.002554
