/*
Scattering Phase Functions [1/sr] at 532 nm from LISST-VSF (SN 1475), Percentiles and mean
Volume scattering function corrected and extrapolated to 180ยบ following Koestner et al. 2018 

Dilution-corrected (if applicable) IOPs [1/m], Percentiles and mean;
bbp = 0.012212	0.012884	0.013782	0.014832	0.016035	0.013992
bp = 1.242432	1.271972	1.303506	1.337651	1.371327	1.305706
cp = 1.543123	1.578739	1.622018	1.677210	1.712525	1.628651

Lat, Lon = 32.867, -117.257
Date Time UTC = 19-Jul-2016 21:29:00
Depth = 1.0 m
SPM = 1.08 g/m3
POC/SPM = 0.39 

Created by Daniel Koestner on 15-Jan-2024 15:28:36
Data Version: V4_10-Nov-2023

Column 1: Angle [deg]
Column 2: 10th Percentile Data
Column 3: 25th Percentile Data
Column 4: 50th Percentile Data
Column 5: 75th Percentile Data
Column 6: 90th Percentile Data
Column 7: Mean Data
*/
  0.0936	   320.9	   343.7	   386.1	   482.3	   562.4	   401.7
  0.1104	   320.9	   343.7	   385.6	   463.6	   529.1	   399.1
  0.1303	   320.9	   343.7	   382.2	   438.4	   488.8	   392.2
  0.1538	   318.9	   338.6	   368.8	   402.1	   437.4	   374.2
  0.1815	   308.1	   322.7	   342.4	   358.6	   380.8	   344.3
  0.2142	   285.1	   293.9	   304.5	   312.1	   324.7	   304.8
  0.2528	   257.3	   263.2	   268.7	   273.8	     281	   268.9
  0.2983	   231.2	   235.7	   238.7	   243.2	   247.8	   239.4
   0.352	   209.4	   212.7	   214.6	   217.8	   220.7	   215.2
  0.4153	   186.5	   188.6	   189.9	   191.5	   193.1	   190.1
  0.4901	   162.6	   163.6	   164.1	   164.8	   165.3	   164.2
  0.5784	   136.3	   136.5	   136.5	   136.9	   137.1	   136.7
  0.6825	   111.7	   111.3	   111.1	   111.2	   110.9	   111.2
  0.8054	   89.55	   88.96	   88.67	    88.7	   88.33	   88.86
  0.9503	   75.03	   74.41	   73.96	   73.74	   73.03	   74.03
   1.121	   63.39	   62.79	   62.15	   61.92	   61.28	   62.27
   1.323	   54.95	   54.41	   53.81	   53.34	   52.68	    53.8
   1.561	   46.39	    45.8	   45.28	   44.87	   44.31	   45.29
   1.842	   38.69	   38.24	    37.8	   37.37	   36.82	   37.76
   2.173	   31.01	   30.68	   30.35	   29.92	   29.51	   30.27
   2.564	   23.64	   23.26	   22.97	   22.73	   22.35	   22.97
   3.024	   18.22	   18.06	   17.84	   17.54	   17.33	   17.78
   3.566	   12.75	   12.55	   12.39	   12.22	   12.04	   12.38
   4.204	   9.191	   9.094	   8.983	   8.841	   8.767	   8.972
   4.955	   6.156	   6.087	   6.017	   5.925	   5.835	   6.001
   5.837	   4.556	   4.527	   4.453	   4.394	   4.384	   4.456
   6.871	   3.259	   3.226	   3.187	   3.145	   3.119	   3.185
    8.08	    2.28	    2.26	   2.237	   2.207	   2.202	   2.235
   9.491	   1.515	   1.496	   1.481	   1.463	   1.444	    1.48
   11.13	  0.9988	  0.9928	  0.9883	  0.9766	  0.9672	  0.9852
   13.01	  0.6497	  0.6523	  0.6581	  0.6572	  0.6574	  0.6547
   15.17	  0.4264	  0.4323	  0.4419	  0.4459	  0.4504	  0.4388
      16	  0.3686	  0.3749	   0.385	  0.3899	  0.3952	   0.382
      17	  0.3131	  0.3159	  0.3243	  0.3333	  0.3381	  0.3245
      18	  0.2678	  0.2745	  0.2788	  0.2875	  0.2918	  0.2807
      19	  0.2355	  0.2411	  0.2457	  0.2521	  0.2572	  0.2461
      20	  0.2044	  0.2105	  0.2172	  0.2206	  0.2268	  0.2161
      21	  0.1811	  0.1867	  0.1919	  0.1952	  0.1971	  0.1911
      22	   0.158	   0.165	  0.1691	  0.1728	  0.1769	  0.1688
      23	  0.1396	  0.1458	  0.1499	  0.1541	  0.1568	  0.1496
      24	  0.1241	  0.1305	  0.1329	  0.1375	  0.1398	  0.1332
      25	  0.1096	  0.1166	  0.1194	  0.1223	  0.1238	  0.1188
      26	 0.09678	   0.103	  0.1064	    0.11	  0.1113	  0.1061
      27	  0.0867	 0.09268	  0.0959	 0.09872	 0.09998	 0.09548
      28	 0.07912	 0.08371	 0.08597	 0.08928	 0.09164	 0.08632
      29	  0.0706	  0.0754	 0.07781	 0.08038	 0.08211	  0.0775
      30	 0.06488	  0.0676	 0.06963	 0.07282	 0.07505	 0.07025
      31	 0.06008	 0.06147	 0.06333	 0.06686	 0.06776	 0.06414
      32	 0.05417	 0.05606	 0.05785	 0.06055	 0.06225	  0.0584
      33	 0.04941	 0.05106	 0.05222	 0.05487	 0.05572	 0.05291
      34	 0.04574	 0.04666	 0.04867	 0.05004	 0.05192	 0.04861
      35	 0.04164	 0.04278	 0.04417	 0.04569	 0.04721	 0.04437
      36	 0.03814	   0.039	 0.04061	 0.04201	 0.04303	 0.04057
      37	 0.03479	 0.03596	 0.03679	 0.03901	 0.03995	 0.03741
      38	  0.0325	 0.03319	 0.03453	 0.03611	 0.03697	 0.03475
      39	 0.03003	 0.03093	 0.03208	 0.03324	 0.03453	 0.03222
      40	 0.02791	 0.02837	 0.02954	 0.03045	 0.03188	 0.02965
      41	 0.02558	 0.02652	 0.02761	 0.02877	 0.02962	 0.02776
      42	 0.02422	 0.02522	 0.02622	 0.02697	  0.0282	 0.02624
      43	 0.02241	 0.02311	 0.02421	 0.02498	 0.02608	  0.0242
      44	 0.02061	 0.02166	 0.02264	  0.0235	 0.02465	 0.02268
      45	 0.01941	 0.02022	 0.02118	 0.02178	 0.02272	 0.02112
      46	 0.01793	 0.01871	 0.01925	 0.02026	 0.02126	 0.01957
      47	 0.01679	 0.01745	 0.01815	  0.0189	 0.02005	 0.01832
      48	 0.01573	 0.01677	 0.01715	 0.01789	 0.01915	  0.0174
      49	 0.01501	 0.01532	 0.01627	 0.01673	 0.01754	 0.01623
      50	 0.01387	 0.01438	 0.01498	 0.01551	 0.01645	 0.01506
      51	 0.01261	 0.01313	 0.01383	 0.01471	 0.01515	 0.01398
      52	 0.01216	 0.01275	 0.01325	 0.01396	 0.01442	 0.01332
      53	  0.0112	 0.01164	  0.0123	 0.01299	  0.0136	 0.01234
      54	 0.01029	 0.01057	 0.01138	 0.01216	  0.0128	 0.01151
      55	0.009901	 0.01008	 0.01072	 0.01148	 0.01204	 0.01087
      56	 0.00937	0.009641	 0.01035	   0.011	 0.01134	 0.01035
      57	0.008774	0.009228	0.009712	 0.01037	 0.01095	0.009855
      58	0.008357	0.008701	0.009266	0.009873	 0.01044	0.009383
      59	0.007639	0.007915	 0.00838	0.009098	0.009384	0.008552
      60	 0.00749	0.007877	0.008332	0.008613	0.009122	0.008327
      61	0.007093	0.007487	 0.00777	 0.00828	0.008601	0.007903
      62	0.006923	0.007206	0.007493	0.007871	  0.0081	0.007551
      63	0.006719	0.006876	0.007121	0.007463	0.007723	0.007201
      64	 0.00644	 0.00656	0.006796	0.007144	 0.00737	0.006878
      65	0.006155	0.006306	0.006505	0.006873	0.007079	0.006603
      66	0.005855	0.006028	0.006251	0.006443	0.006828	0.006326
      67	0.005677	0.005736	0.005924	0.006161	0.006693	0.006055
      68	0.005487	0.005564	0.005654	0.005925	0.006231	0.005808
      69	 0.00519	0.005333	0.005438	0.005587	0.005864	0.005518
      70	0.004899	0.005047	0.005153	0.005312	 0.00561	0.005234
      71	0.004744	 0.00483	0.004951	 0.00521	 0.00562	0.005073
      72	0.004444	0.004609	0.004717	0.004909	0.005335	0.004812
      73	0.004315	0.004429	0.004611	0.004744	0.005027	0.004652
      74	 0.00418	 0.00426	0.004378	0.004647	0.004731	0.004455
      75	 0.00396	0.004071	0.004181	0.004332	0.004504	0.004229
      76	0.003792	0.003895	0.004018	0.004165	0.004406	0.004082
      77	0.003682	0.003739	0.003876	0.004046	0.004279	0.003941
      78	  0.0035	0.003584	0.003772	0.003948	0.004152	0.003814
      79	 0.00341	0.003466	  0.0036	0.003771	0.003975	0.003671
      80	0.003252	0.003335	0.003481	 0.00366	0.003836	0.003532
      81	0.003129	 0.00323	0.003353	0.003476	0.003722	0.003392
      82	0.003002	0.003078	0.003213	0.003331	0.003632	0.003269
      83	0.002927	0.002995	0.003099	0.003316	0.003506	 0.00318
      84	0.002806	0.002883	0.003008	0.003187	0.003336	0.003063
      85	0.002742	0.002776	0.002898	0.003051	0.003214	0.002965
      86	0.002606	0.002646	 0.00277	0.002945	0.003035	0.002827
      87	0.002537	 0.00259	0.002678	 0.00286	0.003026	0.002741
      88	0.002433	0.002492	 0.00258	0.002699	0.002895	0.002642
      89	0.002348	0.002468	0.002551	 0.00269	0.002824	0.002614
      90	0.002311	0.002363	0.002449	0.002564	0.002775	0.002541
      91	0.002247	0.002316	0.002447	0.002584	0.002755	 0.00251
      92	0.002164	0.002214	0.002371	0.002462	0.002647	0.002387
      93	0.002121	0.002157	0.002279	0.002425	0.002536	0.002322
      94	0.002032	0.002096	0.002187	0.002351	0.002467	0.002238
      95	0.001993	0.002072	0.002172	0.002241	0.002361	0.002183
      96	0.001974	0.002044	0.002142	0.002241	0.002362	 0.00216
      97	0.001919	0.001986	0.002061	 0.00224	0.002336	0.002112
      98	0.001897	0.001946	 0.00204	0.002164	0.002319	0.002072
      99	0.001808	 0.00188	0.001961	0.002095	0.002193	0.001991
     100	0.001776	0.001861	0.001927	 0.00204	0.002235	0.001976
     101	0.001715	0.001812	0.001905	0.002026	 0.00209	0.001938
     102	0.001736	0.001781	 0.00189	0.002006	 0.00212	0.001911
     103	0.001749	0.001795	0.001873	0.002006	0.002174	0.001919
     104	0.001667	0.001723	  0.0018	0.001939	0.002074	0.001856
     105	0.001674	0.001718	 0.00179	0.001901	0.002062	0.001836
     106	0.001668	0.001701	0.001781	0.001869	0.002016	0.001816
     107	0.001573	0.001627	0.001704	0.001804	0.001909	0.001735
     108	0.001593	0.001618	  0.0017	0.001802	0.001908	0.001736
     109	0.001516	0.001591	0.001684	0.001761	0.001853	0.001693
     110	0.001478	0.001555	0.001634	0.001727	0.001831	 0.00166
     111	0.001501	0.001561	0.001639	0.001699	0.001822	0.001655
     112	0.001488	0.001512	0.001601	0.001663	0.001778	0.001617
     113	0.001508	0.001557	 0.00163	0.001711	0.001801	0.001653
     114	0.001473	0.001548	0.001583	0.001668	0.001773	0.001612
     115	0.001433	0.001464	0.001544	0.001642	 0.00174	 0.00157
     116	0.001475	0.001553	0.001606	0.001669	0.001783	0.001617
     117	0.001428	0.001497	0.001564	0.001631	0.001746	0.001576
     118	0.001437	0.001482	0.001555	0.001632	 0.00173	0.001567
     119	0.001391	0.001452	0.001533	0.001585	0.001694	0.001548
     120	 0.00141	0.001463	 0.00153	0.001591	0.001675	0.001546
     121	0.001411	0.001462	 0.00151	0.001586	  0.0017	 0.00154
     122	0.001417	0.001457	0.001507	0.001566	0.001653	0.001528
     123	 0.00143	 0.00146	0.001505	0.001576	0.001638	0.001527
     124	0.001396	 0.00143	0.001514	0.001554	0.001635	0.001514
     125	0.001385	0.001434	0.001486	0.001574	0.001645	0.001509
     126	 0.00137	0.001416	 0.00149	0.001564	0.001641	0.001501
     127	0.001382	0.001404	0.001495	 0.00155	0.001632	0.001501
     128	0.001383	0.001428	0.001493	0.001577	0.001669	0.001514
     129	0.001349	0.001406	0.001466	 0.00155	0.001655	0.001493
     130	0.001391	0.001433	0.001486	0.001566	0.001662	0.001517
     131	0.001347	0.001408	0.001459	0.001552	 0.00167	0.001492
     132	0.001364	0.001414	0.001497	0.001565	0.001626	0.001499
     133	 0.00135	 0.00139	0.001454	0.001543	0.001676	0.001486
     134	0.001374	0.001401	 0.00149	0.001556	0.001646	0.001503
     135	0.001381	0.001422	0.001479	0.001539	0.001605	0.001497
     136	0.001417	0.001458	0.001502	 0.00158	0.001645	0.001527
     137	0.001426	0.001457	0.001509	0.001567	0.001619	0.001521
     138	0.001443	0.001469	0.001512	0.001551	0.001622	0.001528
     139	0.001472	0.001486	0.001534	0.001575	0.001645	0.001545
     140	0.001459	0.001493	0.001526	0.001586	0.001628	0.001548
     141	0.001468	0.001489	0.001534	0.001585	0.001633	0.001543
     142	0.001434	0.001452	0.001506	0.001553	0.001637	0.001524
     143	0.001414	0.001442	0.001476	0.001527	0.001591	0.001491
     144	0.001414	0.001449	 0.00149	0.001527	0.001585	0.001496
     145	0.001428	0.001444	0.001503	0.001544	0.001581	0.001506
     146	0.001429	0.001446	0.001504	0.001545	0.001581	0.001507
     147	0.001431	0.001447	0.001506	0.001546	0.001581	0.001509
     148	0.001433	0.001449	0.001507	0.001547	0.001581	 0.00151
     149	0.001435	0.001451	0.001509	0.001549	0.001581	0.001511
     150	0.001437	0.001453	 0.00151	 0.00155	0.001581	0.001513
     151	0.001439	0.001455	0.001512	0.001551	0.001581	0.001514
     152	0.001441	0.001457	0.001514	0.001553	0.001582	0.001516
     153	0.001443	0.001458	0.001516	0.001554	0.001582	0.001517
     154	0.001445	 0.00146	0.001517	0.001555	0.001583	0.001519
     155	0.001447	0.001462	0.001519	0.001557	0.001583	 0.00152
     156	0.001449	0.001464	0.001521	0.001558	0.001584	0.001522
     157	0.001451	0.001466	0.001523	 0.00156	0.001585	0.001524
     158	0.001453	0.001468	0.001524	0.001561	0.001585	0.001525
     159	0.001455	 0.00147	0.001526	0.001562	0.001586	0.001527
     160	0.001457	0.001472	0.001528	0.001564	0.001587	0.001528
     161	0.001459	0.001473	0.001529	0.001565	0.001587	 0.00153
     162	 0.00146	0.001475	0.001531	0.001567	0.001588	0.001531
     163	0.001462	0.001477	0.001532	0.001568	0.001589	0.001532
     164	0.001464	0.001478	0.001534	0.001569	0.001589	0.001534
     165	0.001465	 0.00148	0.001535	 0.00157	 0.00159	0.001535
     166	0.001467	0.001481	0.001537	0.001571	 0.00159	0.001536
     167	0.001468	0.001482	0.001538	0.001572	0.001591	0.001537
     168	0.001469	0.001484	0.001539	0.001573	0.001591	0.001538
     169	0.001471	0.001485	 0.00154	0.001574	0.001592	0.001539
     170	0.001472	0.001486	0.001541	0.001575	0.001592	 0.00154
     171	0.001473	0.001487	0.001542	0.001576	0.001593	0.001541
     172	0.001474	0.001488	0.001543	0.001577	0.001593	0.001542
     173	0.001475	0.001488	0.001544	0.001577	0.001594	0.001543
     174	0.001475	0.001489	0.001544	0.001578	0.001594	0.001543
     175	0.001476	 0.00149	0.001545	0.001578	0.001594	0.001544
     176	0.001476	 0.00149	0.001545	0.001579	0.001594	0.001544
     177	0.001477	0.001491	0.001546	0.001579	0.001595	0.001544
     178	0.001477	0.001491	0.001546	0.001579	0.001595	0.001545
     179	0.001477	0.001491	0.001546	0.001579	0.001595	0.001545
     180	0.001477	0.001491	0.001546	 0.00158	0.001595	0.001545
