/*
Particulate absorption and scattering spectra, normalized by SPM 
Scattering spectra estimated from LISST-VSF PSD power-function fit (see Boss et al. 2013) scaled by LISST-VSF scattering coefficient at 532 nm 
Total (a_p) and MeOH-extracted (a_d) absorption spectra from UV/VIS spectrophotometer measurements with GF/F filter inside 15-cm integrating sphere
Correction for filter-pad pathlength amplification from Stramski et al. 2015 

Lat, Lon = 32.758, -117.234
Date Time UTC = 18-Aug-2016 21:42:00
Depth = 1.0 m
SPM = 3.18 g/m3
POC = 435.98 mg/m3
PSD power-law exponent (~1.5-147 µm) = 3.63 
Scattering spectra power-function exponent (400-700 nm) = 0.432 

Created by Daniel Koestner on 15-Jan-2024 15:28:39
Data Version: V4_10-Nov-2023

Column 1: wavelength [nm]
Column 2: a_p [m^2/g]
Column 3: a_d [m^2/g]
Column 4: b_p [m^2/g]
*/
     290	  0.2336	  0.2214	  0.9069
     291	   0.233	  0.2209	  0.9056
     292	  0.2323	  0.2203	  0.9043
     293	  0.2309	   0.219	  0.9029
     294	  0.2291	  0.2174	  0.9016
     295	   0.227	  0.2154	  0.9003
     296	  0.2247	  0.2133	   0.899
     297	  0.2224	   0.211	  0.8976
     298	  0.2202	  0.2087	  0.8963
     299	   0.218	  0.2064	  0.8951
     300	   0.216	  0.2041	  0.8938
     301	  0.2141	  0.2019	  0.8925
     302	  0.2123	  0.1998	  0.8912
     303	  0.2106	  0.1979	  0.8899
     304	   0.209	   0.196	  0.8887
     305	  0.2074	  0.1942	  0.8874
     306	   0.206	  0.1924	  0.8862
     307	  0.2046	  0.1908	  0.8849
     308	  0.2033	  0.1892	  0.8837
     309	   0.202	  0.1877	  0.8824
     310	  0.2008	  0.1862	  0.8812
     311	  0.1997	  0.1849	    0.88
     312	  0.1987	  0.1835	  0.8788
     313	  0.1976	  0.1822	  0.8775
     314	  0.1966	  0.1808	  0.8763
     315	  0.1956	  0.1793	  0.8751
     316	  0.1946	  0.1778	  0.8739
     317	  0.1935	  0.1761	  0.8727
     318	  0.1924	  0.1744	  0.8716
     319	  0.1912	  0.1726	  0.8704
     320	    0.19	  0.1709	  0.8692
     321	  0.1887	  0.1692	   0.868
     322	  0.1875	  0.1676	  0.8669
     323	  0.1863	  0.1661	  0.8657
     324	  0.1852	  0.1647	  0.8645
     325	  0.1841	  0.1634	  0.8634
     326	  0.1831	  0.1621	  0.8623
     327	  0.1821	  0.1609	  0.8611
     328	   0.181	  0.1597	    0.86
     329	  0.1799	  0.1584	  0.8588
     330	  0.1787	  0.1572	  0.8577
     331	  0.1774	  0.1559	  0.8566
     332	  0.1761	  0.1545	  0.8555
     333	  0.1749	  0.1532	  0.8544
     334	  0.1736	   0.152	  0.8533
     335	  0.1724	  0.1507	  0.8522
     336	  0.1712	  0.1495	  0.8511
     337	    0.17	  0.1483	    0.85
     338	  0.1688	  0.1472	  0.8489
     339	  0.1675	  0.1461	  0.8478
     340	  0.1661	   0.145	  0.8467
     341	  0.1646	  0.1439	  0.8457
     342	   0.163	  0.1428	  0.8446
     343	  0.1614	  0.1417	  0.8435
     344	  0.1597	  0.1406	  0.8425
     345	  0.1581	  0.1396	  0.8414
     346	  0.1566	  0.1386	  0.8404
     347	  0.1551	  0.1376	  0.8393
     348	  0.1536	  0.1366	  0.8383
     349	  0.1521	  0.1356	  0.8372
     350	  0.1506	  0.1346	  0.8362
     351	   0.149	  0.1336	  0.8352
     352	  0.1474	  0.1325	  0.8341
     353	  0.1458	  0.1314	  0.8331
     354	  0.1442	  0.1304	  0.8321
     355	  0.1427	  0.1294	  0.8311
     356	  0.1413	  0.1285	  0.8301
     357	    0.14	  0.1276	  0.8291
     358	  0.1388	  0.1268	  0.8281
     359	  0.1378	   0.126	  0.8271
     360	  0.1368	  0.1251	  0.8261
     361	  0.1358	  0.1243	  0.8251
     362	  0.1348	  0.1234	  0.8241
     363	  0.1339	  0.1225	  0.8231
     364	  0.1329	  0.1216	  0.8222
     365	  0.1319	  0.1207	  0.8212
     366	   0.131	  0.1198	  0.8202
     367	  0.1301	  0.1189	  0.8193
     368	  0.1293	  0.1179	  0.8183
     369	  0.1285	   0.117	  0.8173
     370	  0.1277	   0.116	  0.8164
     371	  0.1269	   0.115	  0.8154
     372	  0.1261	   0.114	  0.8145
     373	  0.1253	  0.1129	  0.8135
     374	  0.1245	  0.1119	  0.8126
     375	  0.1237	  0.1109	  0.8117
     376	  0.1229	    0.11	  0.8107
     377	  0.1221	  0.1091	  0.8098
     378	  0.1213	  0.1083	  0.8089
     379	  0.1205	  0.1076	  0.8079
     380	  0.1197	  0.1069	   0.807
     381	  0.1189	  0.1061	  0.8061
     382	  0.1181	  0.1054	  0.8052
     383	  0.1173	  0.1046	  0.8043
     384	  0.1166	  0.1037	  0.8034
     385	  0.1158	  0.1029	  0.8025
     386	  0.1151	   0.102	  0.8016
     387	  0.1144	  0.1011	  0.8007
     388	  0.1137	  0.1002	  0.7998
     389	   0.113	 0.09932	  0.7989
     390	  0.1123	 0.09846	   0.798
     391	  0.1116	 0.09764	  0.7971
     392	   0.111	 0.09686	  0.7963
     393	  0.1104	 0.09615	  0.7954
     394	  0.1099	 0.09549	  0.7945
     395	  0.1095	  0.0949	  0.7936
     396	  0.1091	 0.09436	  0.7928
     397	  0.1087	 0.09387	  0.7919
     398	  0.1083	 0.09341	  0.7911
     399	  0.1079	 0.09296	  0.7902
     400	  0.1076	 0.09251	  0.7893
     401	  0.1072	 0.09205	  0.7885
     402	  0.1068	 0.09158	  0.7876
     403	  0.1065	 0.09107	  0.7868
     404	  0.1061	 0.09054	   0.786
     405	  0.1058	 0.08998	  0.7851
     406	  0.1056	 0.08939	  0.7843
     407	  0.1053	 0.08877	  0.7835
     408	  0.1051	 0.08812	  0.7826
     409	  0.1048	 0.08746	  0.7818
     410	  0.1046	  0.0868	   0.781
     411	  0.1044	 0.08614	  0.7802
     412	  0.1041	  0.0855	  0.7793
     413	  0.1039	 0.08488	  0.7785
     414	  0.1036	 0.08429	  0.7777
     415	  0.1032	 0.08372	  0.7769
     416	  0.1029	 0.08318	  0.7761
     417	  0.1025	 0.08266	  0.7753
     418	  0.1021	 0.08216	  0.7745
     419	  0.1018	 0.08166	  0.7737
     420	  0.1014	 0.08117	  0.7729
     421	   0.101	 0.08067	  0.7721
     422	  0.1007	 0.08014	  0.7713
     423	  0.1004	  0.0796	  0.7705
     424	 0.09999	 0.07903	  0.7697
     425	 0.09963	 0.07844	   0.769
     426	 0.09925	 0.07783	  0.7682
     427	 0.09885	 0.07722	  0.7674
     428	 0.09845	 0.07661	  0.7666
     429	 0.09803	 0.07599	  0.7658
     430	  0.0976	 0.07536	  0.7651
     431	 0.09715	 0.07473	  0.7643
     432	  0.0967	 0.07409	  0.7635
     433	 0.09623	 0.07344	  0.7628
     434	 0.09576	 0.07279	   0.762
     435	 0.09528	 0.07216	  0.7613
     436	 0.09479	 0.07154	  0.7605
     437	 0.09428	 0.07095	  0.7598
     438	 0.09375	 0.07038	   0.759
     439	 0.09319	 0.06984	  0.7583
     440	  0.0926	  0.0693	  0.7575
     441	 0.09198	 0.06877	  0.7568
     442	 0.09134	 0.06823	   0.756
     443	 0.09066	 0.06768	  0.7553
     444	 0.08997	 0.06711	  0.7546
     445	 0.08926	 0.06653	  0.7538
     446	 0.08854	 0.06595	  0.7531
     447	 0.08781	 0.06539	  0.7524
     448	 0.08709	 0.06485	  0.7516
     449	 0.08639	 0.06435	  0.7509
     450	 0.08571	  0.0639	  0.7502
     451	 0.08506	 0.06347	  0.7495
     452	 0.08444	 0.06308	  0.7488
     453	 0.08386	  0.0627	  0.7481
     454	 0.08332	 0.06234	  0.7473
     455	 0.08283	 0.06197	  0.7466
     456	 0.08238	  0.0616	  0.7459
     457	 0.08197	 0.06123	  0.7452
     458	 0.08158	 0.06086	  0.7445
     459	  0.0812	 0.06049	  0.7438
     460	 0.08083	 0.06011	  0.7431
     461	 0.08044	 0.05973	  0.7424
     462	 0.08003	 0.05935	  0.7417
     463	 0.07961	 0.05897	   0.741
     464	 0.07917	 0.05858	  0.7403
     465	 0.07872	  0.0582	  0.7397
     466	 0.07826	 0.05783	   0.739
     467	  0.0778	 0.05746	  0.7383
     468	 0.07735	 0.05711	  0.7376
     469	 0.07689	 0.05677	  0.7369
     470	 0.07643	 0.05645	  0.7362
     471	 0.07597	 0.05612	  0.7356
     472	  0.0755	 0.05581	  0.7349
     473	 0.07503	 0.05549	  0.7342
     474	 0.07455	 0.05517	  0.7336
     475	 0.07409	 0.05485	  0.7329
     476	 0.07363	 0.05453	  0.7322
     477	 0.07318	 0.05421	  0.7316
     478	 0.07274	 0.05389	  0.7309
     479	 0.07231	 0.05358	  0.7302
     480	 0.07188	 0.05328	  0.7296
     481	 0.07145	 0.05298	  0.7289
     482	 0.07101	 0.05269	  0.7283
     483	 0.07058	 0.05241	  0.7276
     484	 0.07015	 0.05213	   0.727
     485	 0.06972	 0.05186	  0.7263
     486	 0.06931	  0.0516	  0.7257
     487	  0.0689	 0.05135	   0.725
     488	 0.06848	 0.05111	  0.7244
     489	 0.06806	 0.05087	  0.7238
     490	 0.06762	 0.05062	  0.7231
     491	 0.06715	 0.05037	  0.7225
     492	 0.06666	 0.05011	  0.7218
     493	 0.06615	 0.04985	  0.7212
     494	 0.06562	 0.04957	  0.7206
     495	 0.06508	 0.04931	    0.72
     496	 0.06453	 0.04906	  0.7193
     497	 0.06397	 0.04882	  0.7187
     498	  0.0634	  0.0486	  0.7181
     499	 0.06282	 0.04839	  0.7175
     500	 0.06224	 0.04818	  0.7168
     501	 0.06164	 0.04795	  0.7162
     502	 0.06104	 0.04772	  0.7156
     503	 0.06042	 0.04747	   0.715
     504	 0.05981	 0.04722	  0.7144
     505	  0.0592	 0.04696	  0.7138
     506	  0.0586	  0.0467	  0.7132
     507	 0.05802	 0.04646	  0.7125
     508	 0.05746	 0.04622	  0.7119
     509	 0.05692	 0.04598	  0.7113
     510	  0.0564	 0.04575	  0.7107
     511	  0.0559	 0.04552	  0.7101
     512	 0.05542	 0.04529	  0.7095
     513	 0.05494	 0.04505	  0.7089
     514	 0.05448	 0.04481	  0.7083
     515	 0.05402	 0.04456	  0.7077
     516	 0.05357	 0.04432	  0.7072
     517	 0.05313	 0.04408	  0.7066
     518	 0.05271	 0.04384	   0.706
     519	 0.05229	  0.0436	  0.7054
     520	  0.0519	 0.04337	  0.7048
     521	 0.05152	 0.04314	  0.7042
     522	 0.05117	 0.04291	  0.7036
     523	 0.05083	 0.04269	   0.703
     524	  0.0505	 0.04248	  0.7025
     525	 0.05019	 0.04227	  0.7019
     526	 0.04989	 0.04206	  0.7013
     527	  0.0496	 0.04186	  0.7007
     528	 0.04931	 0.04166	  0.7002
     529	 0.04902	 0.04146	  0.6996
     530	 0.04873	 0.04126	   0.699
     531	 0.04844	 0.04106	  0.6985
     532	 0.04814	 0.04085	  0.6979
     533	 0.04785	 0.04064	  0.6973
     534	 0.04755	 0.04044	  0.6968
     535	 0.04725	 0.04023	  0.6962
     536	 0.04695	 0.04003	  0.6956
     537	 0.04665	 0.03984	  0.6951
     538	 0.04637	 0.03965	  0.6945
     539	  0.0461	 0.03946	   0.694
     540	 0.04583	 0.03928	  0.6934
     541	 0.04558	 0.03909	  0.6928
     542	 0.04532	  0.0389	  0.6923
     543	 0.04506	 0.03869	  0.6917
     544	 0.04479	 0.03849	  0.6912
     545	 0.04451	 0.03827	  0.6906
     546	 0.04423	 0.03806	  0.6901
     547	 0.04395	 0.03785	  0.6896
     548	 0.04368	 0.03766	   0.689
     549	 0.04343	 0.03747	  0.6885
     550	 0.04319	 0.03731	  0.6879
     551	 0.04296	 0.03717	  0.6874
     552	 0.04274	 0.03704	  0.6869
     553	 0.04251	 0.03693	  0.6863
     554	 0.04227	 0.03682	  0.6858
     555	 0.04202	 0.03671	  0.6852
     556	 0.04176	 0.03659	  0.6847
     557	  0.0415	 0.03647	  0.6842
     558	 0.04122	 0.03633	  0.6837
     559	 0.04095	  0.0362	  0.6831
     560	 0.04067	 0.03606	  0.6826
     561	  0.0404	 0.03593	  0.6821
     562	 0.04013	 0.03581	  0.6815
     563	 0.03987	 0.03569	   0.681
     564	 0.03962	 0.03557	  0.6805
     565	 0.03938	 0.03545	    0.68
     566	 0.03916	 0.03533	  0.6795
     567	 0.03895	 0.03521	  0.6789
     568	 0.03876	 0.03509	  0.6784
     569	 0.03859	 0.03498	  0.6779
     570	 0.03842	 0.03486	  0.6774
     571	 0.03827	 0.03476	  0.6769
     572	 0.03811	 0.03466	  0.6764
     573	 0.03797	 0.03457	  0.6759
     574	 0.03782	 0.03448	  0.6754
     575	 0.03768	 0.03439	  0.6749
     576	 0.03754	  0.0343	  0.6743
     577	 0.03739	 0.03421	  0.6738
     578	 0.03725	 0.03412	  0.6733
     579	 0.03711	 0.03403	  0.6728
     580	 0.03697	 0.03394	  0.6723
     581	 0.03684	 0.03385	  0.6718
     582	 0.03671	 0.03376	  0.6713
     583	 0.03659	 0.03367	  0.6708
     584	 0.03648	 0.03357	  0.6703
     585	 0.03637	 0.03346	  0.6698
     586	 0.03626	 0.03335	  0.6694
     587	 0.03616	 0.03323	  0.6689
     588	 0.03605	 0.03311	  0.6684
     589	 0.03593	 0.03299	  0.6679
     590	 0.03581	 0.03287	  0.6674
     591	 0.03568	 0.03275	  0.6669
     592	 0.03554	 0.03263	  0.6664
     593	 0.03541	 0.03251	  0.6659
     594	 0.03527	 0.03239	  0.6654
     595	 0.03514	 0.03227	   0.665
     596	 0.03502	 0.03216	  0.6645
     597	 0.03492	 0.03205	   0.664
     598	 0.03483	 0.03195	  0.6635
     599	 0.03476	 0.03185	   0.663
     600	 0.03469	 0.03176	  0.6626
     601	 0.03463	 0.03166	  0.6621
     602	 0.03457	 0.03156	  0.6616
     603	  0.0345	 0.03145	  0.6611
     604	 0.03442	 0.03133	  0.6607
     605	 0.03433	 0.03122	  0.6602
     606	 0.03424	 0.03111	  0.6597
     607	 0.03417	 0.03101	  0.6593
     608	  0.0341	 0.03092	  0.6588
     609	 0.03406	 0.03084	  0.6583
     610	 0.03404	 0.03077	  0.6578
     611	 0.03403	 0.03071	  0.6574
     612	 0.03402	 0.03064	  0.6569
     613	 0.03401	 0.03057	  0.6565
     614	 0.03398	  0.0305	   0.656
     615	 0.03395	 0.03041	  0.6555
     616	  0.0339	 0.03032	  0.6551
     617	 0.03384	 0.03023	  0.6546
     618	 0.03378	 0.03013	  0.6542
     619	 0.03372	 0.03003	  0.6537
     620	 0.03367	 0.02994	  0.6532
     621	 0.03362	 0.02985	  0.6528
     622	 0.03356	 0.02977	  0.6523
     623	 0.03351	 0.02968	  0.6519
     624	 0.03345	 0.02958	  0.6514
     625	 0.03339	 0.02948	   0.651
     626	 0.03333	 0.02937	  0.6505
     627	 0.03326	 0.02925	  0.6501
     628	  0.0332	 0.02913	  0.6496
     629	 0.03315	 0.02901	  0.6492
     630	  0.0331	 0.02889	  0.6487
     631	 0.03305	 0.02879	  0.6483
     632	 0.03301	  0.0287	  0.6479
     633	 0.03298	 0.02863	  0.6474
     634	 0.03295	 0.02857	   0.647
     635	 0.03292	 0.02852	  0.6465
     636	  0.0329	 0.02848	  0.6461
     637	 0.03288	 0.02845	  0.6457
     638	 0.03286	 0.02841	  0.6452
     639	 0.03284	 0.02837	  0.6448
     640	 0.03281	 0.02832	  0.6444
     641	 0.03278	 0.02826	  0.6439
     642	 0.03276	 0.02819	  0.6435
     643	 0.03273	 0.02811	  0.6431
     644	 0.03269	 0.02802	  0.6426
     645	 0.03267	 0.02792	  0.6422
     646	 0.03264	 0.02783	  0.6418
     647	 0.03261	 0.02775	  0.6413
     648	 0.03259	 0.02768	  0.6409
     649	 0.03258	 0.02763	  0.6405
     650	 0.03259	 0.02759	  0.6401
     651	 0.03261	 0.02757	  0.6396
     652	 0.03266	 0.02755	  0.6392
     653	 0.03274	 0.02754	  0.6388
     654	 0.03286	 0.02752	  0.6384
     655	 0.03302	 0.02749	  0.6379
     656	 0.03322	 0.02746	  0.6375
     657	 0.03347	 0.02742	  0.6371
     658	 0.03377	 0.02736	  0.6367
     659	 0.03411	 0.02729	  0.6363
     660	  0.0345	 0.02722	  0.6358
     661	 0.03493	 0.02715	  0.6354
     662	 0.03538	 0.02709	   0.635
     663	 0.03584	 0.02703	  0.6346
     664	 0.03631	 0.02699	  0.6342
     665	 0.03677	 0.02696	  0.6338
     666	 0.03721	 0.02693	  0.6334
     667	 0.03762	 0.02691	   0.633
     668	   0.038	 0.02688	  0.6325
     669	 0.03833	 0.02685	  0.6321
     670	 0.03861	 0.02681	  0.6317
     671	 0.03884	 0.02676	  0.6313
     672	 0.03901	  0.0267	  0.6309
     673	 0.03912	 0.02663	  0.6305
     674	 0.03915	 0.02655	  0.6301
     675	 0.03912	 0.02646	  0.6297
     676	 0.03899	 0.02635	  0.6293
     677	 0.03878	 0.02623	  0.6289
     678	 0.03848	 0.02611	  0.6285
     679	 0.03808	 0.02598	  0.6281
     680	  0.0376	 0.02586	  0.6277
     681	 0.03703	 0.02575	  0.6273
     682	  0.0364	 0.02566	  0.6269
     683	  0.0357	 0.02557	  0.6265
     684	 0.03496	 0.02549	  0.6261
     685	 0.03419	  0.0254	  0.6257
     686	 0.03341	 0.02532	  0.6253
     687	 0.03262	 0.02523	  0.6249
     688	 0.03185	 0.02514	  0.6245
     689	  0.0311	 0.02505	  0.6241
     690	 0.03039	 0.02495	  0.6238
     691	 0.02972	 0.02486	  0.6234
     692	  0.0291	 0.02478	   0.623
     693	 0.02854	 0.02471	  0.6226
     694	 0.02803	 0.02465	  0.6222
     695	 0.02759	 0.02459	  0.6218
     696	 0.02721	 0.02452	  0.6214
     697	 0.02687	 0.02445	   0.621
     698	 0.02657	 0.02436	  0.6207
     699	 0.02631	 0.02427	  0.6203
     700	 0.02607	 0.02416	  0.6199
     701	 0.02585	 0.02406	  0.6195
     702	 0.02564	 0.02396	  0.6191
     703	 0.02546	 0.02386	  0.6187
     704	 0.02528	 0.02377	  0.6184
     705	 0.02511	 0.02369	   0.618
     706	 0.02496	 0.02361	  0.6176
     707	 0.02481	 0.02353	  0.6172
     708	 0.02468	 0.02346	  0.6169
     709	 0.02456	  0.0234	  0.6165
     710	 0.02446	 0.02335	  0.6161
     711	 0.02436	 0.02331	  0.6157
     712	 0.02428	 0.02328	  0.6154
     713	 0.02419	 0.02324	   0.615
     714	 0.02411	 0.02321	  0.6146
     715	 0.02401	 0.02316	  0.6142
     716	  0.0239	  0.0231	  0.6139
     717	 0.02378	 0.02302	  0.6135
     718	 0.02366	 0.02294	  0.6131
     719	 0.02354	 0.02285	  0.6128
     720	 0.02342	 0.02277	  0.6124
     721	 0.02331	 0.02269	   0.612
     722	 0.02322	 0.02262	  0.6117
     723	 0.02313	 0.02255	  0.6113
     724	 0.02303	 0.02248	  0.6109
     725	 0.02293	 0.02241	  0.6106
     726	 0.02283	 0.02234	  0.6102
     727	 0.02272	 0.02226	  0.6098
     728	 0.02261	 0.02218	  0.6095
     729	  0.0225	  0.0221	  0.6091
     730	 0.02241	 0.02203	  0.6088
     731	 0.02234	 0.02197	  0.6084
     732	 0.02227	 0.02192	   0.608
     733	 0.02221	 0.02189	  0.6077
     734	 0.02214	 0.02186	  0.6073
     735	 0.02206	 0.02182	   0.607
     736	 0.02197	 0.02178	  0.6066
     737	 0.02189	 0.02173	  0.6063
     738	 0.02181	 0.02166	  0.6059
     739	 0.02174	 0.02158	  0.6055
     740	 0.02169	 0.02149	  0.6052
     741	 0.02165	  0.0214	  0.6048
     742	 0.02162	 0.02131	  0.6045
     743	  0.0216	 0.02124	  0.6041
     744	 0.02156	 0.02118	  0.6038
     745	 0.02151	 0.02114	  0.6034
     746	 0.02145	 0.02111	  0.6031
     747	 0.02138	  0.0211	  0.6027
     748	 0.02131	 0.02108	  0.6024
     749	 0.02122	 0.02106	   0.602
     750	 0.02113	 0.02103	  0.6017
     751	 0.02104	 0.02098	  0.6014
     752	 0.02093	 0.02092	   0.601
     753	 0.02082	 0.02083	  0.6007
     754	  0.0207	 0.02074	  0.6003
     755	 0.02058	 0.02064	     0.6
     756	 0.02047	 0.02056	  0.5996
     757	 0.02038	 0.02049	  0.5993
     758	 0.02032	 0.02044	  0.5989
     759	 0.02027	 0.02042	  0.5986
     760	 0.02025	 0.02039	  0.5983
     761	 0.02024	 0.02037	  0.5979
     762	 0.02022	 0.02034	  0.5976
     763	 0.02021	 0.02029	  0.5972
     764	 0.02017	 0.02022	  0.5969
     765	 0.02012	 0.02014	  0.5966
     766	 0.02004	 0.02006	  0.5962
     767	 0.01994	 0.01997	  0.5959
     768	 0.01984	 0.01988	  0.5956
     769	 0.01973	  0.0198	  0.5952
     770	 0.01963	 0.01971	  0.5949
     771	 0.01955	 0.01963	  0.5946
     772	 0.01949	 0.01954	  0.5942
     773	 0.01945	 0.01946	  0.5939
     774	 0.01941	 0.01939	  0.5936
     775	 0.01937	 0.01931	  0.5932
     776	 0.01932	 0.01925	  0.5929
     777	 0.01926	  0.0192	  0.5926
     778	 0.01919	 0.01916	  0.5922
     779	 0.01912	 0.01914	  0.5919
     780	 0.01905	 0.01912	  0.5916
     781	 0.01897	  0.0191	  0.5913
     782	  0.0189	 0.01908	  0.5909
     783	 0.01882	 0.01905	  0.5906
     784	 0.01875	 0.01901	  0.5903
     785	 0.01869	 0.01896	    0.59
     786	 0.01863	  0.0189	  0.5896
     787	 0.01859	 0.01883	  0.5893
     788	 0.01858	 0.01876	   0.589
     789	 0.01858	 0.01868	  0.5887
     790	  0.0186	 0.01861	  0.5883
     791	 0.01861	 0.01853	   0.588
     792	 0.01861	 0.01845	  0.5877
     793	  0.0186	 0.01837	  0.5874
     794	 0.01856	  0.0183	  0.5871
     795	  0.0185	 0.01824	  0.5867
     796	 0.01844	  0.0182	  0.5864
     797	 0.01837	 0.01817	  0.5861
     798	  0.0183	 0.01815	  0.5858
     799	 0.01824	 0.01814	  0.5855
     800	 0.01819	 0.01814	  0.5852
     801	 0.01815	 0.01815	  0.5848
     802	 0.01811	 0.01816	  0.5845
     803	 0.01807	 0.01817	  0.5842
     804	 0.01802	 0.01818	  0.5839
     805	 0.01798	 0.01818	  0.5836
     806	 0.01794	 0.01816	  0.5833
     807	  0.0179	 0.01814	   0.583
     808	 0.01784	 0.01806	  0.5826
     809	 0.01779	 0.01795	  0.5823
     810	 0.01773	  0.0178	   0.582
     811	 0.01767	 0.01764	  0.5817
     812	  0.0176	 0.01747	  0.5814
     813	 0.01754	 0.01734	  0.5811
     814	 0.01749	 0.01727	  0.5808
     815	 0.01744	 0.01725	  0.5805
     816	 0.01738	 0.01728	  0.5802
     817	 0.01732	 0.01735	  0.5799
     818	 0.01725	 0.01744	  0.5796
     819	 0.01717	 0.01751	  0.5793
     820	 0.01709	 0.01755	   0.579
     821	 0.01702	 0.01755	  0.5786
     822	 0.01695	 0.01752	  0.5783
     823	  0.0169	 0.01746	   0.578
     824	 0.01687	  0.0174	  0.5777
     825	 0.01687	 0.01735	  0.5774
     826	  0.0169	 0.01733	  0.5771
     827	 0.01694	 0.01734	  0.5768
     828	 0.01699	 0.01737	  0.5765
     829	 0.01706	 0.01741	  0.5762
     830	 0.01714	 0.01743	  0.5759
     831	 0.01722	 0.01745	  0.5756
     832	 0.01729	 0.01744	  0.5753
     833	 0.01736	 0.01743	   0.575
     834	 0.01742	 0.01741	  0.5747
     835	 0.01746	  0.0174	  0.5744
     836	 0.01748	 0.01739	  0.5741
     837	 0.01748	 0.01739	  0.5738
     838	 0.01746	 0.01739	  0.5735
     839	 0.01743	 0.01738	  0.5733
     840	  0.0174	 0.01737	   0.573
     841	 0.01735	 0.01733	  0.5727
     842	 0.01731	 0.01729	  0.5724
     843	 0.01726	 0.01723	  0.5721
     844	  0.0172	 0.01718	  0.5718
     845	 0.01714	 0.01713	  0.5715
     846	 0.01708	 0.01709	  0.5712
     847	 0.01701	 0.01706	  0.5709
     848	 0.01694	 0.01703	  0.5706
     849	 0.01687	 0.01701	  0.5703
     850	 0.01679	 0.01699	    0.57
