/*
Particulate absorption and scattering spectra, normalized by SPM 
Scattering spectra estimated from LISST-VSF PSD power-function fit (see Boss et al. 2013) scaled by LISST-VSF scattering coefficient at 532 nm 
Total (a_p) and MeOH-extracted (a_d) absorption spectra from UV/VIS spectrophotometer measurements with GF/F filter inside 15-cm integrating sphere
Correction for filter-pad pathlength amplification from Stramski et al. 2015 

Lat, Lon = 32.906, -117.337
Date Time UTC = 19-Sep-2016 19:07:00
Depth = 18.0 m
SPM = 0.36 g/m3
POC = 153.26 mg/m3
PSD power-law exponent (~1.5-147 µm) = 3.92 
Scattering spectra power-function exponent (400-700 nm) = 0.720 

Created by Daniel Koestner on 15-Jan-2024 15:28:39
Data Version: V4_10-Nov-2023

Column 1: wavelength [nm]
Column 2: a_p [m^2/g]
Column 3: a_d [m^2/g]
Column 4: b_p [m^2/g]
*/
     290	  0.3081	  0.2411	   1.566
     291	  0.3052	  0.2385	   1.562
     292	  0.3015	  0.2354	   1.559
     293	  0.2946	  0.2293	   1.555
     294	  0.2863	   0.222	   1.551
     295	  0.2768	  0.2137	   1.547
     296	  0.2671	  0.2051	   1.543
     297	  0.2576	  0.1966	    1.54
     298	  0.2486	  0.1886	   1.536
     299	  0.2403	  0.1814	   1.532
     300	  0.2328	  0.1749	   1.529
     301	  0.2261	  0.1692	   1.525
     302	  0.2201	  0.1642	   1.521
     303	   0.215	    0.16	   1.518
     304	  0.2105	  0.1563	   1.514
     305	  0.2067	  0.1531	    1.51
     306	  0.2034	  0.1503	   1.507
     307	  0.2005	  0.1477	   1.503
     308	   0.198	  0.1454	     1.5
     309	  0.1957	  0.1432	   1.496
     310	  0.1936	  0.1412	   1.493
     311	  0.1917	  0.1393	   1.489
     312	    0.19	  0.1375	   1.486
     313	  0.1884	   0.136	   1.483
     314	  0.1869	  0.1346	   1.479
     315	  0.1855	  0.1332	   1.476
     316	  0.1843	  0.1319	   1.472
     317	  0.1831	  0.1305	   1.469
     318	  0.1819	   0.129	   1.466
     319	  0.1807	  0.1272	   1.462
     320	  0.1794	  0.1254	   1.459
     321	   0.178	  0.1234	   1.456
     322	  0.1767	  0.1214	   1.453
     323	  0.1754	  0.1195	   1.449
     324	  0.1742	  0.1178	   1.446
     325	  0.1731	  0.1162	   1.443
     326	  0.1722	  0.1148	    1.44
     327	  0.1713	  0.1135	   1.437
     328	  0.1704	  0.1123	   1.433
     329	  0.1695	  0.1111	    1.43
     330	  0.1684	  0.1099	   1.427
     331	  0.1673	  0.1086	   1.424
     332	  0.1661	  0.1074	   1.421
     333	  0.1649	   0.106	   1.418
     334	  0.1638	  0.1047	   1.415
     335	  0.1628	  0.1034	   1.412
     336	   0.162	  0.1022	   1.409
     337	  0.1613	  0.1012	   1.406
     338	  0.1606	  0.1002	   1.403
     339	  0.1599	 0.09933	     1.4
     340	  0.1592	 0.09855	   1.397
     341	  0.1584	 0.09781	   1.394
     342	  0.1576	 0.09709	   1.391
     343	  0.1567	 0.09638	   1.388
     344	  0.1557	 0.09569	   1.385
     345	  0.1547	 0.09502	   1.382
     346	  0.1538	 0.09437	   1.379
     347	  0.1529	 0.09374	   1.376
     348	  0.1521	  0.0931	   1.374
     349	  0.1514	 0.09244	   1.371
     350	  0.1508	 0.09175	   1.368
     351	  0.1503	 0.09106	   1.365
     352	  0.1498	 0.09037	   1.362
     353	  0.1495	 0.08972	    1.36
     354	  0.1493	 0.08914	   1.357
     355	  0.1491	 0.08862	   1.354
     356	   0.149	 0.08815	   1.351
     357	  0.1489	 0.08768	   1.349
     358	  0.1489	 0.08718	   1.346
     359	  0.1488	 0.08659	   1.343
     360	  0.1486	  0.0859	    1.34
     361	  0.1484	 0.08509	   1.338
     362	  0.1482	 0.08421	   1.335
     363	  0.1481	 0.08332	   1.333
     364	   0.148	 0.08246	    1.33
     365	   0.148	  0.0817	   1.327
     366	  0.1482	 0.08106	   1.325
     367	  0.1485	 0.08053	   1.322
     368	  0.1489	 0.08009	   1.319
     369	  0.1493	 0.07971	   1.317
     370	  0.1499	 0.07935	   1.314
     371	  0.1504	 0.07895	   1.312
     372	  0.1509	  0.0785	   1.309
     373	  0.1513	 0.07796	   1.307
     374	  0.1515	 0.07732	   1.304
     375	  0.1515	 0.07659	   1.302
     376	  0.1513	 0.07579	   1.299
     377	  0.1509	 0.07494	   1.297
     378	  0.1505	 0.07409	   1.294
     379	  0.1501	 0.07326	   1.292
     380	  0.1499	  0.0725	   1.289
     381	  0.1497	 0.07183	   1.287
     382	  0.1499	 0.07129	   1.284
     383	  0.1502	 0.07087	   1.282
     384	  0.1507	 0.07058	    1.28
     385	  0.1513	 0.07037	   1.277
     386	   0.152	 0.07022	   1.275
     387	  0.1527	 0.07007	   1.272
     388	  0.1533	 0.06991	    1.27
     389	  0.1539	  0.0697	   1.268
     390	  0.1543	 0.06947	   1.265
     391	  0.1547	 0.06921	   1.263
     392	  0.1549	 0.06892	   1.261
     393	  0.1551	 0.06862	   1.258
     394	  0.1553	 0.06828	   1.256
     395	  0.1554	  0.0679	   1.254
     396	  0.1555	 0.06749	   1.252
     397	  0.1558	 0.06708	   1.249
     398	  0.1563	  0.0667	   1.247
     399	  0.1569	 0.06639	   1.245
     400	  0.1577	 0.06617	   1.243
     401	  0.1587	 0.06603	    1.24
     402	  0.1599	 0.06596	   1.238
     403	  0.1611	 0.06591	   1.236
     404	  0.1624	 0.06586	   1.234
     405	  0.1637	 0.06578	   1.231
     406	  0.1648	 0.06566	   1.229
     407	  0.1659	 0.06549	   1.227
     408	   0.167	 0.06529	   1.225
     409	  0.1679	 0.06503	   1.223
     410	  0.1687	  0.0647	   1.221
     411	  0.1695	 0.06429	   1.219
     412	  0.1701	 0.06381	   1.216
     413	  0.1707	 0.06327	   1.214
     414	  0.1712	  0.0627	   1.212
     415	  0.1717	 0.06214	    1.21
     416	   0.172	 0.06161	   1.208
     417	  0.1724	 0.06112	   1.206
     418	  0.1726	 0.06064	   1.204
     419	  0.1728	 0.06017	   1.202
     420	   0.173	 0.05967	     1.2
     421	  0.1732	 0.05916	   1.198
     422	  0.1734	 0.05862	   1.196
     423	  0.1737	 0.05809	   1.194
     424	  0.1741	 0.05758	   1.191
     425	  0.1745	 0.05709	   1.189
     426	  0.1749	 0.05665	   1.187
     427	  0.1754	 0.05623	   1.185
     428	  0.1759	 0.05584	   1.183
     429	  0.1764	 0.05547	   1.181
     430	  0.1769	 0.05512	   1.179
     431	  0.1775	 0.05479	   1.178
     432	   0.178	 0.05447	   1.176
     433	  0.1785	 0.05415	   1.174
     434	  0.1789	 0.05381	   1.172
     435	  0.1792	 0.05345	    1.17
     436	  0.1793	 0.05304	   1.168
     437	  0.1792	 0.05259	   1.166
     438	  0.1789	 0.05211	   1.164
     439	  0.1784	 0.05162	   1.162
     440	  0.1777	 0.05114	    1.16
     441	   0.177	 0.05068	   1.158
     442	  0.1762	 0.05024	   1.156
     443	  0.1754	 0.04981	   1.154
     444	  0.1745	 0.04937	   1.153
     445	  0.1735	 0.04891	   1.151
     446	  0.1725	  0.0484	   1.149
     447	  0.1714	 0.04785	   1.147
     448	  0.1702	 0.04727	   1.145
     449	  0.1691	 0.04668	   1.143
     450	   0.168	 0.04608	   1.142
     451	  0.1669	 0.04548	    1.14
     452	  0.1659	  0.0449	   1.138
     453	  0.1651	 0.04432	   1.136
     454	  0.1643	 0.04375	   1.134
     455	  0.1636	 0.04318	   1.132
     456	  0.1631	 0.04263	   1.131
     457	  0.1625	 0.04209	   1.129
     458	  0.1621	 0.04158	   1.127
     459	  0.1616	 0.04111	   1.125
     460	  0.1611	 0.04068	   1.124
     461	  0.1606	 0.04028	   1.122
     462	  0.1601	 0.03991	    1.12
     463	  0.1595	 0.03955	   1.118
     464	  0.1588	 0.03918	   1.117
     465	  0.1581	  0.0388	   1.115
     466	  0.1573	  0.0384	   1.113
     467	  0.1565	   0.038	   1.111
     468	  0.1556	 0.03761	    1.11
     469	  0.1547	 0.03723	   1.108
     470	  0.1538	 0.03688	   1.106
     471	  0.1528	 0.03655	   1.105
     472	  0.1518	 0.03623	   1.103
     473	  0.1507	 0.03592	   1.101
     474	  0.1496	 0.03561	     1.1
     475	  0.1485	  0.0353	   1.098
     476	  0.1473	 0.03499	   1.096
     477	  0.1461	 0.03469	   1.095
     478	   0.145	 0.03441	   1.093
     479	  0.1438	 0.03414	   1.091
     480	  0.1427	 0.03389	    1.09
     481	  0.1416	 0.03364	   1.088
     482	  0.1405	 0.03339	   1.086
     483	  0.1393	 0.03312	   1.085
     484	  0.1382	 0.03282	   1.083
     485	   0.137	 0.03249	   1.082
     486	  0.1357	 0.03214	    1.08
     487	  0.1344	 0.03177	   1.078
     488	  0.1331	  0.0314	   1.077
     489	  0.1317	 0.03105	   1.075
     490	  0.1302	 0.03071	   1.074
     491	  0.1287	 0.03041	   1.072
     492	  0.1271	 0.03013	    1.07
     493	  0.1254	 0.02987	   1.069
     494	  0.1237	 0.02964	   1.067
     495	  0.1219	 0.02942	   1.066
     496	  0.1201	 0.02921	   1.064
     497	  0.1184	 0.02902	   1.063
     498	  0.1166	 0.02882	   1.061
     499	  0.1148	 0.02862	    1.06
     500	  0.1131	  0.0284	   1.058
     501	  0.1113	 0.02817	   1.057
     502	  0.1096	 0.02791	   1.055
     503	  0.1079	 0.02765	   1.054
     504	  0.1062	 0.02737	   1.052
     505	  0.1045	 0.02709	   1.051
     506	  0.1029	  0.0268	   1.049
     507	  0.1012	 0.02652	   1.048
     508	  0.0997	 0.02625	   1.046
     509	 0.09822	 0.02599	   1.045
     510	 0.09682	 0.02575	   1.043
     511	 0.09548	 0.02553	   1.042
     512	 0.09421	 0.02532	    1.04
     513	 0.09298	 0.02514	   1.039
     514	 0.09179	 0.02498	   1.037
     515	  0.0906	 0.02482	   1.036
     516	 0.08943	 0.02467	   1.034
     517	 0.08826	 0.02451	   1.033
     518	 0.08709	 0.02434	   1.031
     519	 0.08592	 0.02417	    1.03
     520	 0.08476	   0.024	   1.029
     521	  0.0836	 0.02384	   1.027
     522	 0.08245	 0.02369	   1.026
     523	  0.0813	 0.02355	   1.024
     524	 0.08016	 0.02344	   1.023
     525	 0.07902	 0.02334	   1.022
     526	 0.07788	 0.02324	    1.02
     527	 0.07674	 0.02315	   1.019
     528	 0.07559	 0.02304	   1.017
     529	 0.07444	 0.02292	   1.016
     530	 0.07328	 0.02278	   1.015
     531	 0.07212	 0.02262	   1.013
     532	 0.07095	 0.02245	   1.012
     533	 0.06978	 0.02227	   1.011
     534	 0.06862	 0.02209	   1.009
     535	 0.06747	 0.02192	   1.008
     536	 0.06635	 0.02178	   1.006
     537	 0.06526	 0.02165	   1.005
     538	 0.06422	 0.02155	   1.004
     539	 0.06322	 0.02148	   1.002
     540	 0.06228	 0.02144	   1.001
     541	 0.06139	 0.02142	  0.9997
     542	 0.06055	 0.02142	  0.9984
     543	 0.05972	 0.02142	  0.9971
     544	 0.05889	  0.0214	  0.9958
     545	 0.05804	 0.02134	  0.9944
     546	 0.05713	 0.02124	  0.9931
     547	 0.05618	 0.02107	  0.9918
     548	 0.05518	 0.02086	  0.9905
     549	 0.05415	 0.02062	  0.9892
     550	 0.05313	 0.02038	  0.9879
     551	 0.05212	 0.02015	  0.9866
     552	 0.05113	 0.01995	  0.9853
     553	 0.05016	 0.01979	  0.9841
     554	 0.04919	 0.01964	  0.9828
     555	 0.04821	  0.0195	  0.9815
     556	 0.04723	 0.01936	  0.9802
     557	 0.04625	 0.01919	   0.979
     558	 0.04528	   0.019	  0.9777
     559	 0.04436	 0.01878	  0.9764
     560	  0.0435	 0.01855	  0.9752
     561	 0.04271	 0.01831	  0.9739
     562	   0.042	 0.01807	  0.9727
     563	 0.04135	 0.01785	  0.9714
     564	 0.04075	 0.01764	  0.9702
     565	 0.04019	 0.01747	   0.969
     566	 0.03967	 0.01732	  0.9677
     567	 0.03918	 0.01719	  0.9665
     568	 0.03874	  0.0171	  0.9653
     569	 0.03834	 0.01702	   0.964
     570	   0.038	 0.01696	  0.9628
     571	 0.03771	 0.01691	  0.9616
     572	 0.03745	 0.01686	  0.9604
     573	 0.03723	  0.0168	  0.9592
     574	 0.03702	 0.01674	   0.958
     575	 0.03683	 0.01666	  0.9568
     576	 0.03666	 0.01657	  0.9556
     577	 0.03651	 0.01648	  0.9544
     578	 0.03639	 0.01639	  0.9532
     579	 0.03631	 0.01631	   0.952
     580	 0.03627	 0.01623	  0.9508
     581	 0.03628	 0.01617	  0.9497
     582	 0.03631	 0.01611	  0.9485
     583	 0.03639	 0.01605	  0.9473
     584	 0.03648	   0.016	  0.9462
     585	 0.03659	 0.01595	   0.945
     586	  0.0367	 0.01589	  0.9438
     587	 0.03679	 0.01583	  0.9427
     588	 0.03687	 0.01578	  0.9415
     589	  0.0369	 0.01572	  0.9404
     590	 0.03689	 0.01567	  0.9392
     591	 0.03682	 0.01561	  0.9381
     592	  0.0367	 0.01555	  0.9369
     593	 0.03653	 0.01548	  0.9358
     594	 0.03633	  0.0154	  0.9347
     595	  0.0361	 0.01532	  0.9335
     596	 0.03586	 0.01523	  0.9324
     597	 0.03561	 0.01514	  0.9313
     598	 0.03536	 0.01505	  0.9301
     599	 0.03511	 0.01495	   0.929
     600	 0.03486	 0.01485	  0.9279
     601	 0.03463	 0.01475	  0.9268
     602	  0.0344	 0.01464	  0.9257
     603	  0.0342	 0.01454	  0.9246
     604	 0.03402	 0.01445	  0.9235
     605	 0.03387	 0.01437	  0.9224
     606	 0.03376	 0.01429	  0.9213
     607	 0.03368	 0.01422	  0.9202
     608	 0.03364	 0.01414	  0.9191
     609	 0.03364	 0.01406	   0.918
     610	 0.03367	 0.01397	  0.9169
     611	 0.03373	 0.01388	  0.9159
     612	 0.03382	 0.01379	  0.9148
     613	 0.03393	 0.01371	  0.9137
     614	 0.03406	 0.01364	  0.9126
     615	  0.0342	 0.01359	  0.9116
     616	 0.03435	 0.01356	  0.9105
     617	  0.0345	 0.01354	  0.9094
     618	 0.03464	 0.01351	  0.9084
     619	 0.03476	 0.01348	  0.9073
     620	 0.03487	 0.01344	  0.9063
     621	 0.03496	 0.01339	  0.9052
     622	 0.03506	 0.01334	  0.9042
     623	 0.03515	 0.01329	  0.9031
     624	 0.03524	 0.01324	  0.9021
     625	 0.03533	 0.01318	   0.901
     626	 0.03542	 0.01313	     0.9
     627	 0.03549	 0.01307	   0.899
     628	 0.03557	 0.01301	  0.8979
     629	 0.03564	 0.01295	  0.8969
     630	 0.03572	  0.0129	  0.8959
     631	 0.03582	 0.01286	  0.8949
     632	 0.03594	 0.01283	  0.8938
     633	 0.03608	 0.01279	  0.8928
     634	 0.03622	 0.01275	  0.8918
     635	 0.03636	 0.01269	  0.8908
     636	 0.03648	 0.01262	  0.8898
     637	 0.03657	 0.01254	  0.8888
     638	 0.03663	 0.01245	  0.8878
     639	 0.03668	 0.01236	  0.8868
     640	  0.0367	 0.01228	  0.8858
     641	 0.03671	 0.01222	  0.8848
     642	 0.03672	 0.01218	  0.8838
     643	 0.03671	 0.01215	  0.8828
     644	 0.03671	 0.01215	  0.8818
     645	 0.03671	 0.01215	  0.8808
     646	 0.03672	 0.01215	  0.8798
     647	 0.03676	 0.01216	  0.8789
     648	 0.03682	 0.01217	  0.8779
     649	 0.03694	 0.01217	  0.8769
     650	 0.03711	 0.01218	  0.8759
     651	 0.03738	 0.01218	   0.875
     652	 0.03775	 0.01217	   0.874
     653	 0.03826	 0.01216	   0.873
     654	 0.03893	 0.01215	  0.8721
     655	 0.03977	 0.01214	  0.8711
     656	 0.04081	 0.01213	  0.8702
     657	 0.04206	 0.01212	  0.8692
     658	 0.04353	 0.01213	  0.8683
     659	 0.04521	 0.01213	  0.8673
     660	 0.04711	 0.01213	  0.8664
     661	  0.0492	 0.01212	  0.8654
     662	 0.05144	  0.0121	  0.8645
     663	  0.0538	 0.01207	  0.8635
     664	 0.05622	 0.01202	  0.8626
     665	 0.05863	 0.01196	  0.8617
     666	 0.06099	 0.01188	  0.8607
     667	 0.06323	 0.01179	  0.8598
     668	 0.06533	 0.01171	  0.8589
     669	 0.06724	 0.01163	   0.858
     670	 0.06892	 0.01157	   0.857
     671	 0.07033	 0.01152	  0.8561
     672	 0.07143	 0.01147	  0.8552
     673	 0.07218	 0.01143	  0.8543
     674	 0.07253	 0.01138	  0.8534
     675	 0.07246	 0.01132	  0.8525
     676	 0.07196	 0.01125	  0.8516
     677	 0.07105	 0.01118	  0.8506
     678	 0.06974	 0.01112	  0.8497
     679	 0.06807	 0.01107	  0.8488
     680	 0.06605	 0.01103	  0.8479
     681	  0.0637	 0.01098	   0.847
     682	 0.06106	 0.01093	  0.8461
     683	 0.05816	 0.01086	  0.8453
     684	 0.05506	 0.01077	  0.8444
     685	 0.05181	 0.01067	  0.8435
     686	 0.04849	 0.01056	  0.8426
     687	 0.04518	 0.01045	  0.8417
     688	 0.04195	 0.01035	  0.8408
     689	 0.03887	 0.01026	  0.8399
     690	 0.03596	 0.01018	  0.8391
     691	 0.03328	 0.01009	  0.8382
     692	 0.03083	0.009999	  0.8373
     693	 0.02861	0.009893	  0.8365
     694	 0.02661	0.009768	  0.8356
     695	 0.02482	0.009628	  0.8347
     696	 0.02322	0.009481	  0.8339
     697	 0.02181	0.009341	   0.833
     698	 0.02059	 0.00922	  0.8321
     699	 0.01953	 0.00913	  0.8313
     700	 0.01864	0.009071	  0.8304
     701	 0.01789	0.009034	  0.8296
     702	 0.01725	0.009007	  0.8287
     703	 0.01669	0.008974	  0.8279
     704	 0.01618	0.008922	   0.827
     705	 0.01569	0.008845	  0.8262
     706	 0.01521	0.008746	  0.8253
     707	 0.01475	0.008635	  0.8245
     708	 0.01431	0.008523	  0.8237
     709	 0.01391	0.008421	  0.8228
     710	 0.01355	0.008339	   0.822
     711	 0.01323	 0.00828	  0.8212
     712	 0.01295	0.008243	  0.8203
     713	 0.01272	0.008226	  0.8195
     714	 0.01251	0.008222	  0.8187
     715	 0.01234	0.008221	  0.8178
     716	 0.01218	0.008214	   0.817
     717	 0.01204	0.008193	  0.8162
     718	  0.0119	0.008146	  0.8154
     719	 0.01174	0.008068	  0.8146
     720	 0.01156	0.007957	  0.8137
     721	 0.01135	0.007818	  0.8129
     722	  0.0111	0.007663	  0.8121
     723	 0.01082	 0.00751	  0.8113
     724	 0.01053	0.007372	  0.8105
     725	 0.01023	0.007263	  0.8097
     726	0.009934	0.007185	  0.8089
     727	0.009661	0.007128	  0.8081
     728	0.009411	0.007077	  0.8073
     729	0.009191	0.007021	  0.8065
     730	   0.009	 0.00695	  0.8057
     731	0.008839	0.006864	  0.8049
     732	0.008708	0.006774	  0.8041
     733	0.008604	0.006695	  0.8033
     734	0.008517	0.006633	  0.8025
     735	0.008437	0.006594	  0.8018
     736	0.008354	0.006577	   0.801
     737	0.008258	0.006572	  0.8002
     738	0.008146	0.006571	  0.7994
     739	0.008025	0.006574	  0.7986
     740	0.007904	0.006582	  0.7978
     741	 0.00779	0.006597	  0.7971
     742	0.007691	0.006623	  0.7963
     743	0.007607	0.006657	  0.7955
     744	0.007531	0.006686	  0.7948
     745	0.007457	0.006699	   0.794
     746	0.007377	0.006684	  0.7932
     747	0.007286	0.006636	  0.7925
     748	0.007182	0.006559	  0.7917
     749	0.007069	0.006464	  0.7909
     750	 0.00695	0.006364	  0.7902
     751	0.006829	 0.00627	  0.7894
     752	0.006706	0.006188	  0.7887
     753	0.006587	 0.00612	  0.7879
     754	 0.00647	0.006062	  0.7872
     755	0.006354	0.006011	  0.7864
     756	0.006238	0.005971	  0.7857
     757	0.006126	0.005942	  0.7849
     758	0.006014	0.005921	  0.7842
     759	0.005906	0.005908	  0.7834
     760	0.005805	0.005893	  0.7827
     761	 0.00571	 0.00586	  0.7819
     762	0.005617	0.005801	  0.7812
     763	0.005528	0.005715	  0.7805
     764	0.005443	0.005606	  0.7797
     765	0.005367	0.005494	   0.779
     766	0.005309	0.005404	  0.7783
     767	0.005284	0.005358	  0.7775
     768	0.005304	0.005366	  0.7768
     769	0.005372	0.005429	  0.7761
     770	0.005478	0.005531	  0.7753
     771	0.005602	0.005642	  0.7746
     772	0.005715	 0.00573	  0.7739
     773	0.005789	0.005767	  0.7732
     774	0.005806	0.005739	  0.7725
     775	0.005765	0.005644	  0.7717
     776	0.005674	0.005502	   0.771
     777	0.005558	0.005344	  0.7703
     778	0.005444	0.005201	  0.7696
     779	0.005348	0.005097	  0.7689
     780	0.005284	0.005048	  0.7682
     781	0.005252	0.005053	  0.7675
     782	0.005242	0.005095	  0.7668
     783	0.005238	0.005157	   0.766
     784	0.005232	0.005224	  0.7653
     785	0.005211	0.005277	  0.7646
     786	0.005169	0.005311	  0.7639
     787	0.005109	0.005326	  0.7632
     788	0.005041	0.005325	  0.7625
     789	0.004972	0.005312	  0.7618
     790	0.004919	0.005294	  0.7612
     791	0.004897	0.005274	  0.7605
     792	0.004913	0.005255	  0.7598
     793	 0.00496	0.005228	  0.7591
     794	0.005022	0.005186	  0.7584
     795	0.005071	0.005117	  0.7577
     796	 0.00508	0.005015	   0.757
     797	0.005027	0.004874	  0.7563
     798	0.004913	  0.0047	  0.7557
     799	0.004761	0.004512	   0.755
     800	0.004599	0.004328	  0.7543
     801	0.004462	0.004169	  0.7536
     802	0.004376	0.004055	  0.7529
     803	0.004347	0.003991	  0.7523
     804	0.004363	0.003977	  0.7516
     805	0.004406	0.004002	  0.7509
     806	0.004455	0.004059	  0.7502
     807	0.004495	0.004122	  0.7496
     808	0.004529	0.004218	  0.7489
     809	0.004564	0.004331	  0.7482
     810	0.004612	0.004466	  0.7476
     811	0.004679	0.004611	  0.7469
     812	0.004765	0.004765	  0.7462
     813	 0.00485	0.004878	  0.7456
     814	0.004911	 0.00494	  0.7449
     815	0.004924	0.004934	  0.7443
     816	0.004876	 0.00486	  0.7436
     817	0.004769	 0.00473	   0.743
     818	0.004623	0.004571	  0.7423
     819	 0.00447	0.004408	  0.7416
     820	0.004341	0.004272	   0.741
     821	0.004259	0.004182	  0.7403
     822	0.004228	0.004144	  0.7397
     823	 0.00424	0.004156	  0.7391
     824	0.004277	0.004214	  0.7384
     825	0.004317	0.004298	  0.7378
     826	0.004345	0.004385	  0.7371
     827	0.004347	0.004451	  0.7365
     828	0.004315	0.004474	  0.7358
     829	0.004244	 0.00443	  0.7352
     830	0.004133	0.004314	  0.7346
     831	0.003987	0.004142	  0.7339
     832	0.003813	 0.00394	  0.7333
     833	 0.00363	0.003744	  0.7327
     834	0.003457	0.003604	   0.732
     835	0.003315	0.003547	  0.7314
     836	0.003225	0.003582	  0.7308
     837	0.003211	0.003706	  0.7301
     838	0.003293	0.003899	  0.7295
     839	 0.00348	0.004126	  0.7289
     840	0.003776	0.004363	  0.7283
     841	0.004162	  0.0046	  0.7276
     842	0.004598	 0.00483	   0.727
     843	0.005029	0.005057	  0.7264
     844	0.005403	0.005302	  0.7258
     845	0.005673	0.005575	  0.7251
     846	0.005817	0.005873	  0.7245
     847	0.005841	0.006187	  0.7239
     848	0.005758	0.006486	  0.7233
     849	0.005592	0.006713	  0.7227
     850	0.005365	0.006819	  0.7221
