/*
Scattering Phase Functions [1/sr] at 532 nm from LISST-VSF (SN 1475), Percentiles and mean
Volume scattering function corrected and extrapolated to 180ยบ following Koestner et al. 2018 

Dilution-corrected (if applicable) IOPs [1/m], Percentiles and mean;
bbp = 0.017632	0.018444	0.019530	0.020874	0.022532	0.019892
bp = 2.017147	2.061933	2.110966	2.169997	2.224969	2.116654
cp = 2.341699	2.400589	2.463941	2.520379	2.569954	2.461750

Lat, Lon = 32.867, -117.257
Date Time UTC = 07-Jul-2016 21:13:00
Depth = 1.0 m
SPM = 1.50 g/m3
POC/SPM = 0.28 

Created by Daniel Koestner on 15-Jan-2024 15:28:36
Data Version: V4_10-Nov-2023

Column 1: Angle [deg]
Column 2: 10th Percentile Data
Column 3: 25th Percentile Data
Column 4: 50th Percentile Data
Column 5: 75th Percentile Data
Column 6: 90th Percentile Data
Column 7: Mean Data
*/
  0.0936	   221.1	   237.4	   272.9	   322.4	   378.1	   279.6
  0.1104	   221.1	   237.4	   270.3	     312	   358.6	   276.7
  0.1303	   221.1	   237.4	     265	   297.9	   334.2	   270.9
  0.1538	   217.1	     231	     251	   274.1	   299.9	   256.1
  0.1815	   204.9	   214.7	   226.5	   240.9	   257.7	   230.3
  0.2142	   184.5	   189.7	   195.9	   204.1	   214.1	   198.4
  0.2528	   166.5	   169.1	   172.6	   177.3	   182.8	   174.1
  0.2983	   153.3	   154.6	   156.8	   159.6	   162.6	   157.6
   0.352	   143.2	   143.9	   145.4	   146.9	   148.4	   145.7
  0.4153	   129.7	   129.8	   130.8	   131.3	     132	   130.8
  0.4901	   115.7	   115.6	   116.1	     116	   116.2	     116
  0.5784	   100.9	   100.5	   100.6	   100.4	   100.4	   100.6
  0.6825	   88.12	   87.75	   87.54	   87.35	   87.29	   87.61
  0.8054	   74.36	   73.87	   73.66	   73.42	   73.27	   73.71
  0.9503	   65.13	   64.69	   64.39	   64.08	   63.88	   64.41
   1.121	   55.85	    55.4	   55.02	   54.72	   54.47	   55.05
   1.323	   49.62	   49.25	   48.83	   48.51	   48.21	   48.84
   1.561	   42.32	   41.94	   41.55	    41.3	   41.01	   41.59
   1.842	   36.18	   35.89	   35.57	   35.33	   35.04	   35.58
   2.173	   30.01	   29.81	   29.53	   29.34	   29.04	   29.53
   2.564	   23.62	   23.36	   23.13	   22.97	   22.77	   23.15
   3.024	   18.99	   18.85	   18.69	   18.55	   18.36	   18.67
   3.566	   13.77	   13.64	   13.51	   13.38	   13.28	    13.5
   4.204	   10.35	   10.27	   10.19	   10.12	   10.01	   10.18
   4.955	   7.071	   7.015	   6.967	   6.893	   6.833	   6.947
   5.837	    5.24	   5.201	    5.16	   5.136	    5.08	   5.163
   6.871	   3.666	    3.64	   3.617	   3.597	   3.565	   3.614
    8.08	   2.513	   2.496	   2.483	   2.469	   2.454	   2.485
   9.491	   1.623	   1.613	   1.605	   1.595	   1.589	   1.606
   11.13	   1.049	   1.045	   1.039	   1.036	   1.034	   1.041
   13.01	  0.6848	  0.6889	   0.689	  0.6898	  0.6914	  0.6885
   15.17	  0.4509	  0.4582	  0.4608	  0.4629	   0.466	  0.4594
      16	  0.3902	  0.3979	  0.4009	  0.4033	  0.4065	  0.3994
      17	  0.3257	  0.3362	  0.3391	  0.3407	  0.3429	  0.3369
      18	  0.2775	   0.286	  0.2901	  0.2917	  0.2934	  0.2884
      19	  0.2408	   0.247	  0.2516	  0.2535	  0.2536	  0.2495
      20	  0.2095	  0.2154	  0.2195	  0.2208	  0.2221	  0.2179
      21	  0.1837	   0.188	  0.1921	   0.193	  0.1953	  0.1907
      22	  0.1614	   0.165	  0.1691	  0.1699	  0.1713	  0.1675
      23	  0.1427	  0.1464	  0.1493	  0.1504	  0.1523	  0.1482
      24	  0.1261	  0.1294	  0.1325	   0.133	  0.1355	  0.1313
      25	  0.1115	  0.1142	  0.1175	  0.1184	  0.1199	  0.1162
      26	 0.09956	  0.1017	  0.1046	  0.1057	   0.107	  0.1037
      27	 0.08869	 0.09131	 0.09326	 0.09465	 0.09532	 0.09267
      28	 0.08014	 0.08148	 0.08341	 0.08494	 0.08559	 0.08307
      29	 0.07171	 0.07315	 0.07475	 0.07638	 0.07757	 0.07466
      30	 0.06387	 0.06553	 0.06732	 0.06888	 0.07027	 0.06725
      31	 0.05743	 0.05937	 0.06082	 0.06225	 0.06388	 0.06086
      32	  0.0526	 0.05366	   0.055	 0.05613	 0.05824	 0.05515
      33	  0.0476	 0.04882	 0.05005	 0.05117	 0.05242	 0.05008
      34	 0.04375	 0.04463	 0.04586	 0.04706	 0.04825	 0.04602
      35	 0.03996	 0.04103	 0.04218	 0.04332	 0.04464	 0.04231
      36	 0.03678	 0.03749	 0.03879	 0.03973	 0.04111	 0.03882
      37	 0.03374	 0.03461	 0.03567	 0.03661	 0.03799	 0.03581
      38	  0.0309	  0.0318	 0.03291	 0.03373	 0.03489	 0.03302
      39	 0.02855	 0.02938	 0.03033	 0.03139	 0.03256	  0.0306
      40	 0.02637	  0.0272	 0.02786	 0.02906	 0.03032	 0.02825
      41	 0.02461	 0.02525	 0.02596	  0.0268	 0.02789	 0.02619
      42	 0.02309	  0.0235	  0.0245	 0.02522	  0.0262	 0.02458
      43	 0.02142	 0.02188	 0.02269	  0.0237	 0.02432	 0.02289
      44	 0.01984	 0.02032	 0.02117	 0.02196	 0.02289	  0.0213
      45	 0.01868	 0.01924	 0.01988	 0.02065	 0.02161	 0.02005
      46	 0.01723	 0.01795	 0.01875	 0.01933	 0.02003	 0.01876
      47	 0.01612	 0.01667	 0.01742	 0.01821	  0.0187	 0.01752
      48	 0.01518	 0.01589	 0.01637	 0.01703	 0.01763	 0.01649
      49	 0.01422	 0.01472	 0.01535	 0.01607	 0.01688	 0.01545
      50	 0.01321	 0.01373	 0.01428	 0.01485	 0.01557	 0.01438
      51	 0.01231	 0.01289	 0.01337	   0.014	  0.0146	 0.01349
      52	 0.01164	 0.01209	 0.01271	 0.01314	 0.01386	 0.01275
      53	 0.01098	  0.0114	 0.01181	 0.01225	 0.01274	 0.01195
      54	 0.01019	 0.01061	 0.01114	 0.01159	  0.0119	 0.01117
      55	0.009586	 0.01002	 0.01047	 0.01084	 0.01138	 0.01051
      56	0.008997	0.009518	0.009923	 0.01021	 0.01064	0.009901
      57	0.008572	0.009067	0.009474	0.009847	 0.01019	 0.00948
      58	0.008144	0.008366	0.008941	0.009277	 0.00969	0.008942
      59	0.007494	0.007757	0.008246	0.008637	0.008978	0.008266
      60	0.007348	0.007687	0.007921	0.008256	0.008663	0.007981
      61	 0.00698	0.007258	0.007569	0.007922	0.008155	 0.00762
      62	0.006694	0.006971	0.007221	0.007508	0.007754	0.007271
      63	0.006433	0.006646	0.006877	0.007092	0.007392	0.006925
      64	0.006182	0.006343	0.006521	0.006765	0.007046	0.006603
      65	0.005944	0.006059	0.006249	0.006485	 0.00679	0.006326
      66	0.005702	 0.00579	0.005933	0.006157	0.006359	 0.00603
      67	0.005467	0.005535	0.005672	0.005843	0.006127	0.005772
      68	0.005226	0.005278	0.005446	0.005604	0.005964	0.005519
      69	0.004949	0.005043	0.005167	0.005309	0.005671	0.005261
      70	0.004705	0.004811	0.004914	0.005106	0.005342	0.005012
      71	0.004506	0.004628	0.004748	0.004926	0.005097	0.004809
      72	0.004268	 0.00438	0.004489	0.004677	0.004955	0.004567
      73	0.004086	0.004183	0.004331	0.004472	0.004653	0.004371
      74	0.003955	0.004017	0.004164	0.004319	0.004497	0.004208
      75	0.003723	0.003823	0.003935	0.004103	0.004304	   0.004
      76	0.003544	0.003629	0.003797	0.003952	 0.00403	0.003827
      77	 0.00343	 0.00351	0.003654	0.003793	0.003923	0.003679
      78	0.003306	0.003358	0.003493	0.003646	 0.00376	0.003528
      79	0.003149	0.003247	0.003363	0.003457	0.003625	0.003383
      80	0.003021	0.003111	0.003224	0.003381	0.003534	0.003261
      81	  0.0029	 0.00296	0.003055	0.003208	0.003378	0.003109
      82	0.002782	0.002849	0.002956	0.003136	0.003246	0.002994
      83	0.002654	0.002741	0.002839	0.002947	0.003094	0.002873
      84	0.002582	0.002663	0.002727	0.002903	0.002998	0.002788
      85	0.002474	0.002557	0.002647	0.002803	0.002935	0.002695
      86	0.002354	0.002426	0.002548	0.002672	  0.0028	 0.00258
      87	0.002261	0.002357	0.002442	 0.00258	0.002744	0.002486
      88	0.002177	0.002242	 0.00234	0.002485	 0.00265	0.002391
      89	0.002131	0.002176	0.002261	0.002425	 0.00261	0.002333
      90	0.002053	0.002113	0.002183	0.002342	0.002479	0.002255
      91	0.002024	0.002104	0.002165	0.002277	0.002462	0.002217
      92	0.001951	0.002024	0.002101	0.002212	0.002383	0.002143
      93	0.001868	0.001933	0.002025	0.002142	0.002335	0.002079
      94	0.001813	0.001877	0.001956	0.002041	0.002249	0.002007
      95	0.001772	0.001815	0.001906	0.002021	 0.00221	0.001955
      96	0.001737	0.001795	0.001888	0.002004	0.002167	 0.00193
      97	0.001698	0.001771	0.001848	0.001968	0.002132	0.001901
      98	0.001638	0.001685	 0.00179	0.001939	 0.00208	 0.00185
      99	0.001613	0.001666	0.001733	 0.00185	0.002036	0.001799
     100	0.001593	0.001642	0.001736	0.001818	0.001941	0.001773
     101	0.001563	0.001593	0.001666	0.001756	0.001891	0.001713
     102	0.001526	0.001564	0.001632	0.001715	0.001862	0.001671
     103	0.001501	0.001547	0.001614	0.001717	0.001801	0.001646
     104	0.001487	0.001524	0.001585	0.001662	0.001785	 0.00162
     105	0.001462	0.001499	0.001559	0.001621	0.001701	0.001582
     106	0.001433	0.001479	0.001539	0.001589	 0.00166	0.001561
     107	0.001406	0.001436	0.001488	0.001551	0.001623	0.001509
     108	0.001402	0.001429	0.001479	0.001531	  0.0016	0.001496
     109	0.001374	0.001402	0.001447	0.001529	0.001587	0.001474
     110	0.001331	0.001366	 0.00142	0.001481	0.001557	0.001439
     111	0.001346	0.001372	 0.00142	0.001475	0.001551	0.001437
     112	0.001304	0.001342	0.001389	0.001462	0.001514	0.001411
     113	 0.00132	0.001361	0.001404	0.001471	0.001547	0.001429
     114	0.001294	0.001329	0.001384	0.001434	0.001509	0.001398
     115	0.001276	0.001309	0.001363	0.001401	0.001475	0.001378
     116	0.001306	0.001329	0.001365	0.001426	0.001505	0.001392
     117	0.001258	0.001285	0.001323	 0.00139	 0.00146	0.001352
     118	 0.00125	0.001287	 0.00132	0.001371	0.001439	0.001343
     119	0.001258	0.001291	0.001329	0.001376	0.001479	0.001349
     120	0.001235	0.001277	0.001326	0.001372	0.001434	 0.00134
     121	0.001239	0.001263	0.001306	0.001345	0.001416	0.001323
     122	 0.00123	0.001257	0.001298	0.001362	0.001422	0.001318
     123	0.001243	 0.00126	0.001293	0.001351	0.001441	0.001325
     124	0.001211	0.001234	0.001282	0.001343	0.001415	0.001309
     125	0.001225	0.001247	0.001285	0.001329	 0.00142	0.001308
     126	0.001218	0.001249	 0.00128	0.001316	0.001374	0.001306
     127	0.001196	0.001245	0.001292	 0.00134	0.001382	0.001304
     128	0.001227	0.001254	0.001298	0.001325	0.001399	0.001304
     129	0.001193	0.001224	0.001285	0.001318	0.001398	0.001295
     130	0.001231	 0.00126	0.001302	0.001348	 0.00139	0.001316
     131	0.001211	0.001232	0.001288	 0.00133	0.001379	0.001294
     132	0.001206	0.001247	0.001285	0.001323	0.001383	0.001296
     133	0.001216	0.001248	0.001288	0.001329	0.001371	0.001298
     134	0.001244	0.001276	0.001316	 0.00134	0.001395	0.001321
     135	0.001266	0.001287	0.001328	0.001369	0.001418	 0.00134
     136	 0.00129	0.001316	 0.00134	0.001379	0.001418	0.001355
     137	0.001291	0.001319	0.001348	 0.00138	0.001426	0.001358
     138	0.001312	0.001314	0.001349	0.001386	0.001433	0.001364
     139	0.001308	0.001336	0.001371	0.001404	0.001436	0.001377
     140	0.001317	0.001339	0.001359	 0.00139	0.001459	0.001376
     141	0.001321	0.001327	0.001362	0.001403	0.001433	0.001376
     142	0.001313	0.001325	0.001344	0.001385	0.001418	0.001363
     143	 0.00128	 0.00129	0.001313	0.001353	0.001414	0.001337
     144	0.001297	0.001304	0.001323	0.001356	  0.0014	0.001339
     145	0.001292	  0.0013	0.001329	0.001363	0.001419	 0.00135
     146	0.001294	0.001302	 0.00133	0.001364	0.001419	0.001351
     147	0.001296	0.001303	0.001331	0.001364	0.001418	0.001352
     148	0.001297	0.001305	0.001333	0.001365	0.001418	0.001353
     149	0.001299	0.001307	0.001334	0.001366	0.001418	0.001354
     150	0.001301	0.001308	0.001335	0.001366	0.001417	0.001355
     151	0.001303	 0.00131	0.001337	0.001367	0.001417	0.001356
     152	0.001306	0.001312	0.001338	0.001368	0.001417	0.001357
     153	0.001308	0.001313	 0.00134	0.001369	0.001417	0.001358
     154	 0.00131	0.001315	0.001341	 0.00137	0.001417	 0.00136
     155	0.001312	0.001317	0.001343	0.001371	0.001418	0.001361
     156	0.001314	0.001319	0.001344	0.001372	0.001418	0.001362
     157	0.001316	 0.00132	0.001346	0.001373	0.001418	0.001363
     158	0.001317	0.001322	0.001347	0.001374	0.001418	0.001364
     159	0.001319	0.001324	0.001349	0.001375	0.001419	0.001366
     160	0.001321	0.001325	 0.00135	0.001376	0.001419	0.001367
     161	0.001323	0.001327	0.001351	0.001377	0.001419	0.001368
     162	0.001325	0.001328	0.001353	0.001378	 0.00142	0.001369
     163	0.001326	 0.00133	0.001354	0.001379	 0.00142	 0.00137
     164	0.001328	0.001331	0.001355	 0.00138	 0.00142	0.001371
     165	0.001329	0.001333	0.001356	 0.00138	0.001421	0.001372
     166	0.001331	0.001334	0.001358	0.001381	0.001421	0.001373
     167	0.001332	0.001335	0.001359	0.001382	0.001422	0.001374
     168	0.001334	0.001336	 0.00136	0.001383	0.001422	0.001375
     169	0.001335	0.001337	0.001361	0.001383	0.001422	0.001376
     170	0.001336	0.001338	0.001361	0.001384	0.001422	0.001377
     171	0.001337	0.001339	0.001362	0.001385	0.001423	0.001377
     172	0.001338	 0.00134	0.001363	0.001385	0.001423	0.001378
     173	0.001338	0.001341	0.001364	0.001386	0.001423	0.001379
     174	0.001339	0.001341	0.001364	0.001386	0.001423	0.001379
     175	 0.00134	0.001342	0.001365	0.001386	0.001424	0.001379
     176	 0.00134	0.001342	0.001365	0.001387	0.001424	 0.00138
     177	0.001341	0.001343	0.001365	0.001387	0.001424	 0.00138
     178	0.001341	0.001343	0.001365	0.001387	0.001424	 0.00138
     179	0.001341	0.001343	0.001366	0.001387	0.001424	 0.00138
     180	0.001341	0.001343	0.001366	0.001387	0.001424	 0.00138
