   0.0000000e+00   5.0332608e-01
   3.1034483e-02   5.0319193e-01
   6.2068966e-02   5.0352456e-01
   9.3103448e-02   5.0453601e-01
   1.2413793e-01   5.0642077e-01
   1.5517241e-01   5.0935504e-01
   1.8620690e-01   5.1349603e-01
   2.1724138e-01   5.1898121e-01
   2.4827586e-01   5.2592770e-01
   2.7931034e-01   5.3443147e-01
   3.1034483e-01   5.4456666e-01
   3.4137931e-01   5.5638491e-01
   3.7241379e-01   5.6991462e-01
   4.0344828e-01   5.8516024e-01
   4.3448276e-01   6.0210158e-01
   4.6551724e-01   6.2069309e-01
   4.9655172e-01   6.4086318e-01
   5.2758621e-01   6.6251348e-01
   5.5862069e-01   6.8551816e-01
   5.8965517e-01   7.0972319e-01
   6.2068966e-01   7.3494567e-01
   6.5172414e-01   7.6097312e-01
   6.8275862e-01   7.8756276e-01
   7.1379310e-01   8.1444078e-01
   7.4482759e-01   8.4130169e-01
   7.7586207e-01   8.6780758e-01
   8.0689655e-01   8.9358741e-01
   8.3793103e-01   9.1823631e-01
   8.6896552e-01   9.4131488e-01
   9.0000000e-01   9.6234848e-01
   9.1000000e-01   9.6782212e-01
   9.1191919e-01   9.6889078e-01
   9.1383838e-01   9.6997719e-01
   9.1575758e-01   9.7107586e-01
   9.1767677e-01   9.7218132e-01
   9.1959596e-01   9.7328808e-01
   9.2151515e-01   9.7439068e-01
   9.2343434e-01   9.7548363e-01
   9.2535354e-01   9.7656149e-01
   9.2727273e-01   9.7762060e-01
   9.2919192e-01   9.7866022e-01
   9.3111111e-01   9.7967986e-01
   9.3303030e-01   9.8067902e-01
   9.3494949e-01   9.8165721e-01
   9.3686869e-01   9.8261394e-01
   9.3878788e-01   9.8354871e-01
   9.4070707e-01   9.8446105e-01
   9.4262626e-01   9.8535057e-01
   9.4454545e-01   9.8621698e-01
   9.4646465e-01   9.8705997e-01
   9.4838384e-01   9.8787925e-01
   9.5030303e-01   9.8867451e-01
   9.5222222e-01   9.8944547e-01
   9.5414141e-01   9.9019180e-01
   9.5606061e-01   9.9091280e-01
   9.5797980e-01   9.9160580e-01
   9.5989899e-01   9.9226762e-01
   9.6181818e-01   9.9289506e-01
   9.6373737e-01   9.9348494e-01
   9.6565657e-01   9.9403407e-01
   9.6757576e-01   9.9453926e-01
   9.6949495e-01   9.9499737e-01
   9.7141414e-01   9.9540996e-01
   9.7333333e-01   9.9578684e-01
   9.7525253e-01   9.9613867e-01
   9.7717172e-01   9.9647611e-01
   9.7909091e-01   9.9680981e-01
   9.8101010e-01   9.9715044e-01
   9.8292929e-01   9.9750864e-01
   9.8484848e-01   9.9789393e-01
   9.8676768e-01   9.9829902e-01
   9.8868687e-01   9.9870389e-01
   9.9060606e-01   9.9908825e-01
   9.9252525e-01   9.9943177e-01
   9.9444444e-01   9.9971414e-01
   9.9636364e-01   9.9991505e-01
   9.9828283e-01   9.9999000e-01
   1.0002020e+00   9.9999124e-01
   1.0021212e+00   9.9983663e-01
   1.0040404e+00   9.9957217e-01
   1.0059596e+00   9.9922536e-01
   1.0078788e+00   9.9882372e-01
   1.0097980e+00   9.9839477e-01
   1.0117172e+00   9.9796601e-01
   1.0136364e+00   9.9756485e-01
   1.0155556e+00   9.9720634e-01
   1.0174747e+00   9.9688143e-01
   1.0193939e+00   9.9657831e-01
   1.0213131e+00   9.9628517e-01
   1.0232323e+00   9.9599020e-01
   1.0251515e+00   9.9568158e-01
   1.0270707e+00   9.9534750e-01
   1.0289899e+00   9.9497664e-01
   1.0309091e+00   9.9456597e-01
   1.0328283e+00   9.9411931e-01
   1.0347475e+00   9.9364071e-01
   1.0366667e+00   9.9313424e-01
   1.0385859e+00   9.9260393e-01
   1.0405051e+00   9.9205384e-01
   1.0424242e+00   9.9148801e-01
   1.0443434e+00   9.9091000e-01
   1.0462626e+00   9.9032061e-01
   1.0481818e+00   9.8971969e-01
   1.0501010e+00   9.8910710e-01
   1.0520202e+00   9.8848268e-01
   1.0539394e+00   9.8784630e-01
   1.0558586e+00   9.8719780e-01
   1.0577778e+00   9.8653704e-01
   1.0596970e+00   9.8586419e-01
   1.0616162e+00   9.8518012e-01
   1.0635354e+00   9.8448576e-01
   1.0654545e+00   9.8378208e-01
   1.0673737e+00   9.8307001e-01
   1.0692929e+00   9.8235051e-01
   1.0712121e+00   9.8162453e-01
   1.0731313e+00   9.8089300e-01
   1.0750505e+00   9.8015667e-01
   1.0769697e+00   9.7941609e-01
   1.0788889e+00   9.7867179e-01
   1.0808081e+00   9.7792434e-01
   1.0827273e+00   9.7717426e-01
   1.0846465e+00   9.7642212e-01
   1.0865657e+00   9.7566845e-01
   1.0884848e+00   9.7491379e-01
   1.0904040e+00   9.7415863e-01
   1.0923232e+00   9.7340343e-01
   1.0942424e+00   9.7264865e-01
   1.0961616e+00   9.7189475e-01
   1.0980808e+00   9.7114220e-01
   1.1000000e+00   9.7039146e-01
   1.1100000e+00   9.6652347e-01
   1.2353846e+00   9.1490787e-01
   1.3607692e+00   8.7375138e-01
   1.4861538e+00   8.3385943e-01
   1.6115385e+00   7.9866863e-01
   1.7369231e+00   7.6724742e-01
   1.8623077e+00   7.3918910e-01
   1.9876923e+00   7.1415583e-01
   2.1130769e+00   6.9181496e-01
   2.2384615e+00   6.7186772e-01
   2.3638462e+00   6.5404269e-01
   2.4892308e+00   6.3809445e-01
   2.6146154e+00   6.2380244e-01
   2.7400000e+00   6.1096938e-01
   2.8653846e+00   5.9941978e-01
   2.9907692e+00   5.8899855e-01
   3.1161538e+00   5.7956959e-01
   3.2415385e+00   5.7101427e-01
   3.3669231e+00   5.6322999e-01
   3.4923077e+00   5.5612877e-01
   3.6176923e+00   5.4963582e-01
   3.7430769e+00   5.4368801e-01
   3.8684615e+00   5.3823247e-01
   3.9938462e+00   5.3322517e-01
   4.1192308e+00   5.2862943e-01
   4.2446154e+00   5.2441451e-01
   4.3700000e+00   5.2055409e-01
   4.4953846e+00   5.1702493e-01
   4.6207692e+00   5.1380533e-01
   4.7461538e+00   5.1087372e-01
   4.8715385e+00   5.0820724e-01
   4.9969231e+00   5.0578021e-01
   5.1223077e+00   5.0356278e-01
   5.2476923e+00   5.0151944e-01
   5.3730769e+00   4.9960753e-01
   5.4984615e+00   4.9777585e-01
   5.6238462e+00   4.9596323e-01
   5.7492308e+00   4.9409700e-01
   5.8746154e+00   4.9209167e-01
   6.0000000e+00   4.8984718e-01
