/* Adapted form averaged Petzold VSF, Petzold (1972), Light and
Water, Table 3.10, via https://www.oceanopticsbook.info.
Column 1: cosine of scattering angle
column 2: phase function values [1/sr]
*/

    -1.000000000000000e+00     3.163000000000000e-03
    -9.961946980917455e-01     3.101000000000000e-03
    -9.848077530122080e-01     3.039000000000000e-03
    -9.659258262890682e-01     2.843000000000000e-03
    -9.396926207859083e-01     2.669000000000000e-03
    -9.063077870366499e-01     2.513000000000000e-03
    -8.660254037844387e-01     2.371000000000000e-03
    -8.191520442889919e-01     2.320000000000000e-03
    -7.660444431189779e-01     2.336000000000000e-03
    -7.071067811865475e-01     2.383000000000000e-03
    -6.427876096865394e-01     2.483000000000000e-03
    -5.735764363510458e-01     2.579000000000000e-03
    -4.999999999999998e-01     2.693000000000000e-03
    -4.226182617406993e-01     2.805000000000000e-03
    -3.420201433256687e-01     2.920000000000000e-03
    -2.588190451025209e-01     3.125000000000000e-03
    -1.736481776669303e-01     3.414000000000000e-03
    -8.715574274765824e-02     3.792000000000000e-03
     6.123233995736766e-17     4.305000000000000e-03
     8.715574274765836e-02     4.967000000000000e-03
     1.736481776669304e-01     5.859000000000000e-03
     2.588190451025207e-01     6.996000000000000e-03
     3.420201433256688e-01     8.512000000000000e-03
     4.226182617406994e-01     1.049000000000000e-02
     5.000000000000001e-01     1.316000000000000e-02
     5.735764363510460e-01     1.704000000000000e-02
     6.427876096865394e-01     2.282000000000000e-02
     7.071067811865476e-01     3.076000000000000e-02
     7.660444431189780e-01     4.222000000000000e-02
     8.191520442889918e-01     5.948000000000000e-02
     8.660254037844387e-01     8.633000000000000e-02
     9.063077870366499e-01     1.476000000000000e-01
     9.396926207859084e-01     2.451000000000000e-01
     9.659258262890683e-01     4.907000000000000e-01
     9.848077530122080e-01     1.156000000000000e+00
     9.904060333276220e-01     1.824000000000000e+00
     9.939417880660765e-01     2.815000000000000e+00
     9.961764223868088e-01     4.307000000000000e+00
     9.975871275325803e-01     6.598000000000000e+00
     9.984775668125373e-01     1.004000000000000e+01
     9.990390640472185e-01     1.521000000000000e+01
     9.993938687693175e-01     2.288000000000000e+01
     9.996173906520966e-01     3.405000000000000e+01
     9.997585880717255e-01     4.972000000000000e+01
     9.998476951563913e-01     7.181000000000000e+01
     9.999039806428285e-01     1.025000000000000e+02
     9.999393572246944e-01     1.448000000000000e+02
     9.999617706050916e-01     2.018000000000000e+02
     9.999758737881310e-01     2.771000000000000e+02
     9.999847911000168e-01     3.774000000000000e+02
     9.999904044143140e-01     5.151000000000000e+02
     9.999939076577904e-01     7.011000000000000e+02
     9.999961977677757e-01     9.529000000000000e+02
     9.999975819478962e-01     1.299000000000000e+03
     9.999984769132877e-01     1.772000000000000e+03

