/*
Particulate absorption and scattering spectra, normalized by SPM 
Scattering spectra from ac-s scaled by LISST-VSF scattering coefficient at 532 nm 
Total (a_p) and MeOH-extracted (a_d) absorption spectra based on measurements with GF/F inside integrating sphere
Lat, Lon = NaN, NaN
Date Time UTC = NaN
Depth = NaN m
SPM = 18.90 g/m3
POC = NaN mg/m3
Created by Daniel Koestner on 01-Nov-2023 11:27:12
Data Version: V3_23-Oct-2023
Column 1: lambda[nm]
Column 2: a_p [m^2/g]
Column 3: a_d [m^2/g]
Column 4: b_p [m^2/g]
*/
250.000000	0.036212	0.040853	0.790164
251.000000	0.036273	0.040891	0.788402
252.000000	0.036349	0.040939	0.786651
253.000000	0.036498	0.041035	0.784911
254.000000	0.036683	0.041158	0.783181
255.000000	0.036903	0.041306	0.781463
256.000000	0.037140	0.041471	0.779754
257.000000	0.037386	0.041646	0.778056
258.000000	0.037631	0.041824	0.776369
259.000000	0.037867	0.042000	0.774691
260.000000	0.038089	0.042166	0.773024
261.000000	0.038292	0.042318	0.771366
262.000000	0.038476	0.042451	0.769718
263.000000	0.038639	0.042564	0.768081
264.000000	0.038781	0.042655	0.766452
265.000000	0.038904	0.042723	0.764834
266.000000	0.039009	0.042767	0.763225
267.000000	0.039097	0.042790	0.761625
268.000000	0.039167	0.042789	0.760035
269.000000	0.039218	0.042765	0.758454
270.000000	0.039247	0.042716	0.756882
271.000000	0.039249	0.042641	0.755319
272.000000	0.039218	0.042537	0.753765
273.000000	0.039151	0.042403	0.752220
274.000000	0.039042	0.042236	0.750683
275.000000	0.038886	0.042036	0.749156
276.000000	0.038680	0.041802	0.747637
277.000000	0.038422	0.041534	0.746126
278.000000	0.038110	0.041232	0.744624
279.000000	0.037744	0.040893	0.743131
280.000000	0.037323	0.040514	0.741646
281.000000	0.036844	0.040090	0.740169
282.000000	0.036308	0.039619	0.738700
283.000000	0.035714	0.039096	0.737239
284.000000	0.035066	0.038521	0.735787
285.000000	0.034368	0.037898	0.734342
286.000000	0.033625	0.037233	0.732905
287.000000	0.032846	0.036532	0.731476
288.000000	0.032037	0.035802	0.730055
289.000000	0.031205	0.035052	0.728641
290.000000	0.030355	0.034285	0.727235
291.000000	0.029495	0.033508	0.725837
292.000000	0.028630	0.032724	0.724446
293.000000	0.027767	0.031940	0.723062
294.000000	0.026913	0.031161	0.721686
295.000000	0.026078	0.030391	0.720317
296.000000	0.025268	0.029633	0.718955
297.000000	0.024488	0.028890	0.717601
298.000000	0.023743	0.028161	0.716253
299.000000	0.023036	0.027440	0.714913
300.000000	0.022368	0.026723	0.713579
301.000000	0.021740	0.026002	0.712253
302.000000	0.021153	0.025270	0.710933
303.000000	0.020605	0.024519	0.709620
304.000000	0.020095	0.023746	0.708314
305.000000	0.019620	0.022947	0.707015
306.000000	0.019177	0.022125	0.705722
307.000000	0.018763	0.021286	0.704435
308.000000	0.018375	0.020440	0.703156
309.000000	0.018011	0.019601	0.701882
310.000000	0.017669	0.018784	0.700615
311.000000	0.017348	0.018005	0.699355
312.000000	0.017047	0.017279	0.698101
313.000000	0.016763	0.016613	0.696853
314.000000	0.016493	0.016013	0.695611
315.000000	0.016233	0.015477	0.694375
316.000000	0.015980	0.015001	0.693146
317.000000	0.015728	0.014577	0.691922
318.000000	0.015477	0.014195	0.690705
319.000000	0.015225	0.013850	0.689493
320.000000	0.014973	0.013535	0.688287
321.000000	0.014723	0.013248	0.687088
322.000000	0.014480	0.012987	0.685894
323.000000	0.014247	0.012750	0.684706
324.000000	0.014029	0.012538	0.683523
325.000000	0.013826	0.012348	0.682346
326.000000	0.013639	0.012178	0.681175
327.000000	0.013467	0.012025	0.680010
328.000000	0.013306	0.011886	0.678850
329.000000	0.013154	0.011755	0.677695
330.000000	0.013008	0.011632	0.676546
331.000000	0.012865	0.011512	0.675402
332.000000	0.012725	0.011395	0.674264
333.000000	0.012586	0.011279	0.673131
334.000000	0.012448	0.011165	0.672003
335.000000	0.012309	0.011053	0.670881
336.000000	0.012171	0.010944	0.669764
337.000000	0.012033	0.010838	0.668652
338.000000	0.011895	0.010735	0.667545
339.000000	0.011757	0.010632	0.666443
340.000000	0.011619	0.010530	0.665346
341.000000	0.011483	0.010428	0.664255
342.000000	0.011349	0.010326	0.663168
343.000000	0.011220	0.010225	0.662086
344.000000	0.011096	0.010128	0.661009
345.000000	0.010978	0.010035	0.659937
346.000000	0.010865	0.009947	0.658870
347.000000	0.010754	0.009862	0.657808
348.000000	0.010643	0.009779	0.656750
349.000000	0.010530	0.009694	0.655697
350.000000	0.010413	0.009606	0.654649
351.000000	0.010292	0.009513	0.653605
352.000000	0.010169	0.009418	0.652567
353.000000	0.010047	0.009322	0.651532
354.000000	0.009928	0.009227	0.650502
355.000000	0.009812	0.009134	0.649477
356.000000	0.009700	0.009045	0.648456
357.000000	0.009592	0.008959	0.647440
358.000000	0.009486	0.008877	0.646428
359.000000	0.009380	0.008796	0.645421
360.000000	0.009276	0.008717	0.644418
361.000000	0.009172	0.008638	0.643419
362.000000	0.009068	0.008560	0.642425
363.000000	0.008965	0.008481	0.641434
364.000000	0.008862	0.008402	0.640448
365.000000	0.008757	0.008321	0.639467
366.000000	0.008650	0.008237	0.638489
367.000000	0.008540	0.008148	0.637516
368.000000	0.008424	0.008055	0.636547
369.000000	0.008304	0.007957	0.635581
370.000000	0.008181	0.007855	0.634620
371.000000	0.008059	0.007753	0.633663
372.000000	0.007942	0.007654	0.632710
373.000000	0.007833	0.007561	0.631761
374.000000	0.007734	0.007476	0.630816
375.000000	0.007645	0.007399	0.629875
376.000000	0.007565	0.007329	0.628938
377.000000	0.007489	0.007262	0.628004
378.000000	0.007416	0.007196	0.627075
379.000000	0.007342	0.007129	0.626149
380.000000	0.007267	0.007060	0.625227
381.000000	0.007191	0.006989	0.624309
382.000000	0.007115	0.006918	0.623395
383.000000	0.007039	0.006847	0.622484
384.000000	0.006963	0.006776	0.621577
385.000000	0.006887	0.006705	0.620674
386.000000	0.006808	0.006631	0.619774
387.000000	0.006726	0.006554	0.618878
388.000000	0.006640	0.006474	0.617986
389.000000	0.006553	0.006390	0.617097
390.000000	0.006465	0.006307	0.616212
391.000000	0.006379	0.006225	0.615330
392.000000	0.006298	0.006148	0.614452
393.000000	0.006223	0.006076	0.613577
394.000000	0.006152	0.006010	0.612706
395.000000	0.006087	0.005948	0.611838
396.000000	0.006025	0.005891	0.610974
397.000000	0.005967	0.005836	0.610113
398.000000	0.005913	0.005785	0.609255
399.000000	0.005863	0.005736	0.608401
400.000000	0.005816	0.005690	0.607550
401.000000	0.005772	0.005645	0.606702
402.000000	0.005730	0.005601	0.605858
403.000000	0.005690	0.005558	0.605017
404.000000	0.005650	0.005514	0.604179
405.000000	0.005608	0.005468	0.603344
406.000000	0.005564	0.005420	0.602513
407.000000	0.005518	0.005369	0.601685
408.000000	0.005469	0.005317	0.600860
409.000000	0.005419	0.005262	0.600038
410.000000	0.005369	0.005207	0.599219
411.000000	0.005319	0.005153	0.598403
412.000000	0.005271	0.005102	0.597591
413.000000	0.005227	0.005053	0.596781
414.000000	0.005185	0.005009	0.595975
415.000000	0.005146	0.004968	0.595171
416.000000	0.005109	0.004931	0.594371
417.000000	0.005071	0.004895	0.593574
418.000000	0.005032	0.004860	0.592779
419.000000	0.004993	0.004825	0.591988
420.000000	0.004952	0.004790	0.591199
421.000000	0.004910	0.004755	0.590413
422.000000	0.004868	0.004719	0.589631
423.000000	0.004825	0.004683	0.588851
424.000000	0.004782	0.004648	0.588074
425.000000	0.004740	0.004614	0.587300
426.000000	0.004699	0.004582	0.586529
427.000000	0.004660	0.004553	0.585760
428.000000	0.004623	0.004527	0.584994
429.000000	0.004588	0.004502	0.584232
430.000000	0.004552	0.004478	0.583471
431.000000	0.004517	0.004452	0.582714
432.000000	0.004479	0.004424	0.581959
433.000000	0.004440	0.004393	0.581208
434.000000	0.004399	0.004359	0.580458
435.000000	0.004358	0.004325	0.579712
436.000000	0.004317	0.004292	0.578968
437.000000	0.004279	0.004261	0.578227
438.000000	0.004243	0.004232	0.577488
439.000000	0.004210	0.004206	0.576752
440.000000	0.004180	0.004182	0.576019
441.000000	0.004152	0.004159	0.575288
442.000000	0.004125	0.004136	0.574560
443.000000	0.004100	0.004113	0.573835
444.000000	0.004075	0.004090	0.573112
445.000000	0.004050	0.004067	0.572391
446.000000	0.004024	0.004044	0.571673
447.000000	0.003997	0.004021	0.570958
448.000000	0.003970	0.003998	0.570245
449.000000	0.003942	0.003976	0.569534
450.000000	0.003915	0.003955	0.568826
451.000000	0.003890	0.003935	0.568121
452.000000	0.003866	0.003917	0.567417
453.000000	0.003846	0.003900	0.566717
454.000000	0.003828	0.003885	0.566018
455.000000	0.003811	0.003870	0.565322
456.000000	0.003795	0.003855	0.564629
457.000000	0.003779	0.003839	0.563938
458.000000	0.003762	0.003822	0.563249
459.000000	0.003744	0.003804	0.562562
460.000000	0.003726	0.003786	0.561878
461.000000	0.003707	0.003768	0.561196
462.000000	0.003689	0.003751	0.560517
463.000000	0.003672	0.003736	0.559840
464.000000	0.003656	0.003723	0.559165
465.000000	0.003640	0.003710	0.558492
466.000000	0.003625	0.003698	0.557822
467.000000	0.003610	0.003686	0.557153
468.000000	0.003594	0.003673	0.556487
469.000000	0.003578	0.003660	0.555824
470.000000	0.003563	0.003647	0.555162
471.000000	0.003547	0.003634	0.554503
472.000000	0.003532	0.003622	0.553845
473.000000	0.003517	0.003611	0.553190
474.000000	0.003503	0.003601	0.552537
475.000000	0.003489	0.003592	0.551887
476.000000	0.003477	0.003584	0.551238
477.000000	0.003466	0.003577	0.550592
478.000000	0.003455	0.003570	0.549947
479.000000	0.003445	0.003563	0.549305
480.000000	0.003434	0.003555	0.548665
481.000000	0.003422	0.003546	0.548027
482.000000	0.003410	0.003535	0.547391
483.000000	0.003396	0.003523	0.546757
484.000000	0.003381	0.003508	0.546125
485.000000	0.003364	0.003491	0.545495
486.000000	0.003346	0.003473	0.544867
487.000000	0.003327	0.003454	0.544241
488.000000	0.003308	0.003436	0.543617
489.000000	0.003288	0.003419	0.542995
490.000000	0.003269	0.003405	0.542375
491.000000	0.003251	0.003392	0.541757
492.000000	0.003235	0.003381	0.541141
493.000000	0.003219	0.003371	0.540527
494.000000	0.003204	0.003361	0.539915
495.000000	0.003190	0.003349	0.539305
496.000000	0.003176	0.003337	0.538697
497.000000	0.003160	0.003322	0.538091
498.000000	0.003144	0.003306	0.537486
499.000000	0.003126	0.003288	0.536884
500.000000	0.003108	0.003270	0.536283
501.000000	0.003089	0.003252	0.535684
502.000000	0.003070	0.003235	0.535087
503.000000	0.003052	0.003219	0.534492
504.000000	0.003036	0.003205	0.533899
505.000000	0.003021	0.003193	0.533307
506.000000	0.003007	0.003182	0.532718
507.000000	0.002994	0.003171	0.532130
508.000000	0.002981	0.003160	0.531544
509.000000	0.002968	0.003150	0.530960
510.000000	0.002955	0.003140	0.530377
511.000000	0.002944	0.003130	0.529797
512.000000	0.002933	0.003120	0.529218
513.000000	0.002924	0.003112	0.528641
514.000000	0.002917	0.003104	0.528066
515.000000	0.002911	0.003097	0.527492
516.000000	0.002905	0.003091	0.526920
517.000000	0.002899	0.003084	0.526350
518.000000	0.002892	0.003078	0.525782
519.000000	0.002883	0.003071	0.525215
520.000000	0.002872	0.003063	0.524650
521.000000	0.002859	0.003054	0.524087
522.000000	0.002843	0.003043	0.523525
523.000000	0.002827	0.003030	0.522965
524.000000	0.002811	0.003017	0.522407
525.000000	0.002795	0.003003	0.521850
526.000000	0.002781	0.002990	0.521295
527.000000	0.002769	0.002977	0.520742
528.000000	0.002758	0.002966	0.520190
529.000000	0.002749	0.002955	0.519640
530.000000	0.002740	0.002944	0.519092
531.000000	0.002731	0.002935	0.518545
532.000000	0.002721	0.002925	0.517999
533.000000	0.002710	0.002915	0.517456
534.000000	0.002698	0.002905	0.516914
535.000000	0.002686	0.002895	0.516373
536.000000	0.002673	0.002885	0.515834
537.000000	0.002661	0.002875	0.515297
538.000000	0.002650	0.002866	0.514761
539.000000	0.002641	0.002859	0.514227
540.000000	0.002634	0.002853	0.513694
541.000000	0.002628	0.002848	0.513163
542.000000	0.002623	0.002845	0.512634
543.000000	0.002618	0.002842	0.512105
544.000000	0.002613	0.002838	0.511579
545.000000	0.002606	0.002833	0.511054
546.000000	0.002598	0.002826	0.510530
547.000000	0.002590	0.002818	0.510008
548.000000	0.002581	0.002809	0.509488
549.000000	0.002573	0.002800	0.508968
550.000000	0.002566	0.002791	0.508451
551.000000	0.002560	0.002782	0.507935
552.000000	0.002556	0.002774	0.507420
553.000000	0.002553	0.002767	0.506907
554.000000	0.002550	0.002760	0.506395
555.000000	0.002547	0.002752	0.505884
556.000000	0.002544	0.002744	0.505375
557.000000	0.002540	0.002735	0.504868
558.000000	0.002534	0.002726	0.504362
559.000000	0.002529	0.002716	0.503857
560.000000	0.002523	0.002705	0.503354
561.000000	0.002516	0.002694	0.502852
562.000000	0.002508	0.002682	0.502351
563.000000	0.002500	0.002669	0.501852
564.000000	0.002490	0.002656	0.501354
565.000000	0.002478	0.002643	0.500858
566.000000	0.002466	0.002630	0.500363
567.000000	0.002454	0.002618	0.499870
568.000000	0.002443	0.002608	0.499377
569.000000	0.002434	0.002600	0.498886
570.000000	0.002426	0.002593	0.498397
571.000000	0.002421	0.002588	0.497908
572.000000	0.002416	0.002585	0.497422
573.000000	0.002413	0.002582	0.496936
574.000000	0.002409	0.002579	0.496452
575.000000	0.002404	0.002575	0.495969
576.000000	0.002398	0.002570	0.495487
577.000000	0.002392	0.002563	0.495007
578.000000	0.002384	0.002555	0.494528
579.000000	0.002376	0.002545	0.494050
580.000000	0.002368	0.002535	0.493573
581.000000	0.002360	0.002525	0.493098
582.000000	0.002353	0.002517	0.492624
583.000000	0.002347	0.002511	0.492152
584.000000	0.002342	0.002507	0.491680
585.000000	0.002339	0.002505	0.491210
586.000000	0.002337	0.002505	0.490741
587.000000	0.002336	0.002505	0.490274
588.000000	0.002337	0.002506	0.489807
589.000000	0.002338	0.002507	0.489342
590.000000	0.002340	0.002508	0.488878
591.000000	0.002343	0.002509	0.488415
592.000000	0.002347	0.002511	0.487954
593.000000	0.002351	0.002512	0.487494
594.000000	0.002354	0.002513	0.487035
595.000000	0.002356	0.002514	0.486577
596.000000	0.002358	0.002513	0.486120
597.000000	0.002359	0.002512	0.485665
598.000000	0.002359	0.002511	0.485210
599.000000	0.002360	0.002511	0.484757
600.000000	0.002360	0.002511	0.484305
601.000000	0.002360	0.002512	0.483854
602.000000	0.002359	0.002512	0.483405
603.000000	0.002357	0.002512	0.482956
604.000000	0.002354	0.002511	0.482509
605.000000	0.002351	0.002508	0.482063
606.000000	0.002346	0.002503	0.481618
607.000000	0.002340	0.002496	0.481174
608.000000	0.002335	0.002488	0.480732
609.000000	0.002329	0.002479	0.480290
610.000000	0.002323	0.002469	0.479850
611.000000	0.002317	0.002459	0.479410
612.000000	0.002311	0.002448	0.478972
613.000000	0.002304	0.002438	0.478535
614.000000	0.002297	0.002427	0.478099
615.000000	0.002290	0.002417	0.477664
616.000000	0.002283	0.002409	0.477231
617.000000	0.002279	0.002403	0.476798
618.000000	0.002277	0.002399	0.476366
619.000000	0.002278	0.002398	0.475936
620.000000	0.002281	0.002400	0.475507
621.000000	0.002286	0.002404	0.475078
622.000000	0.002292	0.002408	0.474651
623.000000	0.002297	0.002412	0.474225
624.000000	0.002301	0.002414	0.473800
625.000000	0.002303	0.002413	0.473376
626.000000	0.002304	0.002411	0.472953
627.000000	0.002304	0.002407	0.472531
628.000000	0.002303	0.002403	0.472110
629.000000	0.002301	0.002398	0.471690
630.000000	0.002298	0.002392	0.471271
631.000000	0.002295	0.002387	0.470854
632.000000	0.002290	0.002382	0.470437
633.000000	0.002284	0.002376	0.470021
634.000000	0.002277	0.002370	0.469606
635.000000	0.002269	0.002363	0.469193
636.000000	0.002261	0.002356	0.468780
637.000000	0.002253	0.002348	0.468368
638.000000	0.002245	0.002339	0.467958
639.000000	0.002238	0.002330	0.467548
640.000000	0.002232	0.002322	0.467140
641.000000	0.002227	0.002315	0.466732
642.000000	0.002222	0.002309	0.466325
643.000000	0.002218	0.002305	0.465920
644.000000	0.002214	0.002303	0.465515
645.000000	0.002212	0.002301	0.465111
646.000000	0.002210	0.002300	0.464709
647.000000	0.002208	0.002301	0.464307
648.000000	0.002206	0.002301	0.463906
649.000000	0.002204	0.002301	0.463506
650.000000	0.002202	0.002301	0.463107
651.000000	0.002199	0.002300	0.462709
652.000000	0.002196	0.002299	0.462312
653.000000	0.002191	0.002296	0.461916
654.000000	0.002187	0.002292	0.461521
655.000000	0.002183	0.002287	0.461127
656.000000	0.002180	0.002282	0.460734
657.000000	0.002177	0.002277	0.460342
658.000000	0.002175	0.002273	0.459951
659.000000	0.002175	0.002270	0.459560
660.000000	0.002174	0.002269	0.459171
661.000000	0.002175	0.002268	0.458782
662.000000	0.002175	0.002268	0.458394
663.000000	0.002177	0.002269	0.458008
664.000000	0.002180	0.002270	0.457622
665.000000	0.002185	0.002272	0.457237
666.000000	0.002193	0.002274	0.456853
667.000000	0.002202	0.002277	0.456470
668.000000	0.002214	0.002279	0.456088
669.000000	0.002225	0.002281	0.455706
670.000000	0.002236	0.002282	0.455326
671.000000	0.002245	0.002283	0.454946
672.000000	0.002251	0.002281	0.454568
673.000000	0.002252	0.002278	0.454190
674.000000	0.002250	0.002272	0.453813
675.000000	0.002244	0.002265	0.453437
676.000000	0.002235	0.002257	0.453062
677.000000	0.002224	0.002248	0.452687
678.000000	0.002212	0.002240	0.452314
679.000000	0.002201	0.002233	0.451941
680.000000	0.002191	0.002228	0.451570
681.000000	0.002183	0.002223	0.451199
682.000000	0.002175	0.002220	0.450829
683.000000	0.002168	0.002217	0.450459
684.000000	0.002162	0.002215	0.450091
685.000000	0.002156	0.002213	0.449724
686.000000	0.002149	0.002212	0.449357
687.000000	0.002142	0.002210	0.448991
688.000000	0.002135	0.002208	0.448626
689.000000	0.002127	0.002205	0.448262
690.000000	0.002119	0.002199	0.447898
691.000000	0.002111	0.002191	0.447536
692.000000	0.002103	0.002181	0.447174
693.000000	0.002093	0.002169	0.446813
694.000000	0.002083	0.002155	0.446453
695.000000	0.002070	0.002140	0.446094
696.000000	0.002057	0.002124	0.445735
697.000000	0.002043	0.002109	0.445378
698.000000	0.002028	0.002094	0.445021
699.000000	0.002014	0.002079	0.444665
700.000000	0.002002	0.002065	0.444309
701.000000	0.001992	0.002052	0.443955
702.000000	0.001983	0.002040	0.443601
703.000000	0.001976	0.002028	0.443248
704.000000	0.001971	0.002017	0.442896
705.000000	0.001966	0.002007	0.442545
706.000000	0.001961	0.001998	0.442194
707.000000	0.001957	0.001991	0.441844
708.000000	0.001952	0.001984	0.441495
709.000000	0.001948	0.001980	0.441147
710.000000	0.001946	0.001978	0.440799
711.000000	0.001944	0.001979	0.440452
712.000000	0.001943	0.001983	0.440106
713.000000	0.001943	0.001988	0.439761
714.000000	0.001943	0.001993	0.439417
715.000000	0.001943	0.001997	0.439073
716.000000	0.001942	0.001999	0.438730
717.000000	0.001941	0.001998	0.438388
718.000000	0.001938	0.001993	0.438046
719.000000	0.001934	0.001985	0.437705
720.000000	0.001931	0.001977	0.437365
721.000000	0.001929	0.001969	0.437026
722.000000	0.001929	0.001964	0.436687
723.000000	0.001932	0.001962	0.436350
724.000000	0.001939	0.001963	0.436013
725.000000	0.001948	0.001967	0.435676
726.000000	0.001958	0.001971	0.435341
727.000000	0.001968	0.001975	0.435006
728.000000	0.001977	0.001977	0.434671
729.000000	0.001982	0.001975	0.434338
730.000000	0.001983	0.001969	0.434005
731.000000	0.001980	0.001961	0.433673
732.000000	0.001974	0.001951	0.433342
733.000000	0.001966	0.001942	0.433011
734.000000	0.001959	0.001935	0.432681
735.000000	0.001953	0.001930	0.432352
736.000000	0.001950	0.001928	0.432023
737.000000	0.001948	0.001927	0.431695
738.000000	0.001947	0.001925	0.431368
739.000000	0.001945	0.001920	0.431042
740.000000	0.001941	0.001912	0.430716
741.000000	0.001935	0.001901	0.430391
742.000000	0.001926	0.001889	0.430066
743.000000	0.001914	0.001877	0.429743
744.000000	0.001901	0.001865	0.429419
745.000000	0.001887	0.001856	0.429097
746.000000	0.001872	0.001848	0.428775
747.000000	0.001859	0.001842	0.428454
748.000000	0.001847	0.001837	0.428134
749.000000	0.001839	0.001834	0.427814
750.000000	0.001834	0.001833	0.427495
751.000000	0.001834	0.001833	0.427177
752.000000	0.001837	0.001834	0.426859
753.000000	0.001844	0.001836	0.426542
754.000000	0.001852	0.001839	0.426226
755.000000	0.001860	0.001842	0.425910
756.000000	0.001868	0.001845	0.425595
757.000000	0.001875	0.001849	0.425280
758.000000	0.001879	0.001852	0.424966
759.000000	0.001881	0.001854	0.424653
760.000000	0.001878	0.001855	0.424341
761.000000	0.001872	0.001853	0.424029
762.000000	0.001863	0.001848	0.423718
763.000000	0.001854	0.001840	0.423407
764.000000	0.001844	0.001831	0.423097
765.000000	0.001837	0.001821	0.422788
766.000000	0.001833	0.001813	0.422479
767.000000	0.001831	0.001808	0.422171
768.000000	0.001830	0.001805	0.421863
769.000000	0.001828	0.001803	0.421557
770.000000	0.001823	0.001800	0.421250
771.000000	0.001813	0.001793	0.420945
772.000000	0.001797	0.001780	0.420640
773.000000	0.001777	0.001761	0.420335
774.000000	0.001754	0.001737	0.420032
775.000000	0.001730	0.001710	0.419729
776.000000	0.001709	0.001683	0.419426
777.000000	0.001692	0.001661	0.419124
778.000000	0.001679	0.001644	0.418823
779.000000	0.001668	0.001634	0.418522
780.000000	0.001660	0.001628	0.418222
781.000000	0.001651	0.001625	0.417922
782.000000	0.001643	0.001625	0.417624
783.000000	0.001634	0.001625	0.417325
784.000000	0.001628	0.001627	0.417028
785.000000	0.001624	0.001630	0.416730
786.000000	0.001623	0.001634	0.416434
787.000000	0.001625	0.001637	0.416138
788.000000	0.001629	0.001641	0.415843
789.000000	0.001634	0.001643	0.415548
790.000000	0.001637	0.001643	0.415254
791.000000	0.001640	0.001643	0.414960
792.000000	0.001640	0.001642	0.414667
793.000000	0.001638	0.001642	0.414374
794.000000	0.001636	0.001644	0.414083
795.000000	0.001633	0.001649	0.413791
796.000000	0.001631	0.001656	0.413500
797.000000	0.001629	0.001663	0.413210
798.000000	0.001631	0.001670	0.412921
799.000000	0.001636	0.001677	0.412632
800.000000	0.001645	0.001684	0.412343
801.000000	0.001659	0.001692	0.412055
802.000000	0.001677	0.001700	0.411768
803.000000	0.001695	0.001709	0.411481
804.000000	0.001710	0.001717	0.411195
805.000000	0.001717	0.001721	0.410909
806.000000	0.001714	0.001718	0.410624
807.000000	0.001700	0.001706	0.410339
808.000000	0.001676	0.001687	0.410055
809.000000	0.001644	0.001661	0.409772
810.000000	0.001610	0.001632	0.409489
811.000000	0.001577	0.001605	0.409206
812.000000	0.001550	0.001581	0.408925
813.000000	0.001532	0.001563	0.408643
814.000000	0.001523	0.001553	0.408362
815.000000	0.001524	0.001550	0.408082
816.000000	0.001533	0.001554	0.407803
817.000000	0.001548	0.001562	0.407523
818.000000	0.001568	0.001574	0.407245
819.000000	0.001579	0.001581	0.406967
820.000000	0.001590	0.001588	0.406689
821.000000	0.001609	0.001602	0.406412
822.000000	0.001620	0.001610	0.406135
823.000000	0.001622	0.001609	0.405859
824.000000	0.001614	0.001599	0.405584
825.000000	0.001596	0.001578	0.405309
826.000000	0.001572	0.001549	0.405034
827.000000	0.001545	0.001516	0.404761
828.000000	0.001522	0.001486	0.404487
829.000000	0.001506	0.001466	0.404214
830.000000	0.001503	0.001462	0.403942
831.000000	0.001514	0.001478	0.403670
832.000000	0.001539	0.001514	0.403399
833.000000	0.001574	0.001564	0.403128
834.000000	0.001611	0.001619	0.402857
835.000000	0.001643	0.001668	0.402588
836.000000	0.001662	0.001700	0.402318
837.000000	0.001664	0.001707	0.402049
838.000000	0.001647	0.001689	0.401781
839.000000	0.001614	0.001646	0.401513
840.000000	0.001567	0.001585	0.401246
841.000000	0.001515	0.001516	0.400979
842.000000	0.001466	0.001452	0.400713
843.000000	0.001425	0.001400	0.400447
844.000000	0.001397	0.001368	0.400181
845.000000	0.001386	0.001357	0.399917
846.000000	0.001389	0.001362	0.399652
847.000000	0.001402	0.001376	0.399388
848.000000	0.001423	0.001392	0.399125
849.000000	0.001447	0.001407	0.398862
850.000000	0.001475	0.001422	0.398599
851.000000	0.001504	0.001440	0.398337
852.000000	0.001533	0.001467	0.398076
853.000000	0.001562	0.001504	0.397815
854.000000	0.001588	0.001553	0.397554
855.000000	0.001610	0.001611	0.397294
856.000000	0.001625	0.001673	0.397035
857.000000	0.001638	0.001735	0.396776
858.000000	0.001646	0.001784	0.396517
859.000000	0.001652	0.001822	0.396259
