/*
    Interpolated CDOM absorption
  
  
  Column 1: Wavelength [nm]
  Column 2: Absorption coefficient [m-1]
  */
300	   1.75965
301	   1.724295
302	   1.68894
303	   1.65627
304	   1.6236
305	   1.5934
306	   1.5632
307	   1.53486
308	   1.50652
309	   1.479845
310	   1.45317
311	   1.427845
312	   1.40252
313	   1.377715
314	   1.35291
315	   1.328795
316	   1.30468
317	   1.2818
318	   1.25892
319	   1.23658
320	   1.21424
321	   1.19282
322	   1.1714
323	   1.15117
324	   1.13094
325	   1.11122
326	   1.0915
327	   1.07219
328	   1.05288
329	   1.03397
330	   1.01506
331	   0.996135
332	   0.97721
333	   0.95878
334	   0.94035
335	   0.92296
336	   0.90557
337	   0.889255
338	   0.87294
339	   0.857695
340	   0.84245
341	   0.82767
342	   0.81289
343	   0.79821
344	   0.78353
345	   0.769025
346	   0.75452
347	   0.74068
348	   0.72684
349	   0.713735
350	   0.70063
351	   0.68837
352	   0.67611
353	   0.66449
354	   0.65287
355	   0.64172
356	   0.63057
357	   0.619875
358	   0.60918
359	   0.598865
360	   0.58855
361	   0.57874
362	   0.56893
363	   0.559565
364	   0.5502
365	   0.541085
366	   0.53197
367	   0.523435
368	   0.5149
369	   0.50686
370	   0.49882
371	   0.490835
372	   0.48285
373	   0.475115
374	   0.46738
375	   0.459805
376	   0.45223
377	   0.44488
378	   0.43753
379	   0.4305
380	   0.42347
381	   0.41651
382	   0.40955
383	   0.402835
384	   0.39612
385	   0.3897
386	   0.38328
387	   0.37707
388	   0.37086
389	   0.365
390	   0.35914
391	   0.35343
392	   0.34772
393	   0.34209
394	   0.33646
395	   0.33108
396	   0.3257
397	   0.320655
398	   0.31561
399	   0.31092
400	   0.30623
401	   0.301825
402	   0.29742
403	   0.29311
404	   0.2888
405	   0.28455
406	   0.2803
407	   0.27609
408	   0.27188
409	   0.267795
410	   0.26371
411	   0.25965
412	   0.25559
413	   0.251615
414	   0.24764
415	   0.24375
416	   0.23986
417	   0.23613
418	   0.2324
419	   0.228805
420	   0.22521
421	   0.221775
422	   0.21834
423	   0.21512
424	   0.2119
425	   0.20865
426	   0.2054
427	   0.202065
428	   0.19873
429	   0.19554
430	   0.19235
431	   0.18929
432	   0.18623
433	   0.183195
434	   0.18016
435	   0.177265
436	   0.17437
437	   0.17156
438	   0.16875
439	   0.165915
440	   0.16308
441	   0.160305
442	   0.15753
443	   0.15484
444	   0.15215
445	   0.14948
446	   0.14681
447	   0.144285
448	   0.14176
449	   0.139545
450	   0.13733
451	   0.13546
452	   0.13359
453	   0.13169
454	   0.12979
455	   0.12774
456	   0.12569
457	   0.12371
458	   0.12173
459	   0.11963
460	   0.11753
461	   0.11549
462	   0.11345
463	   0.11179
464	   0.11013
465	   0.10858
466	   0.10703
467	   0.10547
468	   0.10391
469	   0.102395
470	   0.10088
471	   0.09938
472	   0.09788
473	   0.096325
474	   0.09477
475	   0.09325
476	   0.09173
477	   0.09043
478	   0.08913
479	   0.08787
480	   0.08661
481	   0.085075
482	   0.08354
483	   0.081975
484	   0.08041
485	   0.078985
486	   0.07756
487	   0.07635
488	   0.07514
489	   0.074235
490	   0.07333
491	   0.07267
492	   0.07201
493	   0.071345
494	   0.07068
495	   0.06993
496	   0.06918
497	   0.068265
498	   0.06735
499	   0.066355
500	   0.06536
501	   0.0644
502	   0.06344
503	   0.062475
504	   0.06151
505	   0.06076
506	   0.06001
507	   0.05935
508	   0.05869
509	   0.057895
510	   0.0571
511	   0.05627
512	   0.05544
513	   0.05461
514	   0.05378
515	   0.052935
516	   0.05209
517	   0.051525
518	   0.05096
519	   0.0505
520	   0.05004
521	   0.04964
522	   0.04924
523	   0.048685
524	   0.04813
525	   0.04748
526	   0.04683
527	   0.046095
528	   0.04536
529	   0.04465
530	   0.04394
531	   0.0434
532	   0.04286
533	   0.042345
534	   0.04183
535	   0.041345
536	   0.04086
537	   0.040505
538	   0.04015
539	   0.039665
540	   0.03918
541	   0.03883
542	   0.03848
543	   0.038085
544	   0.03769
545	   0.037155
546	   0.03662
547	   0.03618
548	   0.03574
549	   0.03532
550	   0.0349
551	   0.034525
552	   0.03415
553	   0.03384
554	   0.03353
555	   0.03319
556	   0.03285
557	   0.03247
558	   0.03209
559	   0.031695
560	   0.0313
561	   0.03085
562	   0.0304
563	   0.029975
564	   0.02955
565	   0.029145
566	   0.02874
567	   0.028365
568	   0.02799
569	   0.027675
570	   0.02736
571	   0.02705
572	   0.02674
573	   0.026425
574	   0.02611
575	   0.02566
576	   0.02521
577	   0.024735
578	   0.02426
579	   0.02388
580	   0.0235
581	   0.02309
582	   0.02268
583	   0.02241
584	   0.02214
585	   0.021895
586	   0.02165
587	   0.02157
588	   0.02149
589	   0.021355
590	   0.02122
591	   0.020975
592	   0.02073
593	   0.020415
594	   0.0201
595	   0.019675
596	   0.01925
597	   0.01905
598	   0.01885
599	   0.01878
600	   0.01871
601	   0.01866
602	   0.01861
603	   0.01856
604	   0.01851
605	   0.018325
606	   0.01814
607	   0.017925
608	   0.01771
609	   0.0176
610	   0.01749
611	   0.017545
612	   0.0176
613	   0.01761
614	   0.01762
615	   0.017605
616	   0.01759
617	   0.01739
618	   0.01719
619	   0.016705
620	   0.01622
621	   0.015775
622	   0.01533
623	   0.01496
624	   0.01459
625	   0.01423
626	   0.01387
627	   0.013665
628	   0.01346
629	   0.01333
630	   0.0132
631	   0.012995
632	   0.01279
633	   0.01283
634	   0.01287
635	   0.01298
636	   0.01309
637	   0.013135
638	   0.01318
639	   0.01332
640	   0.01346
641	   0.013355
642	   0.01325
643	   0.012905
644	   0.01256
645	   0.01234
646	   0.01212
647	   0.011865
648	   0.01161
649	   0.01143
650	   0.01125
651	   0.01089
652	   0.01053
653	   0.009995
654	   0.00946
655	   0.009225
656	   0.00899
657	   0.008945
658	   0.0089
659	   0.008965
660	   0.00903
661	   0.00917
662	   0.00931
663	   0.009275
664	   0.00924
665	   0.009345
666	   0.00945
667	   0.00963
668	   0.00981
669	   0.010015
670	   0.01022
671	   0.0103
672	   0.01038
673	   0.01023
674	   0.01008
675	   0.009845
676	   0.00961
677	   0.00949
678	   0.00937
679	   0.009315
680	   0.00926
681	   0.00912
682	   0.00898
683	   0.00875
684	   0.00852
685	   0.0082
686	   0.00788
687	   0.00764
688	   0.0074
689	   0.007115
690	   0.00683
691	   0.00659
692	   0.00635
693	   0.00594
694	   0.00553
695	   0.004955
696	   0.00438
697	   0.003885
698	   0.00339
699	   0.00298
700	   0.00257
701	   0.00239
702	   0.00221
703	   0.002235
704	   0.00226
705	   0.00255
706	   0.00284
707	   0.0028
708	   0.00276
709	   0.00235
710	   0.00194
711	   0.00187
712	   0.0018
713	   0.00213
714	   0.00246
715	   0.00296
716	   0.00346
717	   0.00378
718	   0.0041
719	   0.0041
720	   0.0041
