/*
Particulate absorption and scattering spectra, normalized by SPM 
Scattering spectra estimated from LISST-VSF PSD power-function fit 
(see Boss et al. 2013) scaled by LISST-VSF scattering coefficient at 515 nm 
Total (a_p) and bleached (a_d) absorption spectra from UV/VIS 
spectrophotometer measurements with GF/F filter.

Lat, Lon =  59.8787 ,  5.65556 
Date Time UTC =  20-May-2022 11:32:00 
Depth = 1 m  
SPM =  20.13  g/m3 
POC = -999 mg/m3 
PSD power-law exponent (~1.5-147 um) =  4.453 
Scattering spectra power-function exponent (400-700 nm) =  1.252 

Created by Elinor Tessin on  04-Jun-2024 11:49:35 
Data Version:  V1_04-Jun-2024 
Column 1: wavelength [nm]
Column 2: a_p [m^2/g]
Column 3: a_d [m^2/g]
Column 4: b_p [m^2/g]
*/
300   1.128e-02   9.896e-03  0.694
301   1.101e-02   9.747e-03  0.691
302   1.074e-02   9.598e-03  0.688
303   1.048e-02   9.436e-03  0.685
304   1.023e-02   9.275e-03  0.682
305   1.003e-02   9.083e-03  0.680
306   9.821e-03   8.892e-03  0.677
307   9.685e-03   8.758e-03  0.674
308   9.548e-03   8.624e-03  0.671
309   9.451e-03   8.492e-03  0.669
310   9.354e-03   8.361e-03  0.666
311   9.282e-03   8.214e-03  0.663
312   9.210e-03   8.068e-03  0.661
313   9.175e-03   7.968e-03  0.658
314   9.141e-03   7.869e-03  0.655
315   9.074e-03   7.737e-03  0.653
316   9.006e-03   7.606e-03  0.650
317   8.957e-03   7.514e-03  0.648
318   8.907e-03   7.422e-03  0.645
319   8.897e-03   7.360e-03  0.642
320   8.887e-03   7.298e-03  0.640
321   8.855e-03   7.146e-03  0.637
322   8.823e-03   6.995e-03  0.635
323   8.803e-03   6.885e-03  0.633
324   8.783e-03   6.776e-03  0.630
325   8.770e-03   6.706e-03  0.628
326   8.758e-03   6.637e-03  0.625
327   8.711e-03   6.518e-03  0.623
328   8.664e-03   6.398e-03  0.620
329   8.639e-03   6.307e-03  0.618
330   8.614e-03   6.215e-03  0.616
331   8.577e-03   6.138e-03  0.613
332   8.539e-03   6.061e-03  0.611
333   8.487e-03   5.986e-03  0.609
334   8.435e-03   5.912e-03  0.607
335   8.423e-03   5.797e-03  0.604
336   8.410e-03   5.683e-03  0.602
337   8.393e-03   5.579e-03  0.600
338   8.376e-03   5.474e-03  0.598
339   8.308e-03   5.385e-03  0.595
340   8.241e-03   5.296e-03  0.593
341   8.179e-03   5.199e-03  0.591
342   8.117e-03   5.102e-03  0.589
343   8.038e-03   5.014e-03  0.587
344   7.958e-03   4.926e-03  0.585
345   7.866e-03   4.824e-03  0.582
346   7.774e-03   4.722e-03  0.580
347   7.702e-03   4.644e-03  0.578
348   7.630e-03   4.565e-03  0.576
349   7.524e-03   4.482e-03  0.574
350   7.417e-03   4.398e-03  0.572
351   7.322e-03   4.320e-03  0.570
352   7.228e-03   4.242e-03  0.568
353   7.171e-03   4.169e-03  0.566
354   7.114e-03   4.096e-03  0.564
355   7.072e-03   4.009e-03  0.562
356   7.029e-03   3.923e-03  0.560
357   6.982e-03   3.850e-03  0.558
358   6.935e-03   3.777e-03  0.556
359   6.893e-03   3.727e-03  0.554
360   6.850e-03   3.676e-03  0.552
361   6.818e-03   3.621e-03  0.550
362   6.786e-03   3.567e-03  0.548
363   6.761e-03   3.502e-03  0.546
364   6.736e-03   3.438e-03  0.545
365   6.706e-03   3.372e-03  0.543
366   6.677e-03   3.307e-03  0.541
367   6.657e-03   3.249e-03  0.539
368   6.637e-03   3.191e-03  0.537
369   6.627e-03   3.124e-03  0.535
370   6.617e-03   3.057e-03  0.534
371   6.605e-03   2.991e-03  0.532
372   6.592e-03   2.924e-03  0.530
373   6.592e-03   2.889e-03  0.528
374   6.592e-03   2.853e-03  0.526
375   6.592e-03   2.808e-03  0.525
376   6.592e-03   2.764e-03  0.523
377   6.592e-03   2.718e-03  0.521
378   6.592e-03   2.673e-03  0.519
379   6.595e-03   2.633e-03  0.518
380   6.597e-03   2.592e-03  0.516
381   6.592e-03   2.541e-03  0.514
382   6.587e-03   2.489e-03  0.513
383   6.567e-03   2.441e-03  0.511
384   6.547e-03   2.393e-03  0.509
385   6.520e-03   2.350e-03  0.508
386   6.493e-03   2.307e-03  0.506
387   6.478e-03   2.269e-03  0.504
388   6.463e-03   2.232e-03  0.503
389   6.448e-03   2.194e-03  0.501
390   6.433e-03   2.157e-03  0.500
391   6.416e-03   2.115e-03  0.498
392   6.398e-03   2.074e-03  0.496
393   6.386e-03   2.037e-03  0.495
394   6.374e-03   2.000e-03  0.493
395   6.371e-03   1.969e-03  0.492
396   6.369e-03   1.938e-03  0.490
397   6.386e-03   1.915e-03  0.489
398   6.403e-03   1.892e-03  0.487
399   6.421e-03   1.862e-03  0.485
400   6.438e-03   1.833e-03  0.484
401   6.463e-03   1.803e-03  0.482
402   6.488e-03   1.772e-03  0.481
403   6.533e-03   1.754e-03  0.479
404   6.577e-03   1.736e-03  0.478
405   6.642e-03   1.716e-03  0.476
406   6.706e-03   1.695e-03  0.475
407   6.771e-03   1.678e-03  0.474
408   6.836e-03   1.660e-03  0.472
409   6.905e-03   1.641e-03  0.471
410   6.975e-03   1.623e-03  0.469
411   7.044e-03   1.605e-03  0.468
412   7.114e-03   1.586e-03  0.466
413   7.171e-03   1.571e-03  0.465
414   7.228e-03   1.555e-03  0.464
415   7.275e-03   1.538e-03  0.462
416   7.322e-03   1.521e-03  0.461
417   7.347e-03   1.505e-03  0.459
418   7.372e-03   1.489e-03  0.458
419   7.397e-03   1.475e-03  0.457
420   7.422e-03   1.461e-03  0.455
421   7.452e-03   1.442e-03  0.454
422   7.481e-03   1.423e-03  0.453
423   7.501e-03   1.405e-03  0.451
424   7.521e-03   1.388e-03  0.450
425   7.551e-03   1.376e-03  0.449
426   7.581e-03   1.364e-03  0.447
427   7.638e-03   1.350e-03  0.446
428   7.695e-03   1.336e-03  0.445
429   7.772e-03   1.323e-03  0.443
430   7.849e-03   1.309e-03  0.442
431   7.926e-03   1.298e-03  0.441
432   8.003e-03   1.287e-03  0.439
433   8.085e-03   1.279e-03  0.438
434   8.167e-03   1.271e-03  0.437
435   8.227e-03   1.256e-03  0.436
436   8.286e-03   1.242e-03  0.434
437   8.318e-03   1.226e-03  0.433
438   8.351e-03   1.209e-03  0.432
439   8.351e-03   1.199e-03  0.431
440   8.351e-03   1.188e-03  0.429
441   8.328e-03   1.178e-03  0.428
442   8.306e-03   1.167e-03  0.427
443   8.264e-03   1.153e-03  0.426
444   8.222e-03   1.139e-03  0.425
445   8.154e-03   1.126e-03  0.423
446   8.087e-03   1.114e-03  0.422
447   8.020e-03   1.106e-03  0.421
448   7.953e-03   1.098e-03  0.420
449   7.906e-03   1.089e-03  0.419
450   7.859e-03   1.079e-03  0.418
451   7.832e-03   1.069e-03  0.416
452   7.804e-03   1.059e-03  0.415
453   7.787e-03   1.047e-03  0.414
454   7.769e-03   1.034e-03  0.413
455   7.762e-03   1.021e-03  0.412
456   7.755e-03   1.007e-03  0.411
457   7.769e-03   1.003e-03  0.410
458   7.784e-03   9.995e-04  0.408
459   7.797e-03   9.948e-04  0.407
460   7.809e-03   9.901e-04  0.406
461   7.809e-03   9.784e-04  0.405
462   7.809e-03   9.667e-04  0.404
463   7.792e-03   9.575e-04  0.403
464   7.774e-03   9.483e-04  0.402
465   7.745e-03   9.399e-04  0.401
466   7.715e-03   9.314e-04  0.400
467   7.668e-03   9.237e-04  0.399
468   7.620e-03   9.160e-04  0.398
469   7.568e-03   9.098e-04  0.396
470   7.516e-03   9.036e-04  0.395
471   7.452e-03   8.932e-04  0.394
472   7.387e-03   8.828e-04  0.393
473   7.310e-03   8.731e-04  0.392
474   7.233e-03   8.634e-04  0.391
475   7.151e-03   8.505e-04  0.390
476   7.069e-03   8.376e-04  0.389
477   6.972e-03   8.241e-04  0.388
478   6.875e-03   8.107e-04  0.387
479   6.776e-03   7.988e-04  0.386
480   6.677e-03   7.869e-04  0.385
481   6.570e-03   7.765e-04  0.384
482   6.463e-03   7.660e-04  0.383
483   6.346e-03   7.578e-04  0.382
484   6.230e-03   7.496e-04  0.381
485   6.123e-03   7.399e-04  0.380
486   6.016e-03   7.303e-04  0.379
487   5.909e-03   7.221e-04  0.378
488   5.802e-03   7.139e-04  0.377
489   5.688e-03   7.047e-04  0.376
490   5.574e-03   6.955e-04  0.375
491   5.457e-03   6.858e-04  0.374
492   5.340e-03   6.761e-04  0.373
493   5.229e-03   6.684e-04  0.372
494   5.117e-03   6.607e-04  0.372
495   5.006e-03   6.530e-04  0.371
496   4.895e-03   6.453e-04  0.370
497   4.782e-03   6.374e-04  0.369
498   4.670e-03   6.294e-04  0.368
499   4.558e-03   6.217e-04  0.367
500   4.447e-03   6.140e-04  0.366
501   4.338e-03   6.058e-04  0.365
502   4.228e-03   5.976e-04  0.364
503   4.126e-03   5.907e-04  0.363
504   4.024e-03   5.837e-04  0.362
505   3.933e-03   5.760e-04  0.361
506   3.843e-03   5.683e-04  0.361
507   3.754e-03   5.601e-04  0.360
508   3.665e-03   5.519e-04  0.359
509   3.589e-03   5.440e-04  0.358
510   3.512e-03   5.360e-04  0.357
511   3.445e-03   5.301e-04  0.356
512   3.378e-03   5.241e-04  0.355
513   3.302e-03   5.174e-04  0.354
514   3.226e-03   5.107e-04  0.354
515   3.159e-03   5.050e-04  0.353
516   3.092e-03   4.993e-04  0.352
517   3.038e-03   4.925e-04  0.351
518   2.983e-03   4.857e-04  0.350
519   2.929e-03   4.803e-04  0.349
520   2.876e-03   4.748e-04  0.348
521   2.824e-03   4.701e-04  0.348
522   2.771e-03   4.655e-04  0.347
523   2.718e-03   4.625e-04  0.346
524   2.664e-03   4.596e-04  0.345
525   2.610e-03   4.535e-04  0.344
526   2.556e-03   4.473e-04  0.343
527   2.506e-03   4.395e-04  0.343
528   2.456e-03   4.316e-04  0.342
529   2.407e-03   4.291e-04  0.341
530   2.359e-03   4.265e-04  0.340
531   2.317e-03   4.223e-04  0.339
532   2.274e-03   4.180e-04  0.339
533   2.227e-03   4.126e-04  0.338
534   2.180e-03   4.073e-04  0.337
535   2.130e-03   4.038e-04  0.336
536   2.081e-03   4.002e-04  0.335
537   2.033e-03   3.895e-04  0.335
538   1.985e-03   3.788e-04  0.334
539   1.939e-03   3.692e-04  0.333
540   1.894e-03   3.595e-04  0.332
541   1.850e-03   3.585e-04  0.332
542   1.807e-03   3.576e-04  0.331
543   1.764e-03   3.576e-04  0.330
544   1.722e-03   3.575e-04  0.329
545   1.683e-03   3.499e-04  0.329
546   1.644e-03   3.422e-04  0.328
547   1.603e-03   3.365e-04  0.327
548   1.562e-03   3.308e-04  0.326
549   1.520e-03   3.274e-04  0.326
550   1.478e-03   3.241e-04  0.325
551   1.437e-03   3.192e-04  0.324
552   1.396e-03   3.142e-04  0.323
553   1.360e-03   3.106e-04  0.323
554   1.324e-03   3.069e-04  0.322
555   1.291e-03   3.015e-04  0.321
556   1.257e-03   2.960e-04  0.320
557   1.225e-03   2.918e-04  0.320
558   1.194e-03   2.876e-04  0.319
559   1.163e-03   2.825e-04  0.318
560   1.133e-03   2.774e-04  0.318
561   1.108e-03   2.730e-04  0.317
562   1.083e-03   2.685e-04  0.316
563   1.063e-03   2.660e-04  0.315
564   1.043e-03   2.636e-04  0.315
565   1.026e-03   2.583e-04  0.314
566   1.009e-03   2.530e-04  0.313
567   9.983e-04   2.483e-04  0.313
568   9.876e-04   2.437e-04  0.312
569   9.771e-04   2.407e-04  0.311
570   9.667e-04   2.377e-04  0.311
571   9.610e-04   2.327e-04  0.310
572   9.553e-04   2.276e-04  0.309
573   9.553e-04   2.249e-04  0.309
574   9.553e-04   2.222e-04  0.308
575   9.588e-04   2.210e-04  0.307
576   9.622e-04   2.198e-04  0.307
577   9.702e-04   2.160e-04  0.306
578   9.781e-04   2.122e-04  0.305
579   9.856e-04   2.083e-04  0.305
580   9.930e-04   2.043e-04  0.304
581   1.001e-03   2.007e-04  0.303
582   1.008e-03   1.972e-04  0.303
583   1.019e-03   1.954e-04  0.302
584   1.029e-03   1.936e-04  0.301
585   1.040e-03   1.907e-04  0.301
586   1.051e-03   1.878e-04  0.300
587   1.060e-03   1.863e-04  0.299
588   1.070e-03   1.848e-04  0.299
589   1.074e-03   1.806e-04  0.298
590   1.079e-03   1.763e-04  0.297
591   1.076e-03   1.723e-04  0.297
592   1.074e-03   1.683e-04  0.296
593   1.065e-03   1.670e-04  0.296
594   1.057e-03   1.658e-04  0.295
595   1.044e-03   1.598e-04  0.294
596   1.030e-03   1.538e-04  0.294
597   1.015e-03   1.536e-04  0.293
598   9.990e-04   1.535e-04  0.292
599   9.851e-04   1.556e-04  0.292
600   9.712e-04   1.576e-04  0.291
601   9.536e-04   1.535e-04  0.291
602   9.359e-04   1.493e-04  0.290
603   9.220e-04   1.461e-04  0.289
604   9.081e-04   1.430e-04  0.289
605   8.984e-04   1.395e-04  0.288
606   8.887e-04   1.361e-04  0.288
607   8.847e-04   1.368e-04  0.287
608   8.808e-04   1.376e-04  0.286
609   8.815e-04   1.357e-04  0.286
610   8.823e-04   1.338e-04  0.285
611   8.800e-04   1.286e-04  0.285
612   8.778e-04   1.233e-04  0.284
613   8.790e-04   1.217e-04  0.284
614   8.803e-04   1.201e-04  0.283
615   8.885e-04   1.215e-04  0.282
616   8.967e-04   1.229e-04  0.282
617   9.054e-04   1.237e-04  0.281
618   9.141e-04   1.245e-04  0.281
619   9.220e-04   1.243e-04  0.280
620   9.300e-04   1.242e-04  0.280
621   9.327e-04   1.209e-04  0.279
622   9.354e-04   1.176e-04  0.278
623   9.359e-04   1.136e-04  0.278
624   9.364e-04   1.097e-04  0.277
625   9.434e-04   1.093e-04  0.277
626   9.503e-04   1.088e-04  0.276
627   9.563e-04   1.087e-04  0.276
628   9.622e-04   1.085e-04  0.275
629   9.685e-04   1.073e-04  0.275
630   9.747e-04   1.061e-04  0.274
631   9.846e-04   1.065e-04  0.273
632   9.945e-04   1.070e-04  0.273
633   1.005e-03   1.089e-04  0.272
634   1.015e-03   1.108e-04  0.272
635   1.019e-03   1.071e-04  0.271
636   1.022e-03   1.033e-04  0.271
637   1.024e-03   9.834e-05  0.270
638   1.026e-03   9.339e-05  0.270
639   1.021e-03   9.155e-05  0.269
640   1.015e-03   8.972e-05  0.269
641   1.005e-03   9.086e-05  0.268
642   9.940e-04   9.200e-05  0.268
643   9.866e-04   9.329e-05  0.267
644   9.791e-04   9.459e-05  0.267
645   9.647e-04   9.384e-05  0.266
646   9.503e-04   9.309e-05  0.266
647   9.362e-04   9.344e-05  0.265
648   9.220e-04   9.379e-05  0.264
649   9.093e-04   9.026e-05  0.264
650   8.967e-04   8.674e-05  0.263
651   8.924e-04   8.244e-05  0.263
652   8.882e-04   7.814e-05  0.262
653   8.974e-04   7.968e-05  0.262
654   9.066e-04   8.122e-05  0.261
655   9.342e-04   8.554e-05  0.261
656   9.617e-04   8.987e-05  0.260
657   1.011e-03   9.180e-05  0.260
658   1.060e-03   9.374e-05  0.259
659   1.134e-03   9.305e-05  0.259
660   1.207e-03   9.235e-05  0.258
661   1.311e-03   9.550e-05  0.258
662   1.415e-03   9.866e-05  0.258
663   1.539e-03   1.024e-04  0.257
664   1.663e-03   1.061e-04  0.257
665   1.796e-03   1.086e-04  0.256
666   1.929e-03   1.112e-04  0.256
667   2.068e-03   1.163e-04  0.255
668   2.207e-03   1.215e-04  0.255
669   2.340e-03   1.238e-04  0.254
670   2.472e-03   1.260e-04  0.254
671   2.566e-03   1.243e-04  0.253
672   2.659e-03   1.226e-04  0.253
673   2.705e-03   1.260e-04  0.252
674   2.751e-03   1.295e-04  0.252
675   2.751e-03   1.291e-04  0.251
676   2.752e-03   1.287e-04  0.251
677   2.710e-03   1.237e-04  0.250
678   2.668e-03   1.187e-04  0.250
679   2.592e-03   1.136e-04  0.249
680   2.517e-03   1.085e-04  0.249
681   2.407e-03   1.004e-04  0.249
682   2.298e-03   9.235e-05  0.248
683   2.150e-03   8.554e-05  0.248
684   2.001e-03   7.874e-05  0.247
685   1.824e-03   7.285e-05  0.247
686   1.646e-03   6.696e-05  0.246
687   1.474e-03   6.401e-05  0.246
688   1.302e-03   6.105e-05  0.245
689   1.148e-03   5.686e-05  0.245
690   9.950e-04   5.266e-05  0.244
691   8.554e-04   4.755e-05  0.244
692   7.158e-04   4.243e-05  0.244
693   6.135e-04   3.593e-05  0.243
694   5.112e-04   2.943e-05  0.243
695   4.403e-04   2.399e-05  0.242
696   3.693e-04   1.854e-05  0.242
697   3.217e-04   1.689e-05  0.241
698   2.741e-04   1.524e-05  0.241
699   2.502e-04   1.493e-05  0.241
700   2.264e-04   1.462e-05  0.240
701   2.003e-04   1.200e-05  0.240
702   1.742e-04   9.384e-06  0.239
703   1.492e-04   7.377e-06  0.239
704   1.242e-04   5.370e-06  0.238
705   1.117e-04   1.010e-05  0.238
706   9.925e-05   1.482e-05  0.238
707   8.892e-05   1.757e-05  0.237
708   7.859e-05   2.032e-05  0.237
709   7.457e-05   1.552e-05  0.236
710   7.054e-05   1.071e-05  0.236
711   6.990e-05   1.064e-05  0.235
712   6.925e-05   1.057e-05  0.235
713   6.175e-05   1.220e-05  0.235
714   5.425e-05   1.382e-05  0.234
715   4.434e-05   1.461e-05  0.234
716   3.443e-05   1.540e-05  0.233
717   2.805e-05   1.351e-05  0.233
718   2.167e-05   1.161e-05  0.233
719   2.199e-05   1.074e-05  0.232
720   2.232e-05   9.856e-06  0.232
721   2.400e-05   6.095e-06  0.231
722   2.568e-05   2.335e-06  0.231
723   2.524e-05  -5.847e-07  0.231
724   2.481e-05  -3.504e-06  0.230
725   2.117e-05  -2.342e-06  0.230
726   1.754e-05  -1.179e-06  0.229
727   1.681e-05  -5.127e-06  0.229
728   1.608e-05  -9.076e-06  0.229
729   2.170e-05  -2.932e-06  0.228
730   2.733e-05   3.212e-06  0.228
731   2.531e-05   6.216e-06  0.227
732   2.329e-05   9.220e-06  0.227
733   1.537e-05   7.548e-06  0.227
734   7.442e-06   5.877e-06  0.226
735   7.894e-06   8.455e-06  0.226
736   8.346e-06   1.103e-05  0.225
737   8.097e-06   3.394e-06  0.225
738   7.849e-06  -4.245e-06  0.225
739   5.606e-06  -6.198e-06  0.224
740   3.364e-06  -8.152e-06  0.224
741   5.147e-06  -1.662e-06  0.224
742   6.930e-06   4.827e-06  0.223
743   8.726e-06   8.511e-06  0.223
744   1.052e-05   1.220e-05  0.222
745   7.730e-06   1.008e-05  0.222
746   4.938e-06   7.963e-06  0.222
747   1.161e-05   8.646e-06  0.221
748   1.828e-05   9.329e-06  0.221
749   2.400e-05   1.167e-05  0.221
750   2.972e-05   1.402e-05  0.220
751   2.575e-05   1.563e-05  0.220
752   2.178e-05   1.725e-05  0.220
753   1.851e-05   1.895e-05  0.219
754   1.524e-05   2.066e-05  0.219
755   1.533e-05   1.475e-05  0.218
756   1.541e-05   8.838e-06  0.218
757   1.139e-05   8.557e-06  0.218
758   7.367e-06   8.276e-06  0.217
759   9.290e-07   1.191e-05  0.217
760  -5.509e-06   1.555e-05  0.217
761  -4.755e-06   1.312e-05  0.216
762  -4.000e-06   1.070e-05  0.216
763  -3.882e-06   1.152e-05  0.216
764  -3.764e-06   1.234e-05  0.215
765  -4.666e-06   1.325e-05  0.215
766  -5.569e-06   1.416e-05  0.214
767  -7.054e-06   9.043e-06  0.214
768  -8.539e-06   3.923e-06  0.214
769  -7.290e-06   4.013e-06  0.213
770  -6.041e-06   4.104e-06  0.213
771  -3.153e-06   6.553e-06  0.213
772  -2.655e-07   9.001e-06  0.212
773  -4.840e-06   5.123e-06  0.212
774  -9.414e-06   1.244e-06  0.212
775  -1.414e-05   1.834e-06  0.211
776  -1.887e-05   2.424e-06  0.211
777  -1.790e-05   1.823e-06  0.211
778  -1.693e-05   1.223e-06  0.210
779  -1.964e-05  -2.154e-07  0.210
780  -2.235e-05  -1.654e-06  0.210
781  -1.759e-05   7.899e-06  0.209
782  -1.284e-05   1.745e-05  0.209
783  -1.060e-05   1.054e-05  0.209
784  -8.366e-06   3.620e-06  0.208
785  -7.576e-06  -4.779e-07  0.208
786  -6.786e-06  -4.576e-06  0.208
787  -3.759e-06   4.336e-06  0.207
788  -7.312e-07   1.325e-05  0.207
789  -6.163e-06   8.214e-06  0.207
790  -1.159e-05   3.180e-06  0.206
791  -1.119e-05  -7.523e-06  0.206
792  -1.079e-05  -1.823e-05  0.206
793  -1.229e-05  -1.484e-05  0.205
794  -1.378e-05  -1.146e-05  0.205
795  -1.418e-05  -2.178e-06  0.205
796  -1.459e-05   7.104e-06  0.204
797  -1.338e-05   3.918e-06  0.204
798  -1.218e-05   7.322e-07  0.204
799  -6.236e-06  -1.267e-07  0.203
800  -2.962e-07  -9.856e-07  0.203
801   9.627e-07  -2.295e-06  0.203
802   2.222e-06  -3.604e-06  0.203
803  -8.996e-06  -1.611e-05  0.202
804  -2.021e-05  -2.861e-05  0.202
805  -2.009e-05  -2.442e-05  0.202
806  -1.997e-05  -2.023e-05  0.201
807  -1.903e-05  -5.991e-06  0.201
808  -1.809e-05   8.251e-06  0.201
809  -1.456e-05   1.216e-05  0.200
810  -1.103e-05   1.607e-05  0.200
811  -1.510e-05   8.637e-06  0.200
812  -1.916e-05   1.204e-06  0.199
813  -2.862e-05  -8.638e-06  0.199
814  -3.808e-05  -1.848e-05  0.199
815  -3.472e-05  -1.324e-05  0.198
816  -3.135e-05  -7.998e-06  0.198
817  -2.172e-05  -3.698e-06  0.198
818  -1.208e-05   6.026e-07  0.198
819  -4.529e-06   3.555e-06  0.197
820   3.024e-06   6.508e-06  0.197
821   4.294e-06   8.875e-06  0.197
822   5.564e-06   1.124e-05  0.196
823  -6.046e-06   6.948e-06  0.196
824  -1.766e-05   2.653e-06  0.196
825  -1.401e-05   1.184e-06  0.195
826  -1.037e-05  -2.857e-07  0.195
827   2.106e-06   2.666e-06  0.195
828   1.459e-05   5.618e-06  0.195
829   8.789e-06   3.644e-06  0.194
830   2.992e-06   1.669e-06  0.194
831   4.323e-06   1.032e-05  0.194
832   5.653e-06   1.896e-05  0.193
833   5.805e-06   1.841e-05  0.193
834   5.956e-06   1.786e-05  0.193
835  -1.547e-06   7.927e-06  0.193
836  -9.051e-06  -2.005e-06  0.192
837  -1.549e-05   4.011e-07  0.192
838  -2.193e-05   2.808e-06  0.192
839  -2.149e-05  -2.580e-06  0.191
840  -2.106e-05  -7.968e-06  0.191
841  -1.505e-05  -5.925e-06  0.191
842  -9.036e-06  -3.883e-06  0.191
843   3.738e-06   5.433e-06  0.190
844   1.651e-05   1.475e-05  0.190
845   2.413e-05  -2.484e-09  0.190
846   3.174e-05  -1.475e-05  0.189
847   2.459e-05  -1.366e-05  0.189
848   1.744e-05  -1.256e-05  0.189
849   2.006e-05   2.081e-06  0.189
850   2.269e-05   1.672e-05  0.188
851   2.741e-05   2.422e-05  0.188
852   3.213e-05   3.172e-05  0.188
853   3.675e-05   3.027e-05  0.187
854   4.138e-05   2.883e-05  0.187
855   4.302e-05   1.810e-05  0.187
856   4.466e-05   7.372e-06  0.187
857   3.396e-05  -2.499e-06  0.186
858   2.326e-05  -1.237e-05  0.186
859   1.419e-05  -9.128e-06  0.186
860   5.112e-06  -5.887e-06  0.186
861   1.082e-06   1.202e-06  0.185
862  -2.947e-06   8.291e-06  0.185
863  -1.413e-05   9.762e-06  0.185
864  -2.532e-05   1.123e-05  0.184
865  -1.899e-05   6.859e-06  0.184
866  -1.266e-05   2.487e-06  0.184
867  -1.008e-06  -5.304e-06  0.184
868   1.064e-05  -1.309e-05  0.183
869   1.929e-05  -3.855e-06  0.183
870   2.793e-05   5.385e-06  0.183
871   3.265e-05  -1.880e-06  0.183
872   3.737e-05  -9.146e-06  0.182
873   2.582e-05  -2.100e-05  0.182
874   1.426e-05  -3.286e-05  0.182
875   2.654e-05  -6.518e-06  0.182
876   3.882e-05   1.983e-05  0.181
877   4.366e-05   2.584e-05  0.181
878   4.850e-05   3.186e-05  0.181
879   3.429e-05   6.051e-06  0.181
880   2.008e-05  -1.976e-05  0.180
881   4.581e-05  -1.593e-05  0.180
882   7.154e-05  -1.210e-05  0.180
883   5.106e-05   5.440e-07  0.180
884   3.058e-05   1.318e-05  0.179
885   3.005e-06   1.968e-05  0.179
886  -2.457e-05   2.617e-05  0.179
887  -2.828e-05   1.969e-05  0.179
888  -3.200e-05   1.321e-05  0.178
889  -4.730e-05  -8.992e-06  0.178
890  -6.259e-05  -3.119e-05  0.178
891  -5.294e-05  -3.075e-05  0.178
892  -4.328e-05  -3.031e-05  0.177
893  -7.231e-05  -2.669e-05  0.177
894  -1.013e-04  -2.306e-05  0.177
895  -9.409e-05  -1.835e-05  0.177
896  -8.684e-05  -1.363e-05  0.176
897  -6.962e-05  -1.088e-05  0.176
898  -5.241e-05  -8.122e-06  0.176
899  -2.481e-05   2.437e-06  0.176
900   2.784e-06   1.300e-05  0.175
