/*
Phase Functions [1/sr] at 515 nm from LISST-VSF measurements (SN 1667), 
Percentiles and mean Dilution-corrected (if applicable) IOPs [1/m], 
Percentiles and mean;
bbp = 0.1490   0.1498   0.1516   0.1538   0.1561   0.1521
bp = 6.899   6.982   7.099   7.200   7.309   7.098
cp = 6.827   6.886   6.959   7.017   7.055   6.951
Lat, Lon = 59.8787, 5.65556
Date Time UTC = 20-May-2022 11:32:00
Depth = 1 m
POC/SPM = -999

Created by Elinor Tessin on 04-Jun-2024 11:49:25
Data Version: V1_04-Jun-2024

Column 1: Angle[deg]
Column 2: 10th Percentile Data
Column 3: 25th Percentile Data
Column 4: 50th Percentile Data
Column 5: 75th Percentile Data
Column 6: 90th Percentile Data
Column 7: Mean Data
*/
0.0883  3.853e+02  4.015e+02  4.179e+02  4.354e+02  4.475e+02  4.198e+02
0.1042  3.415e+02  3.529e+02  3.662e+02  3.796e+02  3.903e+02  3.677e+02
0.123  3.574e+02  3.672e+02  3.774e+02  3.869e+02  3.950e+02  3.783e+02
0.1451  3.098e+02  3.164e+02  3.238e+02  3.301e+02  3.367e+02  3.243e+02
0.1712  3.212e+02  3.263e+02  3.320e+02  3.368e+02  3.420e+02  3.325e+02
0.2021  2.808e+02  2.842e+02  2.876e+02  2.904e+02  2.943e+02  2.880e+02
0.2384  2.918e+02  2.942e+02  2.962e+02  2.974e+02  2.996e+02  2.961e+02
0.2814  2.708e+02  2.716e+02  2.722e+02  2.715e+02  2.727e+02  2.719e+02
0.332  2.479e+02  2.485e+02  2.493e+02  2.490e+02  2.505e+02  2.492e+02
0.3918  2.389e+02  2.386e+02  2.388e+02  2.376e+02  2.381e+02  2.384e+02
0.4624  2.357e+02  2.346e+02  2.334e+02  2.311e+02  2.309e+02  2.330e+02
0.5456  2.129e+02  2.120e+02  2.113e+02  2.097e+02  2.093e+02  2.109e+02
0.6439  1.889e+02  1.876e+02  1.864e+02  1.846e+02  1.840e+02  1.861e+02
0.7598  1.638e+02  1.630e+02  1.627e+02  1.617e+02  1.616e+02  1.624e+02
0.8966  1.283e+02  1.278e+02  1.276e+02  1.272e+02  1.271e+02  1.275e+02
1.058  1.104e+02  1.101e+02  1.099e+02  1.095e+02  1.093e+02  1.098e+02
1.248  9.755e+01  9.734e+01  9.725e+01  9.668e+01  9.651e+01  9.700e+01
1.473  7.549e+01  7.541e+01  7.532e+01  7.481e+01  7.454e+01  7.508e+01
1.738  5.218e+01  5.216e+01  5.205e+01  5.172e+01  5.147e+01  5.189e+01
2.05  3.872e+01  3.870e+01  3.861e+01  3.839e+01  3.823e+01  3.850e+01
2.419  2.628e+01  2.634e+01  2.636e+01  2.631e+01  2.623e+01  2.630e+01
2.853  1.760e+01  1.763e+01  1.764e+01  1.756e+01  1.749e+01  1.757e+01
3.365  1.162e+01  1.166e+01  1.166e+01  1.163e+01  1.160e+01  1.164e+01
3.968  7.266e+00  7.293e+00  7.294e+00  7.297e+00  7.284e+00  7.285e+00
4.677  4.363e+00  4.394e+00  4.412e+00  4.442e+00  4.437e+00  4.411e+00
5.51  2.873e+00  2.889e+00  2.905e+00  2.924e+00  2.931e+00  2.905e+00
6.488  1.870e+00  1.879e+00  1.889e+00  1.908e+00  1.913e+00  1.893e+00
7.633  1.255e+00  1.260e+00  1.266e+00  1.280e+00  1.285e+00  1.269e+00
8.97  8.811e-01  8.850e-01  8.897e-01  9.008e-01  9.056e-01  8.931e-01
10.52  5.925e-01  5.951e-01  5.990e-01  6.057e-01  6.091e-01  6.006e-01
12.32  4.334e-01  4.354e-01  4.394e-01  4.467e-01  4.504e-01  4.414e-01
14.38  3.095e-01  3.108e-01  3.137e-01  3.185e-01  3.211e-01  3.150e-01
15  2.948e-01  2.958e-01  2.984e-01  3.028e-01  3.054e-01  2.997e-01
16  2.718e-01  2.723e-01  2.737e-01  2.765e-01  2.777e-01  2.746e-01
17  2.597e-01  2.604e-01  2.617e-01  2.644e-01  2.661e-01  2.626e-01
18  2.322e-01  2.326e-01  2.337e-01  2.357e-01  2.374e-01  2.344e-01
19  2.215e-01  2.211e-01  2.212e-01  2.225e-01  2.234e-01  2.219e-01
20  1.952e-01  1.948e-01  1.944e-01  1.958e-01  1.963e-01  1.953e-01
21  1.777e-01  1.775e-01  1.779e-01  1.794e-01  1.807e-01  1.786e-01
22  1.623e-01  1.621e-01  1.619e-01  1.626e-01  1.631e-01  1.624e-01
23  1.512e-01  1.511e-01  1.514e-01  1.526e-01  1.534e-01  1.520e-01
24  1.369e-01  1.367e-01  1.367e-01  1.374e-01  1.376e-01  1.372e-01
25  1.241e-01  1.237e-01  1.233e-01  1.237e-01  1.239e-01  1.237e-01
26  1.155e-01  1.150e-01  1.146e-01  1.150e-01  1.151e-01  1.150e-01
27  1.087e-01  1.084e-01  1.081e-01  1.086e-01  1.088e-01  1.086e-01
28  9.797e-02  9.767e-02  9.748e-02  9.774e-02  9.799e-02  9.777e-02
29  9.709e-02  9.673e-02  9.615e-02  9.619e-02  9.620e-02  9.645e-02
30  8.420e-02  8.394e-02  8.376e-02  8.397e-02  8.410e-02  8.400e-02
31  8.258e-02  8.231e-02  8.200e-02  8.212e-02  8.220e-02  8.226e-02
32  7.647e-02  7.602e-02  7.563e-02  7.568e-02  7.556e-02  7.588e-02
33  7.247e-02  7.219e-02  7.176e-02  7.168e-02  7.167e-02  7.196e-02
34  6.871e-02  6.836e-02  6.798e-02  6.794e-02  6.788e-02  6.817e-02
35  6.436e-02  6.409e-02  6.371e-02  6.374e-02  6.373e-02  6.393e-02
36  6.091e-02  6.066e-02  6.042e-02  6.044e-02  6.061e-02  6.059e-02
37  5.638e-02  5.620e-02  5.590e-02  5.581e-02  5.578e-02  5.602e-02
38  5.272e-02  5.242e-02  5.208e-02  5.194e-02  5.187e-02  5.221e-02
39  5.260e-02  5.238e-02  5.206e-02  5.208e-02  5.202e-02  5.223e-02
40  4.779e-02  4.758e-02  4.733e-02  4.725e-02  4.724e-02  4.744e-02
41  4.747e-02  4.726e-02  4.698e-02  4.686e-02  4.689e-02  4.710e-02
42  4.167e-02  4.144e-02  4.113e-02  4.097e-02  4.087e-02  4.122e-02
43  3.972e-02  3.946e-02  3.917e-02  3.901e-02  3.894e-02  3.926e-02
44  3.745e-02  3.724e-02  3.698e-02  3.679e-02  3.674e-02  3.705e-02
45  3.799e-02  3.770e-02  3.740e-02  3.717e-02  3.710e-02  3.748e-02
46  3.498e-02  3.479e-02  3.454e-02  3.442e-02  3.435e-02  3.462e-02
47  3.318e-02  3.296e-02  3.277e-02  3.265e-02  3.260e-02  3.284e-02
48  3.171e-02  3.150e-02  3.126e-02  3.106e-02  3.099e-02  3.132e-02
49  2.802e-02  2.784e-02  2.771e-02  2.756e-02  2.750e-02  2.774e-02
50  2.666e-02  2.651e-02  2.638e-02  2.631e-02  2.634e-02  2.644e-02
51  2.637e-02  2.625e-02  2.614e-02  2.611e-02  2.619e-02  2.622e-02
52  2.521e-02  2.506e-02  2.493e-02  2.482e-02  2.478e-02  2.498e-02
53  2.461e-02  2.448e-02  2.430e-02  2.419e-02  2.415e-02  2.436e-02
54  2.345e-02  2.329e-02  2.309e-02  2.296e-02  2.289e-02  2.313e-02
55  2.081e-02  2.074e-02  2.062e-02  2.057e-02  2.059e-02  2.068e-02
56  2.068e-02  2.057e-02  2.045e-02  2.042e-02  2.043e-02  2.051e-02
57  1.905e-02  1.895e-02  1.885e-02  1.879e-02  1.880e-02  1.889e-02
58  1.881e-02  1.872e-02  1.862e-02  1.858e-02  1.857e-02  1.868e-02
59  1.721e-02  1.713e-02  1.706e-02  1.706e-02  1.709e-02  1.712e-02
60  1.679e-02  1.670e-02  1.657e-02  1.650e-02  1.646e-02  1.661e-02
61  1.650e-02  1.641e-02  1.634e-02  1.635e-02  1.635e-02  1.640e-02
62  1.528e-02  1.520e-02  1.509e-02  1.506e-02  1.502e-02  1.513e-02
63  1.452e-02  1.445e-02  1.437e-02  1.433e-02  1.434e-02  1.441e-02
64  1.359e-02  1.353e-02  1.348e-02  1.349e-02  1.350e-02  1.352e-02
65  1.327e-02  1.321e-02  1.315e-02  1.316e-02  1.317e-02  1.320e-02
66  1.217e-02  1.213e-02  1.208e-02  1.211e-02  1.212e-02  1.213e-02
67  1.221e-02  1.216e-02  1.210e-02  1.209e-02  1.208e-02  1.213e-02
68  1.140e-02  1.135e-02  1.131e-02  1.132e-02  1.135e-02  1.136e-02
69  1.150e-02  1.145e-02  1.139e-02  1.138e-02  1.138e-02  1.143e-02
70  1.039e-02  1.035e-02  1.034e-02  1.036e-02  1.039e-02  1.038e-02
71  1.098e-02  1.093e-02  1.089e-02  1.090e-02  1.092e-02  1.093e-02
72  9.671e-03  9.630e-03  9.589e-03  9.612e-03  9.605e-03  9.628e-03
73  9.216e-03  9.192e-03  9.165e-03  9.183e-03  9.198e-03  9.197e-03
74  8.888e-03  8.843e-03  8.818e-03  8.843e-03  8.853e-03  8.855e-03
75  8.726e-03  8.688e-03  8.666e-03  8.692e-03  8.710e-03  8.702e-03
76  7.692e-03  7.665e-03  7.652e-03  7.683e-03  7.691e-03  7.682e-03
77  8.036e-03  8.011e-03  7.994e-03  8.014e-03  8.013e-03  8.019e-03
78  7.650e-03  7.625e-03  7.614e-03  7.631e-03  7.640e-03  7.639e-03
79  7.545e-03  7.515e-03  7.487e-03  7.507e-03  7.507e-03  7.518e-03
80  7.104e-03  7.093e-03  7.093e-03  7.135e-03  7.153e-03  7.123e-03
81  6.665e-03  6.643e-03  6.639e-03  6.678e-03  6.693e-03  6.669e-03
82  6.726e-03  6.716e-03  6.714e-03  6.751e-03  6.782e-03  6.743e-03
83  6.478e-03  6.458e-03  6.439e-03  6.469e-03  6.482e-03  6.469e-03
84  6.346e-03  6.329e-03  6.326e-03  6.364e-03  6.381e-03  6.355e-03
85  5.908e-03  5.895e-03  5.897e-03  5.943e-03  5.960e-03  5.927e-03
86  5.768e-03  5.755e-03  5.761e-03  5.811e-03  5.838e-03  5.792e-03
87  5.530e-03  5.517e-03  5.516e-03  5.544e-03  5.560e-03  5.540e-03
88  5.682e-03  5.665e-03  5.661e-03  5.701e-03  5.723e-03  5.692e-03
89  5.130e-03  5.125e-03  5.136e-03  5.194e-03  5.218e-03  5.165e-03
90  5.204e-03  5.189e-03  5.188e-03  5.221e-03  5.237e-03  5.211e-03
91  5.041e-03  5.029e-03  5.027e-03  5.058e-03  5.064e-03  5.049e-03
92  4.935e-03  4.920e-03  4.911e-03  4.942e-03  4.956e-03  4.935e-03
93  4.608e-03  4.605e-03  4.612e-03  4.664e-03  4.690e-03  4.639e-03
94  4.467e-03  4.449e-03  4.451e-03  4.489e-03  4.500e-03  4.474e-03
95  4.466e-03  4.450e-03  4.454e-03  4.489e-03  4.505e-03  4.476e-03
96  4.154e-03  4.144e-03  4.153e-03  4.193e-03  4.214e-03  4.174e-03
97  4.021e-03  4.007e-03  4.002e-03  4.032e-03  4.036e-03  4.024e-03
98  4.130e-03  4.118e-03  4.122e-03  4.158e-03  4.180e-03  4.145e-03
99  3.931e-03  3.923e-03  3.917e-03  3.949e-03  3.955e-03  3.938e-03
100  3.876e-03  3.854e-03  3.848e-03  3.867e-03  3.869e-03  3.866e-03
101  3.912e-03  3.900e-03  3.903e-03  3.932e-03  3.953e-03  3.921e-03
102  3.879e-03  3.861e-03  3.858e-03  3.879e-03  3.897e-03  3.877e-03
103  3.754e-03  3.740e-03  3.730e-03  3.747e-03  3.752e-03  3.748e-03
104  3.728e-03  3.708e-03  3.702e-03  3.724e-03  3.731e-03  3.721e-03
105  3.595e-03  3.571e-03  3.555e-03  3.565e-03  3.561e-03  3.571e-03
106  3.582e-03  3.565e-03  3.547e-03  3.551e-03  3.552e-03  3.560e-03
107  3.363e-03  3.346e-03  3.336e-03  3.351e-03  3.352e-03  3.350e-03
108  3.447e-03  3.433e-03  3.426e-03  3.447e-03  3.455e-03  3.443e-03
109  3.325e-03  3.304e-03  3.284e-03  3.288e-03  3.280e-03  3.297e-03
110  3.440e-03  3.422e-03  3.409e-03  3.422e-03  3.427e-03  3.426e-03
111  3.389e-03  3.370e-03  3.353e-03  3.357e-03  3.359e-03  3.367e-03
112  3.189e-03  3.171e-03  3.161e-03  3.174e-03  3.180e-03  3.176e-03
113  3.264e-03  3.245e-03  3.227e-03  3.233e-03  3.226e-03  3.240e-03
114  3.160e-03  3.144e-03  3.134e-03  3.146e-03  3.152e-03  3.149e-03
115  3.372e-03  3.347e-03  3.323e-03  3.322e-03  3.311e-03  3.336e-03
116  3.234e-03  3.213e-03  3.199e-03  3.208e-03  3.207e-03  3.212e-03
117  3.003e-03  2.985e-03  2.974e-03  2.981e-03  2.979e-03  2.985e-03
118  3.113e-03  3.097e-03  3.075e-03  3.076e-03  3.072e-03  3.087e-03
119  2.964e-03  2.950e-03  2.936e-03  2.946e-03  2.946e-03  2.949e-03
120  3.024e-03  3.009e-03  2.993e-03  3.003e-03  3.007e-03  3.006e-03
121  3.108e-03  3.085e-03  3.069e-03  3.071e-03  3.066e-03  3.081e-03
122  2.948e-03  2.932e-03  2.920e-03  2.929e-03  2.931e-03  2.932e-03
123  3.093e-03  3.075e-03  3.060e-03  3.058e-03  3.057e-03  3.068e-03
124  3.006e-03  2.988e-03  2.972e-03  2.976e-03  2.977e-03  2.984e-03
125  2.980e-03  2.962e-03  2.945e-03  2.944e-03  2.942e-03  2.954e-03
126  2.896e-03  2.876e-03  2.858e-03  2.850e-03  2.844e-03  2.866e-03
127  2.973e-03  2.949e-03  2.924e-03  2.919e-03  2.913e-03  2.935e-03
128  2.908e-03  2.883e-03  2.862e-03  2.856e-03  2.846e-03  2.871e-03
129  2.993e-03  2.972e-03  2.954e-03  2.954e-03  2.957e-03  2.964e-03
130  2.970e-03  2.950e-03  2.930e-03  2.921e-03  2.916e-03  2.937e-03
131  2.958e-03  2.936e-03  2.919e-03  2.919e-03  2.916e-03  2.930e-03
132  2.922e-03  2.902e-03  2.886e-03  2.879e-03  2.879e-03  2.894e-03
133  2.996e-03  2.973e-03  2.950e-03  2.936e-03  2.925e-03  2.956e-03
134  3.154e-03  3.131e-03  3.110e-03  3.107e-03  3.106e-03  3.121e-03
135  2.925e-03  2.903e-03  2.875e-03  2.856e-03  2.846e-03  2.880e-03
136  3.090e-03  3.064e-03  3.030e-03  3.007e-03  2.996e-03  3.036e-03
137  3.100e-03  3.074e-03  3.051e-03  3.035e-03  3.028e-03  3.056e-03
138  3.263e-03  3.230e-03  3.199e-03  3.169e-03  3.159e-03  3.204e-03
139  3.254e-03  3.224e-03  3.192e-03  3.164e-03  3.148e-03  3.197e-03
140  3.241e-03  3.205e-03  3.172e-03  3.143e-03  3.130e-03  3.177e-03
141  3.298e-03  3.263e-03  3.233e-03  3.206e-03  3.189e-03  3.238e-03
142  3.367e-03  3.336e-03  3.303e-03  3.272e-03  3.256e-03  3.307e-03
143  3.329e-03  3.303e-03  3.288e-03  3.274e-03  3.275e-03  3.294e-03
144  3.332e-03  3.306e-03  3.277e-03  3.246e-03  3.229e-03  3.278e-03
145  3.429e-03  3.400e-03  3.377e-03  3.353e-03  3.336e-03  3.378e-03
146  3.434e-03  3.404e-03  3.379e-03  3.356e-03  3.338e-03  3.381e-03
147  3.438e-03  3.409e-03  3.384e-03  3.358e-03  3.341e-03  3.385e-03
148  3.444e-03  3.413e-03  3.388e-03  3.362e-03  3.344e-03  3.390e-03
149  3.448e-03  3.419e-03  3.392e-03  3.365e-03  3.347e-03  3.394e-03
150  3.454e-03  3.423e-03  3.396e-03  3.369e-03  3.351e-03  3.398e-03
151  3.460e-03  3.427e-03  3.402e-03  3.374e-03  3.353e-03  3.402e-03
152  3.464e-03  3.433e-03  3.406e-03  3.378e-03  3.358e-03  3.407e-03
153  3.470e-03  3.437e-03  3.410e-03  3.381e-03  3.362e-03  3.411e-03
154  3.476e-03  3.443e-03  3.415e-03  3.385e-03  3.364e-03  3.415e-03
155  3.480e-03  3.447e-03  3.419e-03  3.389e-03  3.368e-03  3.421e-03
156  3.486e-03  3.453e-03  3.424e-03  3.393e-03  3.373e-03  3.425e-03
157  3.490e-03  3.457e-03  3.429e-03  3.397e-03  3.375e-03  3.429e-03
158  3.496e-03  3.462e-03  3.433e-03  3.400e-03  3.379e-03  3.433e-03
159  3.501e-03  3.467e-03  3.437e-03  3.404e-03  3.382e-03  3.438e-03
160  3.505e-03  3.472e-03  3.441e-03  3.408e-03  3.386e-03  3.442e-03
161  3.511e-03  3.476e-03  3.446e-03  3.411e-03  3.389e-03  3.445e-03
162  3.515e-03  3.480e-03  3.450e-03  3.415e-03  3.393e-03  3.449e-03
163  3.519e-03  3.485e-03  3.453e-03  3.418e-03  3.396e-03  3.453e-03
164  3.524e-03  3.489e-03  3.457e-03  3.422e-03  3.399e-03  3.456e-03
165  3.527e-03  3.492e-03  3.461e-03  3.425e-03  3.401e-03  3.460e-03
166  3.531e-03  3.496e-03  3.464e-03  3.428e-03  3.404e-03  3.463e-03
167  3.534e-03  3.499e-03  3.467e-03  3.431e-03  3.407e-03  3.466e-03
168  3.538e-03  3.502e-03  3.470e-03  3.433e-03  3.409e-03  3.469e-03
169  3.541e-03  3.505e-03  3.472e-03  3.436e-03  3.412e-03  3.471e-03
170  3.544e-03  3.508e-03  3.475e-03  3.438e-03  3.414e-03  3.474e-03
171  3.545e-03  3.510e-03  3.478e-03  3.440e-03  3.416e-03  3.477e-03
172  3.548e-03  3.512e-03  3.479e-03  3.442e-03  3.418e-03  3.478e-03
173  3.551e-03  3.515e-03  3.481e-03  3.443e-03  3.419e-03  3.480e-03
174  3.553e-03  3.516e-03  3.484e-03  3.444e-03  3.420e-03  3.481e-03
175  3.554e-03  3.518e-03  3.485e-03  3.446e-03  3.422e-03  3.483e-03
176  3.556e-03  3.519e-03  3.485e-03  3.447e-03  3.423e-03  3.484e-03
177  3.556e-03  3.520e-03  3.486e-03  3.449e-03  3.423e-03  3.485e-03
178  3.557e-03  3.520e-03  3.486e-03  3.449e-03  3.425e-03  3.485e-03
179  3.557e-03  3.520e-03  3.488e-03  3.449e-03  3.425e-03  3.485e-03
180  3.557e-03  3.520e-03  3.488e-03  3.449e-03  3.425e-03  3.487e-03
