756.095   1.74167e-08  
756.155   2.50698e-08  
756.213   3.59522e-08  
756.268   5.13676e-08  
756.323   7.31216e-08  
756.379   1.03704e-07  
756.44   1.46536e-07  
756.495   2.06294e-07  
756.55   2.89355e-07  
756.605   4.04366e-07  
756.665   5.63019e-07  
756.722   7.81044e-07  
756.777   1.07953e-06  
756.831   1.48663e-06  
756.889   2.03976e-06  
756.949   2.78847e-06  
757.004   3.79812e-06  
757.059   5.15448e-06  
757.114   6.96977e-06  
757.175   9.39012e-06  
757.231   1.2605e-05  
757.286   1.68594e-05  
757.34   2.2468e-05  
757.399   2.98342e-05  
757.458   3.94726e-05  
757.513   5.20366e-05  
757.568   6.8353e-05  
757.624   8.94632e-05  
757.684   0.000116674  
757.74   0.000151617  
757.795   0.00019632  
757.849   0.0002533  
757.909   0.000325654  
757.967   0.000417189  
758.022   0.000532559  
758.076   0.000677425  
758.134   0.000858649  
758.194   0.00108451  
758.249   0.00136493  
758.304   0.0017118  
758.359   0.00213922  
758.419   0.0026639  
758.476   0.00330549  
758.531   0.00408702  
758.585   0.00503528  
758.643   0.00618132  
758.703   0.00756084  
758.758   0.00921471  
758.813   0.0111894  
758.869   0.0135372  
758.929   0.016317  
758.985   0.0195939  
759.04   0.0234399  
759.094   0.0279336  
759.153   0.0331602  
759.212   0.0392107  
759.267   0.0461817  
759.321   0.0541741  
759.378   0.0632918  
759.438   0.0736403  
759.494   0.0853245  
759.549   0.0984464  
759.604   0.113102  
759.663   0.12938  
759.721   0.147356  
759.776   0.167092  
759.83   0.18863  
759.888   0.21199  
759.948   0.237168  
760.003   0.264133  
760.058   0.292822  
760.113   0.323141  
760.173   0.354964  
760.23   0.388131  
760.285   0.422453  
760.339   0.45771  
760.398   0.493655  
760.457   0.530025  
760.512   0.566535  
760.567   0.602892  
760.623   0.638804  
760.682   0.673978  
760.739   0.708134  
760.794   0.741013  
760.848   0.772374  
760.907   0.802009  
760.966   0.82974  
761.021   0.855438  
761.075   0.879008  
761.133   0.900383  
761.192   0.919544  
761.248   0.936502  
761.303   0.951291  
761.358   0.963966  
761.417   0.97462  
761.475   0.983303  
761.53   0.990126  
761.584   0.995135  
761.642   0.998405  
761.702   0.999994  
761.757   0.999932  
761.811   0.998145  
761.867   0.994702  
761.927   0.989527  
761.984   0.98254  
762.039   0.973685  
762.093   0.96288  
762.152   0.950042  
762.211   0.935106  
762.266   0.918013  
762.32   0.898723  
762.377   0.87723  
762.436   0.853559  
762.493   0.82777  
762.548   0.79996  
762.602   0.770264  
762.662   0.738866  
762.72   0.705964  
762.775   0.671797  
762.829   0.636627  
762.887   0.600734  
762.946   0.564411  
763.002   0.527948  
763.056   0.491635  
763.112   0.455757  
763.171   0.420575  
763.229   0.386336  
763.284   0.353255  
763.338   0.321523  
763.396   0.291297  
763.456   0.262702  
763.511   0.235833  
763.565   0.210748  
763.622   0.187482  
763.681   0.166036  
763.737   0.14639  
763.793   0.128499  
763.847   0.112303  
763.906   0.0977266  
763.965   0.0846803  
764.02   0.0730669  
764.074   0.0627841  
764.131   0.053727  
764.19   0.04579  
764.247   0.0388691  
764.301   0.0328635  
764.357   0.0276771  
764.416   0.0232189  
764.474   0.0194043  
764.529   0.016155  
764.583   0.0133994  
764.641   0.0110726  
764.7   0.00911624  
764.756   0.00747808  
764.81   0.00611206  
764.866   0.00497757  
764.925   0.00403912  
764.983   0.00326589  
765.038   0.0026313  
765.092   0.0021125  
765.151   0.00168997  
765.209   0.00134718  
765.265   0.00107012  
765.319   0.000847029  
765.376   0.000668079  
765.435   0.00052507  
765.492   0.000411211  
765.546   0.000320898  
765.602   0.000249531  
765.66   0.000193345  
765.719   0.000149275  
765.774   0.000114838  
765.828   8.80293e-05  
765.885   6.72368e-05  
765.944   5.11709e-05  
766.001   3.88036e-05  
766.055   2.93191e-05  
766.111   2.20727e-05  
766.17   1.65572e-05  
766.228   1.23748e-05  
766.283   9.2154e-06  
766.337   6.83761e-06  
766.395   5.05489e-06  
766.454   3.72334e-06  
766.51   2.73253e-06  
766.564   1.99805e-06  
766.62   1.45566e-06  
766.679   1.05661e-06  
766.737   7.64151e-07  
766.791   5.5061e-07  
766.846   3.95286e-07  
766.905   2.82734e-07  
766.963   2.01486e-07  
767.019   1.43056e-07  
767.073   1.01196e-07  
767.13   7.13203e-08  
767.189   5.0079e-08  
767.246   3.50346e-08  
767.3   2.44197e-08  
767.356   1.69583e-08  
