995.07   2.16609e-07  
995.315   7.9821e-07  
995.56   2.76477e-06  
995.806   8.9985e-06  
996.051   2.75133e-05  
996.296   7.90154e-05  
996.541   0.000213173  
996.786   0.000540604  
997.031   0.00129075  
997.276   0.00291048  
997.52   0.00622917  
997.765   0.0127402  
998.01   0.0250729  
998.254   0.0476655  
998.498   0.0873242  
998.743   0.152704  
998.987   0.251335  
999.231   0.383901  
999.475   0.538669  
999.719   0.691822  
999.963   0.817206  
1000.21   0.900585  
1000.45   0.94665  
1000.69   0.971577  
1000.94   0.988021  
1001.19   0.997606  
1001.43   0.997106  
1001.68   0.988646  
1001.92   0.980475  
1002.17   0.978026  
1002.41   0.977877  
1002.66   0.972977  
1002.9   0.962387  
1003.15   0.952609  
1003.39   0.948985  
1003.64   0.948617  
1003.88   0.944304  
1004.13   0.934155  
1004.37   0.924064  
1004.61   0.919799  
1004.86   0.919344  
1005.1   0.915648  
1005.35   0.906034  
1005.59   0.895719  
1005.84   0.890813  
1006.08   0.890191  
1006.33   0.887055  
1006.57   0.878016  
1006.82   0.867565  
1007.06   0.862035  
1007.31   0.861172  
1007.55   0.85853  
1007.8   0.850094  
1008.04   0.839592  
1008.29   0.833466  
1008.53   0.832295  
1008.78   0.830073  
1009.02   0.82226  
1009.27   0.811791  
1009.51   0.80511  
1009.75   0.80357  
1010   0.80169  
1010.24   0.794508  
1010.49   0.784156  
1010.73   0.776964  
1010.97   0.775005  
1011.21   0.773391  
1011.46   0.766835  
1011.7   0.756675  
1011.95   0.749024  
1012.2   0.746607  
1012.44   0.74518  
1012.69   0.739236  
1012.93   0.729334  
1013.18   0.721287  
1013.42   0.71839  
1013.67   0.717068  
1013.91   0.711709  
1014.16   0.702127  
1014.4   0.693753  
1014.65   0.690355  
1014.89   0.689062  
1015.14   0.68425  
1015.38   0.675044  
1015.62   0.666411  
1015.87   0.662507  
1016.11   0.661168  
1016.36   0.656865  
1016.6   0.648077  
1016.85   0.639257  
1017.09   0.634851  
1017.34   0.6334  
1017.58   0.629554  
1017.83   0.621217  
1018.07   0.612281  
1018.32   0.60739  
1018.56   0.605767  
1018.81   0.602321  
1019.05   0.594506  
1019.3   0.585792  
1019.54   0.58102  
1019.79   0.580029  
1020.03   0.57798  
1020.28   0.571963  
1020.52   0.564802  
1020.77   0.561225  
1021.01   0.561566  
1021.26   0.561271  
1021.5   0.556817  
1021.74   0.550297  
1021.98   0.54653  
1022.22   0.546634  
1022.47   0.546568  
1022.71   0.542545  
1022.96   0.536074  
1023.21   0.531925  
1023.45   0.531747  
1023.7   0.531912  
1023.94   0.528359  
1024.19   0.522018  
1024.43   0.51752  
1024.68   0.517026  
1024.92   0.517358  
1025.17   0.514274  
1025.41   0.508109  
1025.66   0.503305  
1025.9   0.502463  
1026.15   0.502909  
1026.39   0.500279  
1026.63   0.494341  
1026.88   0.489269  
1027.12   0.488063  
1027.37   0.488567  
1027.61   0.486372  
1027.86   0.480702  
1028.1   0.475411  
1028.35   0.473829  
1028.59   0.474336  
1028.84   0.472554  
1029.08   0.467187  
1029.33   0.461727  
1029.57   0.459765  
1029.82   0.460225  
1030.06   0.45882  
1030.31   0.45379  
1030.55   0.448212  
1030.8   0.445874  
1031.04   0.446234  
1031.29   0.445174  
1031.53   0.440506  
1031.78   0.434862  
1032.02   0.432156  
1032.27   0.432372  
1032.51   0.431618  
1032.76   0.427329  
1033   0.421668  
1033.24   0.418611  
1033.48   0.418645  
1033.72   0.418151  
1033.97   0.414251  
1034.22   0.408626  
1034.46   0.405241  
1034.71   0.405056  
1034.95   0.404777  
1035.2   0.40127  
1035.44   0.395727  
1035.69   0.392036  
1035.93   0.391587  
1036.18   0.39144  
1036.42   0.388242  
1036.67   0.382648  
1036.91   0.378318  
1037.16   0.376885  
1037.4   0.37555  
1037.65   0.370441  
1037.89   0.36109  
1038.14   0.349907  
1038.38   0.337126  
1038.63   0.317877  
1038.87   0.285649  
1039.11   0.238933  
1039.36   0.183663  
1039.6   0.129574  
1039.85   0.0846417  
1040.09   0.0520442  
1040.34   0.0307333  
1040.58   0.0177229  
1040.83   0.0100455  
1041.08   0.00557286  
1041.32   0.00299615  
1041.57   0.00154577  
1041.81   0.000759882  
1042.06   0.000354457  
1042.3   0.000156569  
1042.54   6.54347e-05  
1042.79   2.58674e-05  
1043.03   9.67293e-06  
1043.28   3.42209e-06  
1043.52   1.14557e-06  
1043.77   3.62938e-07  
