433.589   6.2743e-08  
433.683   1.08547e-07  
433.778   1.86012e-07  
433.871   3.15757e-07  
433.965   5.30963e-07  
434.06   8.84486e-07  
434.154   1.45967e-06  
434.247   2.38659e-06  
434.341   3.86626e-06  
434.436   6.20618e-06  
434.53   9.87212e-06  
434.623   1.55628e-05  
434.717   2.43164e-05  
434.812   3.76603e-05  
434.907   5.78211e-05  
435   8.80141e-05  
435.093   0.000132839  
435.188   0.000198814  
435.283   0.000295092  
435.376   0.000434396  
435.47   0.000634249  
435.564   0.000918534  
435.659   0.00131946  
435.752   0.00188001  
435.846   0.00265679  
435.941   0.00372354  
436.035   0.00517494  
436.128   0.00713083  
436.222   0.0097405  
436.317   0.0131867  
436.412   0.0176892  
436.505   0.0235063  
436.598   0.0309349  
436.693   0.0403076  
436.788   0.0519854  
436.881   0.0663462  
436.974   0.0837686  
437.069   0.104611  
437.164   0.129184  
437.257   0.157725  
437.351   0.190363  
437.445   0.227096  
437.54   0.267764  
437.633   0.312034  
437.727   0.359397  
437.822   0.409174  
437.917   0.46055  
438.01   0.512594  
438.103   0.564331  
438.198   0.614782  
438.293   0.66304  
438.386   0.708313  
438.479   0.749977  
438.574   0.78761  
438.669   0.820999  
438.762   0.850135  
438.855   0.875183  
438.95   0.89645  
439.045   0.91433  
439.138   0.929253  
439.232   0.941649  
439.327   0.951899  
439.421   0.960335  
439.515   0.967221  
439.608   0.972758  
439.703   0.977122  
439.798   0.980458  
439.891   0.982915  
439.984   0.984649  
440.079   0.985836  
440.174   0.98665  
440.267   0.987267  
440.361   0.987831  
440.455   0.988447  
440.55   0.989176  
440.643   0.990019  
440.737   0.990932  
440.831   0.991843  
440.926   0.992662  
441.02   0.99332  
441.113   0.993775  
441.208   0.99402  
441.303   0.994098  
441.396   0.99408  
441.489   0.994067  
441.584   0.994143  
441.679   0.994389  
441.772   0.994822  
441.866   0.995443  
441.96   0.996189  
442.055   0.996981  
442.149   0.99771  
442.242   0.998279  
442.336   0.998636  
442.431   0.998738  
442.525   0.998616  
442.618   0.998342  
442.713   0.997996  
442.807   0.997685  
442.901   0.997483  
442.994   0.997428  
443.089   0.99753  
443.184   0.997752  
443.277   0.998007  
443.371   0.998206  
443.465   0.998271  
443.56   0.998143  
443.654   0.997801  
443.747   0.997272  
443.841   0.996629  
443.936   0.995965  
444.03   0.995389  
444.123   0.994965  
444.218   0.994788  
444.312   0.994819  
444.406   0.995061  
444.5   0.995406  
444.594   0.995784  
444.688   0.996067  
444.782   0.996211  
444.876   0.996145  
444.97   0.99588  
445.065   0.995466  
445.158   0.994971  
445.252   0.994478  
445.346   0.994077  
445.441   0.993796  
445.535   0.993648  
445.628   0.993551  
445.722   0.993412  
445.817   0.993085  
445.911   0.992377  
446.005   0.991124  
446.099   0.989143  
446.193   0.986275  
446.287   0.982378  
446.381   0.977291  
446.475   0.970861  
446.569   0.962861  
446.663   0.95303  
446.757   0.941032  
446.851   0.926472  
446.946   0.908912  
447.04   0.887908  
447.133   0.863052  
447.227   0.834026  
447.322   0.800648  
447.416   0.762918  
447.51   0.721042  
447.604   0.67544  
447.698   0.626735  
447.792   0.575726  
447.886   0.523334  
447.98   0.47055  
448.074   0.418372  
448.168   0.367748  
448.262   0.319517  
448.356   0.274381  
448.451   0.232868  
448.545   0.195329  
448.638   0.161938  
448.732   0.132709  
448.827   0.107519  
448.921   0.0861337  
449.015   0.0682422  
449.108   0.0534839  
449.203   0.041475  
449.297   0.0318313  
449.391   0.0241846  
449.485   0.0181952  
449.579   0.0135587  
449.673   0.0100098  
449.767   0.007323  
449.861   0.00530997  
449.955   0.00381696  
450.049   0.0027204  
450.143   0.0019226  
450.237   0.0013475  
450.332   0.000936648  
450.426   0.00064572  
450.52   0.0004415  
450.613   0.000299381  
450.708   0.000201328  
450.802   0.000134258  
450.896   8.87769e-05  
450.99   5.82024e-05  
451.084   3.78288e-05  
451.178   2.43725e-05  
451.272   1.55643e-05  
451.366   9.85083e-06  
451.46   6.17854e-06  
451.554   3.84001e-06  
451.648   2.3647e-06  
451.742   1.44273e-06  
451.837   8.72028e-07  
451.93   5.2214e-07  
452.025   3.09693e-07  
452.119   1.81946e-07  
452.213   1.05878e-07  
452.307   6.10245e-08  
