699.727   2.37776e-08  
699.819   4.27401e-08  
699.913   7.60732e-08  
700.007   1.34081e-07  
700.102   2.34019e-07  
700.198   4.04478e-07  
700.289   6.92324e-07  
700.385   1.17355e-06  
700.481   1.97008e-06  
700.573   3.27541e-06  
700.668   5.39334e-06  
700.761   8.79567e-06  
700.857   1.42073e-05  
700.952   2.27301e-05  
701.043   3.602e-05  
701.139   5.65401e-05  
701.235   8.7913e-05  
701.328   0.000135408  
701.423   0.000206608  
701.516   0.000312298  
701.611   0.000467652  
701.707   0.000693767  
701.798   0.00101963  
701.893   0.00148461  
701.99   0.00214144  
702.082   0.00305989  
702.177   0.00433097  
702.27   0.00607164  
702.366   0.00842982  
702.461   0.0115894  
702.553   0.0157749  
702.648   0.0212546  
702.744   0.0283418  
702.837   0.0373935  
702.932   0.048804  
703.024   0.0629942  
703.12   0.0803946  
703.216   0.101422  
703.308   0.126448  
703.402   0.155771  
703.498   0.189571  
703.591   0.22788  
703.686   0.270546  
703.778   0.317215  
703.875   0.367316  
703.97   0.420076  
704.062   0.474543  
704.156   0.529633  
704.252   0.584193  
704.346   0.637088  
704.441   0.687253  
704.532   0.733792  
704.629   0.776031  
704.724   0.81355  
704.817   0.846203  
704.911   0.874096  
705.007   0.89755  
705.1   0.917038  
705.195   0.933114  
705.287   0.946342  
705.383   0.957241  
705.479   0.966234  
705.572   0.973644  
705.666   0.979673  
705.761   0.98447  
705.855   0.988117  
705.95   0.990705  
706.042   0.992348  
706.138   0.993203  
706.233   0.993469  
706.326   0.993394  
706.42   0.99321  
706.515   0.993121  
706.609   0.99327  
706.704   0.993722  
706.797   0.99444  
706.892   0.995339  
706.988   0.996255  
707.081   0.997019  
707.175   0.997508  
707.269   0.997629  
707.364   0.997384  
707.459   0.996862  
707.552   0.996173  
707.646   0.995521  
707.742   0.995048  
707.835   0.994879  
707.93   0.995078  
708.023   0.99562  
708.118   0.996401  
708.213   0.997275  
708.306   0.99806  
708.4   0.998606  
708.496   0.998789  
708.59   0.998605  
708.684   0.998075  
708.777   0.997352  
708.873   0.9966  
708.968   0.995971  
709.061   0.995627  
709.155   0.995636  
709.251   0.995993  
709.344   0.996628  
709.439   0.997392  
709.531   0.998125  
709.627   0.998657  
709.722   0.99887  
709.815   0.998703  
709.909   0.99822  
710.005   0.997496  
710.099   0.996703  
710.194   0.996026  
710.285   0.9956  
710.382   0.99555  
710.476   0.995873  
710.57   0.996508  
710.664   0.997343  
710.759   0.998194  
710.853   0.998882  
710.948   0.999288  
711.04   0.999333  
711.136   0.998984  
711.231   0.998363  
711.324   0.99761  
711.418   0.996887  
711.513   0.996326  
711.608   0.996082  
711.702   0.996126  
711.795   0.996437  
711.891   0.99684  
711.985   0.997133  
712.078   0.997074  
712.173   0.996428  
712.267   0.994983  
712.362   0.992583  
712.457   0.989121  
712.549   0.98452  
712.645   0.978689  
712.74   0.971497  
712.833   0.962736  
712.928   0.952079  
713.021   0.939089  
713.117   0.923245  
713.211   0.903953  
713.304   0.880652  
713.399   0.852839  
713.494   0.820184  
713.587   0.782572  
713.683   0.74014  
713.775   0.693307  
713.872   0.642765  
713.966   0.589424  
714.059   0.534359  
714.154   0.478736  
714.249   0.423724  
714.341   0.37043  
714.437   0.31982  
714.529   0.272684  
714.626   0.229599  
714.72   0.190926  
714.813   0.156818  
714.908   0.127239  
715.003   0.102007  
715.096   0.0808174  
715.192   0.0632923  
715.283   0.0490082  
715.381   0.0375289  
715.475   0.0284281  
715.567   0.0213066  
715.662   0.0158038  
715.758   0.0116033  
715.851   0.00843433  
715.946   0.00607069  
716.038   0.00432717  
716.135   0.00305488  
716.229   0.00213621  
716.322   0.00147972  
716.417   0.00101536  
716.512   0.000690198  
716.605   0.000464772  
716.701   0.000310041  
716.792   0.000204881  
716.889   0.000134115  
716.984   8.69631e-05  
717.076   5.58548e-05  
717.172   3.5534e-05  
717.266   2.23907e-05  
717.36   1.3974e-05  
717.455   8.63761e-06  
717.547   5.28776e-06  
717.644   3.20587e-06  
717.738   1.92489e-06  
717.83   1.14457e-06  
717.926   6.73974e-07  
718.02   3.93008e-07  
718.115   2.26939e-07  
718.209   1.29764e-07  
718.301   7.34729e-08  
718.398   4.11924e-08  
718.492   2.28674e-08  
