402.532   8.55265e-08  
402.627   1.45391e-07  
402.721   2.44935e-07  
402.815   4.08934e-07  
402.908   6.76637e-07  
403.002   1.10961e-06  
403.096   1.80349e-06  
403.19   2.9054e-06  
403.283   4.63943e-06  
403.377   7.34372e-06  
403.471   1.15236e-05  
403.565   1.79271e-05  
403.658   2.76513e-05  
403.753   4.22903e-05  
403.847   6.41397e-05  
403.94   9.64759e-05  
404.033   0.000143933  
404.128   0.000213009  
404.222   0.000312738  
404.315   0.000455563  
404.409   0.000658482  
404.503   0.000944489  
404.597   0.00134441  
404.691   0.00189916  
404.784   0.00266246  
404.878   0.00370408  
404.972   0.00511356  
405.066   0.00700422  
405.159   0.00951752  
405.253   0.0128273  
405.348   0.0171433  
405.441   0.0227137  
405.534   0.0298261  
405.629   0.0388053  
405.723   0.0500075  
405.816   0.0638108  
405.909   0.0806  
406.004   0.100747  
406.098   0.124585  
406.191   0.152371  
406.285   0.184262  
406.379   0.220287  
406.473   0.260322  
406.566   0.304064  
406.66   0.351033  
406.754   0.400572  
406.849   0.451881  
406.942   0.504044  
407.035   0.55608  
407.13   0.606992  
407.224   0.655831  
407.317   0.701766  
407.41   0.744125  
407.505   0.782443  
407.599   0.816481  
407.692   0.846211  
407.786   0.871782  
407.88   0.893507  
407.974   0.911785  
408.067   0.927059  
408.161   0.939767  
408.255   0.950302  
408.349   0.958999  
408.442   0.966116  
408.536   0.971858  
408.631   0.976394  
408.725   0.979863  
408.818   0.982406  
408.911   0.984183  
409.006   0.985366  
409.1   0.986141  
409.193   0.986688  
409.286   0.987166  
409.381   0.987696  
409.475   0.988337  
409.568   0.989102  
409.662   0.989947  
409.756   0.99079  
409.85   0.991542  
409.943   0.99212  
410.037   0.992477  
410.132   0.992612  
410.225   0.992557  
410.318   0.992396  
410.412   0.992233  
410.507   0.992165  
410.6   0.992273  
410.694   0.992592  
410.787   0.993113  
410.882   0.993782  
410.975   0.99451  
411.069   0.995195  
411.163   0.995741  
411.257   0.996083  
411.351   0.996205  
411.444   0.99613  
411.538   0.995935  
411.633   0.995714  
411.726   0.995567  
411.819   0.995577  
411.913   0.99579  
412.008   0.996208  
412.101   0.996774  
412.194   0.997382  
412.288   0.99789  
412.383   0.998197  
412.476   0.998234  
412.57   0.997957  
412.664   0.997391  
412.758   0.996593  
412.851   0.995653  
412.945   0.994709  
413.039   0.993857  
413.133   0.993148  
413.227   0.992575  
413.32   0.992094  
413.414   0.991619  
413.508   0.991044  
413.602   0.990292  
413.695   0.989294  
413.789   0.988013  
413.884   0.98648  
413.977   0.984765  
414.07   0.982963  
414.165   0.981172  
414.259   0.97948  
414.352   0.977926  
414.446   0.9765  
414.54   0.975134  
414.634   0.973724  
414.727   0.972112  
414.821   0.970118  
414.915   0.967555  
415.009   0.964258  
415.103   0.96007  
415.196   0.954852  
415.291   0.948468  
415.384   0.940755  
415.478   0.931519  
415.571   0.920506  
415.666   0.907394  
415.759   0.891804  
415.853   0.873317  
415.946   0.851515  
416.041   0.826017  
416.135   0.796539  
416.228   0.762934  
416.322   0.725239  
416.416   0.683694  
416.51   0.638743  
416.604   0.591029  
416.697   0.54135  
416.792   0.490612  
416.885   0.439782  
416.979   0.389808  
417.072   0.341581  
417.167   0.29588  
417.26   0.253334  
417.354   0.214404  
417.448   0.179372  
417.542   0.148358  
417.635   0.121329  
417.729   0.0981305  
417.823   0.0785096  
417.917   0.0621483  
418.011   0.04869  
418.104   0.0377642  
418.198   0.0290059  
418.292   0.0220697  
418.386   0.0166393  
418.48   0.0124345  
418.573   0.00921267  
418.668   0.00676882  
418.761   0.00493282  
418.855   0.00356614  
418.948   0.00255785  
419.043   0.00182037  
419.136   0.00128552  
419.23   0.000900807  
419.324   0.000626349  
419.418   0.000432129  
419.511   0.000295797  
419.605   0.000200872  
419.699   0.000135318  
419.793   9.04172e-05  
419.887   5.9919e-05  
419.98   3.93774e-05  
420.074   2.566e-05  
420.168   1.65786e-05  
420.262   1.06189e-05  
420.356   6.74241e-06  
420.449   4.24346e-06  
420.543   2.64707e-06  
420.637   1.63654e-06  
420.731   1.00272e-06  
420.825   6.08841e-07  
420.919   3.66341e-07  
421.012   2.18428e-07  
421.106   1.29051e-07  
421.2   7.55498e-08  
