925.022   2.28749e-08  
925.169   5.66541e-08  
925.313   1.3683e-07  
925.455   3.22266e-07  
925.603   7.40175e-07  
925.746   1.65791e-06  
925.893   3.62177e-06  
926.035   7.71716e-06  
926.181   1.60413e-05  
926.326   3.25353e-05  
926.468   6.4407e-05  
926.615   0.00012449  
926.759   0.000235053  
926.906   0.000433774  
927.049   0.000782897  
927.193   0.00138289  
927.339   0.00239222  
927.482   0.00405509  
927.629   0.00673857  
927.772   0.0109789  
927.918   0.0175344  
928.062   0.0274349  
928.205   0.0420121  
928.352   0.0628829  
928.495   0.0918559  
928.642   0.13073  
928.785   0.180978  
928.93   0.243334  
929.076   0.31738  
929.218   0.401223  
929.365   0.49143  
929.508   0.583317  
929.655   0.671606  
929.798   0.751331  
929.943   0.818788  
930.089   0.872216  
930.232   0.911979  
930.378   0.940172  
930.521   0.959799  
930.667   0.973773  
930.811   0.984166  
930.954   0.991892  
931.102   0.996996  
931.245   0.999167  
931.391   0.998447  
931.534   0.995522  
931.679   0.99168  
931.825   0.988312  
931.968   0.986363  
932.115   0.985913  
932.258   0.986221  
932.404   0.986114  
932.547   0.984599  
932.692   0.981387  
932.838   0.977038  
932.981   0.972674  
933.127   0.969422  
933.271   0.967846  
933.417   0.967667  
933.561   0.967899  
933.703   0.967355  
933.851   0.96524  
933.995   0.961563  
934.14   0.957112  
934.284   0.953068  
934.429   0.950408  
934.574   0.949396  
934.717   0.949484  
934.864   0.94956  
935.008   0.948525  
935.153   0.945852  
935.297   0.941829  
935.441   0.937437  
935.587   0.933832  
935.731   0.931775  
935.877   0.931243  
936.02   0.931449  
936.166   0.931237  
936.31   0.929664  
936.453   0.92648  
936.6   0.922249  
936.745   0.918056  
936.89   0.91497  
937.034   0.913498  
937.178   0.913334  
937.324   0.913514  
937.467   0.912906  
937.613   0.910781  
937.758   0.907173  
937.902   0.90287  
938.047   0.899003  
938.19   0.896486  
938.337   0.895547  
938.481   0.895622  
938.626   0.895638  
938.77   0.894555  
938.915   0.891894  
939.06   0.887979  
939.203   0.883767  
939.35   0.88037  
939.494   0.878491  
939.639   0.878076  
939.783   0.878337  
939.927   0.878162  
940.073   0.876711  
940.217   0.873798  
940.362   0.870007  
940.507   0.866402  
940.652   0.863973  
940.796   0.863133  
940.939   0.863524  
941.086   0.864191  
941.23   0.864067  
941.376   0.862469  
941.52   0.859484  
941.664   0.855899  
941.809   0.852828  
941.952   0.85114  
942.099   0.851024  
942.244   0.851903  
942.388   0.852711  
942.533   0.852425  
942.676   0.850585  
942.823   0.847521  
942.966   0.844178  
943.112   0.841645  
943.257   0.840604  
943.401   0.840989  
943.546   0.842016  
943.688   0.842583  
943.836   0.84182  
943.98   0.839526  
944.125   0.83627  
944.269   0.833104  
944.413   0.831031  
944.559   0.83051  
944.701   0.831211  
944.848   0.832196  
944.994   0.832383  
945.138   0.831096  
945.282   0.828393  
945.425   0.825054  
945.572   0.822168  
945.716   0.8206  
945.861   0.820547  
946.007   0.821449  
946.15   0.82226  
946.295   0.821985  
946.437   0.820164  
946.585   0.81711  
946.729   0.813744  
946.874   0.811109  
947.019   0.809841  
947.163   0.809819  
947.308   0.810181  
947.451   0.809699  
947.598   0.807294  
947.743   0.802437  
947.887   0.795211  
948.032   0.785994  
948.174   0.774893  
948.322   0.76124  
948.465   0.743392  
948.611   0.718996  
948.756   0.685635  
948.9   0.641651  
949.045   0.586818  
949.187   0.522639  
949.335   0.452153  
949.479   0.379358  
949.623   0.308429  
949.768   0.242992  
949.912   0.185619  
950.058   0.137638  
950.201   0.0992224  
950.348   0.0696676  
950.492   0.0477363  
950.636   0.0319813  
950.781   0.0209856  
950.924   0.0135057  
951.071   0.00853258  
951.215   0.00529408  
951.36   0.0032257  
951.505   0.00192928  
951.649   0.00113188  
951.794   0.000650856  
951.936   0.000366502  
952.084   0.00020194  
952.228   0.000108799  
952.373   5.72839e-05  
952.517   2.94611e-05  
952.662   1.47954e-05  
952.808   7.25375e-06  
952.95   3.47128e-06  
953.097   1.6213e-06  
953.241   7.39039e-07  
953.386   3.28767e-07  
953.531   1.42736e-07  
953.673   6.04797e-08  
953.821   2.50108e-08  
