387.746   5.66829e-08  
387.865   1.09052e-07  
387.983   2.06901e-07  
388.101   3.87127e-07  
388.219   7.14368e-07  
388.337   1.30015e-06  
388.455   2.33394e-06  
388.574   4.1328e-06  
388.692   7.21929e-06  
388.81   1.24418e-05  
388.929   2.11574e-05  
389.047   3.55053e-05  
389.166   5.88088e-05  
389.284   9.61587e-05  
389.403   0.000155243  
389.522   0.000247511  
389.64   0.000389782  
389.758   0.000606409  
389.877   0.000932144  
389.995   0.00141584  
390.113   0.00212513  
390.231   0.00315386  
390.349   0.00463077  
390.467   0.00672417  
390.586   0.00965163  
390.704   0.0136866  
390.822   0.0191619  
390.941   0.0264575  
391.059   0.0359929  
391.177   0.0482135  
391.296   0.0635526  
391.415   0.0823924  
391.533   0.104988  
391.652   0.131431  
391.77   0.1616  
391.889   0.195118  
392.007   0.231351  
392.125   0.269432  
392.243   0.308326  
392.361   0.346918  
392.48   0.384121  
392.598   0.418991  
392.716   0.450816  
392.834   0.479178  
392.953   0.503951  
393.071   0.525283  
393.189   0.543522  
393.308   0.559119  
393.426   0.572538  
393.545   0.584177  
393.663   0.59435  
393.782   0.603286  
393.9   0.611147  
394.019   0.618084  
394.137   0.624272  
394.255   0.629925  
394.373   0.635277  
394.492   0.640544  
394.61   0.645882  
394.728   0.651371  
394.846   0.656995  
394.965   0.662655  
395.083   0.668231  
395.201   0.673625  
395.319   0.678804  
395.438   0.683811  
395.556   0.688748  
395.675   0.693756  
395.794   0.698959  
395.912   0.704415  
396.03   0.710098  
396.149   0.71591  
396.267   0.721723  
396.385   0.72741  
396.504   0.73289  
396.622   0.738167  
396.74   0.743327  
396.859   0.748508  
396.977   0.753841  
397.095   0.75942  
397.213   0.765263  
397.331   0.771305  
397.45   0.77741  
397.568   0.783426  
397.686   0.789241  
397.805   0.794824  
397.924   0.800229  
398.042   0.805585  
398.16   0.811048  
398.279   0.816757  
398.397   0.822764  
398.516   0.829022  
398.634   0.835403  
398.752   0.841745  
398.87   0.847899  
398.989   0.853793  
399.107   0.859451  
399.225   0.86495  
399.344   0.870426  
399.462   0.876024  
399.58   0.881812  
399.699   0.887769  
399.817   0.893775  
399.935   0.89969  
400.054   0.90537  
400.172   0.910632  
400.29   0.915265  
400.409   0.919329  
400.527   0.922908  
400.645   0.926164  
400.764   0.92918  
400.882   0.932015  
401.001   0.93474  
401.119   0.937237  
401.237   0.939446  
401.356   0.94126  
401.474   0.942672  
401.592   0.943857  
401.711   0.945016  
401.829   0.946355  
401.948   0.948033  
402.066   0.950117  
402.184   0.952541  
402.302   0.955153  
402.42   0.957733  
402.539   0.960101  
402.657   0.962146  
402.775   0.963894  
402.894   0.965459  
403.012   0.967049  
403.131   0.968848  
403.249   0.970975  
403.368   0.973444  
403.486   0.976136  
403.604   0.978867  
403.723   0.981422  
403.841   0.98366  
403.96   0.985532  
404.078   0.987114  
404.196   0.98857  
404.314   0.990088  
404.432   0.991791  
404.55   0.993705  
404.669   0.995693  
404.787   0.997491  
404.906   0.998731  
405.024   0.999044  
405.142   0.998065  
405.261   0.99547  
405.379   0.990983  
405.498   0.984241  
405.616   0.974795  
405.734   0.962031  
405.853   0.945144  
405.971   0.923201  
406.09   0.895256  
406.208   0.86044  
406.326   0.81822  
406.445   0.768586  
406.563   0.712092  
406.681   0.64988  
406.799   0.583595  
406.917   0.515247  
407.036   0.446969  
407.154   0.380811  
407.272   0.31856  
407.391   0.261627  
407.51   0.210968  
407.628   0.167067  
407.746   0.129972  
407.865   0.0993774  
407.983   0.0747191  
408.102   0.0552755  
408.22   0.0402576  
408.338   0.0288831  
408.457   0.0204256  
408.575   0.0142456  
408.693   0.00980352  
408.811   0.00665969  
408.929   0.00446725  
409.047   0.00295967  
409.166   0.00193694  
409.284   0.00125222  
409.403   0.000799686  
409.521   0.000504414  
409.64   0.000314209  
409.758   0.000193257  
409.877   0.000117341  
409.995   7.03187e-05  
410.113   4.15826e-05  
410.232   2.42598e-05  
410.35   1.39611e-05  
410.469   7.92399e-06  
410.587   4.43504e-06  
410.705   2.44756e-06  
410.823   1.3317e-06  
410.941   7.14308e-07  
411.059   3.77693e-07  
411.178   1.96852e-07  
411.296   1.01126e-07  
