746.049   1.65316e-08  
746.129   2.7878e-08  
746.215   4.66529e-08  
746.294   7.7477e-08  
746.374   1.27688e-07  
746.46   2.0884e-07  
746.54   3.38978e-07  
746.62   5.46047e-07  
746.705   8.72955e-07  
746.786   1.38505e-06  
746.865   2.18098e-06  
746.95   3.40848e-06  
747.031   5.28683e-06  
747.11   8.13885e-06  
747.194   1.24357e-05  
747.277   1.88592e-05  
747.356   2.83876e-05  
747.439   4.24127e-05  
747.523   6.28973e-05  
747.601   9.25862e-05  
747.684   0.000135285  
747.769   0.000196221  
747.847   0.00028252  
747.928   0.000403798  
748.014   0.000572928  
748.092   0.000806978  
748.173   0.00112837  
748.259   0.00156627  
748.338   0.00215828  
748.418   0.00295232  
748.505   0.00400888  
748.583   0.00540339  
748.664   0.00722883  
748.75   0.00959838  
748.828   0.0126479  
748.909   0.016538  
748.996   0.0214559  
749.074   0.0276153  
749.154   0.035256  
749.241   0.0446408  
749.319   0.0560506  
749.399   0.0697765  
749.487   0.086109  
749.564   0.105325  
749.644   0.127671  
749.732   0.153346  
749.81   0.18248  
749.889   0.215117  
749.977   0.251195  
750.055   0.290537  
750.135   0.332833  
750.222   0.377652  
750.3   0.424435  
750.38   0.472525  
750.467   0.521181  
750.546   0.569614  
750.625   0.617034  
750.712   0.662679  
750.792   0.705866  
750.871   0.746024  
750.956   0.782727  
751.038   0.815704  
751.116   0.844857  
751.201   0.870243  
751.284   0.892059  
751.362   0.910606  
751.446   0.926262  
751.529   0.939431  
751.607   0.95051  
751.691   0.95986  
751.775   0.96778  
751.853   0.9745  
751.935   0.980176  
752.02   0.9849  
752.098   0.988736  
752.18   0.991723  
752.266   0.993896  
752.344   0.995314  
752.425   0.99608  
752.511   0.996316  
752.589   0.996188  
752.67   0.99587  
752.757   0.995515  
752.835   0.995287  
752.916   0.995275  
753.002   0.995542  
753.08   0.996072  
753.161   0.996803  
753.248   0.997652  
753.325   0.998466  
753.406   0.99913  
753.493   0.999548  
753.57   0.999618  
753.651   0.999363  
753.738   0.998791  
753.816   0.998012  
753.896   0.99713  
753.983   0.996276  
754.061   0.995571  
754.141   0.995113  
754.228   0.994959  
754.307   0.995079  
754.386   0.99543  
754.473   0.995924  
754.552   0.99642  
754.631   0.996798  
754.718   0.996944  
754.798   0.996769  
754.876   0.99626  
754.963   0.995443  
755.044   0.99439  
755.122   0.993228  
755.208   0.992096  
755.29   0.9911  
755.367   0.99037  
755.453   0.989958  
755.535   0.989859  
755.613   0.990025  
755.697   0.990342  
755.781   0.990648  
755.858   0.990777  
755.942   0.990551  
756.026   0.989802  
756.104   0.988407  
756.187   0.98628  
756.272   0.98336  
756.349   0.979616  
756.432   0.975014  
756.517   0.969508  
756.595   0.963004  
756.677   0.955348  
756.763   0.946306  
756.841   0.935575  
756.922   0.922792  
757.008   0.907538  
757.086   0.889403  
757.167   0.867995  
757.254   0.843  
757.331   0.81421  
757.413   0.781555  
757.5   0.745129  
757.577   0.705195  
757.658   0.662184  
757.745   0.616667  
757.822   0.569334  
757.903   0.520947  
757.99   0.47231  
758.068   0.424217  
758.148   0.377416  
758.234   0.332574  
758.313   0.29025  
758.393   0.250886  
758.479   0.214789  
758.559   0.182142  
758.637   0.153006  
758.725   0.127336  
758.804   0.105003  
758.882   0.0858053  
758.97   0.0694957  
759.05   0.0557956  
759.128   0.0444129  
759.214   0.0350556  
759.296   0.0274415  
759.373   0.0213073  
759.459   0.0164126  
759.541   0.0125433  
759.619   0.00951216  
759.704   0.00715855  
759.787   0.0053467  
759.864   0.00396363  
759.949   0.00291655  
760.032   0.00213027  
760.11   0.00154454  
760.194   0.00111167  
760.278   0.000794259  
760.355   0.000563324  
760.439   0.000396609  
760.523   0.000277185  
760.601   0.000192296  
760.684   0.000132421  
760.769   9.05158e-05  
760.846   6.1413e-05  
760.929   4.13575e-05  
761.015   2.76438e-05  
761.092   1.83393e-05  
761.174   1.20754e-05  
761.26   7.89133e-06  
761.337   5.11821e-06  
761.419   3.29456e-06  
761.506   2.1047e-06  
761.583   1.3344e-06  
761.665   8.39611e-07  
761.751   5.24281e-07  
761.828   3.24892e-07  
761.909   1.99801e-07  
761.996   1.21936e-07  
762.074   7.38484e-08  
762.155   4.43831e-08  
762.241   2.64701e-08  
762.319   1.56655e-08  
