501.053   4.39836e-08  
501.147   7.72705e-08  
501.242   1.34428e-07  
501.336   2.31601e-07  
501.43   3.9517e-07  
501.524   6.67798e-07  
501.619   1.11776e-06  
501.713   1.85321e-06  
501.806   3.04372e-06  
501.901   4.95243e-06  
501.995   7.98367e-06  
502.09   1.27524e-05  
502.183   2.01848e-05  
502.277   3.16619e-05  
502.372   4.92226e-05  
502.466   7.58477e-05  
502.56   0.000115851  
502.654   0.000175416  
502.748   0.00026331  
502.843   0.000391839  
502.936   0.000578093  
503.03   0.000845537  
503.125   0.00122602  
503.22   0.00176226  
503.313   0.00251078  
503.407   0.0035454  
503.502   0.00496113  
503.596   0.00687835  
503.689   0.00944703  
503.783   0.0128507  
503.878   0.0173096  
503.973   0.023082  
504.066   0.0304643  
504.16   0.0397868  
504.255   0.0514066  
504.349   0.0656952  
504.443   0.0830234  
504.537   0.103738  
504.631   0.128138  
504.726   0.156444  
504.819   0.188772  
504.913   0.225106  
505.008   0.265273  
505.103   0.308934  
505.196   0.355577  
505.29   0.404531  
505.384   0.454987  
505.479   0.506045  
505.573   0.556748  
505.666   0.606148  
505.761   0.653367  
505.856   0.697646  
505.949   0.738387  
506.043   0.775187  
506.138   0.807846  
506.232   0.836355  
506.326   0.86088  
506.42   0.881717  
506.514   0.899245  
506.609   0.91388  
506.702   0.926037  
506.796   0.936093  
506.891   0.944363  
506.986   0.951118  
507.079   0.956559  
507.173   0.960856  
507.267   0.964159  
507.362   0.966621  
507.455   0.968396  
507.549   0.969651  
507.644   0.97055  
507.739   0.971271  
507.832   0.971936  
507.926   0.972661  
508.02   0.973495  
508.116   0.974443  
508.209   0.975444  
508.303   0.97646  
508.397   0.977377  
508.492   0.978148  
508.585   0.978722  
508.679   0.979104  
508.773   0.979337  
508.869   0.979481  
508.962   0.979629  
509.056   0.97987  
509.15   0.980273  
509.245   0.980863  
509.338   0.981633  
509.432   0.982533  
509.527   0.983488  
509.622   0.984401  
509.715   0.985193  
509.809   0.985805  
509.903   0.986227  
509.998   0.986482  
510.091   0.986631  
510.186   0.986759  
510.28   0.986949  
510.375   0.987273  
510.468   0.987761  
510.562   0.988425  
510.656   0.989214  
510.751   0.990056  
510.845   0.990863  
510.939   0.991557  
511.033   0.992077  
511.128   0.992395  
511.222   0.992533  
511.315   0.992551  
511.41   0.992529  
511.504   0.992566  
511.598   0.992728  
511.692   0.993082  
511.786   0.993639  
511.881   0.994351  
511.975   0.995166  
512.069   0.995992  
512.163   0.996719  
512.258   0.997311  
512.351   0.99769  
512.445   0.99788  
512.539   0.997916  
512.634   0.99787  
512.728   0.997836  
512.822   0.997854  
512.916   0.998004  
513.011   0.998246  
513.105   0.998551  
513.199   0.998824  
513.292   0.998893  
513.387   0.998611  
513.481   0.997786  
513.575   0.996247  
513.669   0.993839  
513.764   0.990397  
513.858   0.985767  
513.951   0.979769  
514.046   0.972184  
514.14   0.962732  
514.235   0.951081  
514.328   0.93682  
514.422   0.919519  
514.517   0.898729  
514.611   0.874037  
514.705   0.845126  
514.799   0.811807  
514.893   0.774069  
514.988   0.732114  
515.081   0.686351  
515.176   0.637398  
515.27   0.586046  
515.365   0.533213  
515.458   0.479896  
515.552   0.4271  
515.647   0.375786  
515.741   0.326813  
515.834   0.280898  
515.929   0.238595  
516.023   0.200276  
516.118   0.166135  
516.211   0.136203  
516.305   0.11037  
516.4   0.0884115  
516.494   0.0700215  
516.587   0.0548399  
516.682   0.0424807  
516.776   0.0325543  
516.871   0.0246857  
516.964   0.0185268  
517.059   0.0137648  
517.153   0.0101264  
517.247   0.00737815  
517.341   0.00532516  
517.435   0.00380794  
517.529   0.00269831  
517.624   0.00189495  
517.717   0.00131903  
517.812   0.000910126  
517.906   0.000622541  
518   0.000422148  
518.094   0.000283793  
518.188   0.000189134  
518.283   0.000124957  
518.377   8.18374e-05  
518.471   5.31274e-05  
518.565   3.41846e-05  
518.659   2.17999e-05  
518.754   1.37771e-05  
518.847   8.6278e-06  
518.942   5.35364e-06  
519.036   3.2913e-06  
519.13   2.00458e-06  
519.224   1.20943e-06  
519.318   7.22791e-07  
519.412   4.27848e-07  
519.507   2.50834e-07  
519.601   1.4564e-07  
519.695   8.37427e-08  
519.789   4.76837e-08  
