851.2   9.18551e-09  
851.345   2.39541e-08  
851.492   6.08517e-08  
851.633   1.50602e-07  
851.781   3.6317e-07  
851.921   8.53438e-07  
852.069   1.95473e-06  
852.213   4.36446e-06  
852.357   9.50142e-06  
852.504   2.01726e-05  
852.644   4.17788e-05  
852.793   8.44282e-05  
852.934   0.000166525  
853.081   0.000320671  
853.226   0.000603035  
853.368   0.00110772  
853.517   0.00198786  
853.656   0.00348517  
853.805   0.00596892  
853.947   0.0099833  
854.093   0.0162985  
854.238   0.0259549  
854.38   0.0402832  
854.529   0.0608746  
854.668   0.0894755  
854.816   0.127783  
854.96   0.177138  
855.104   0.238158  
855.251   0.31036  
855.392   0.391904  
855.541   0.479564  
855.681   0.568999  
855.828   0.655355  
855.973   0.734055  
856.116   0.80164  
856.264   0.856326  
856.403   0.898211  
856.552   0.92895  
856.694   0.951063  
856.84   0.967127  
856.985   0.979114  
857.127   0.988077  
857.276   0.994333  
857.415   0.997866  
857.564   0.99884  
857.707   0.997898  
857.851   0.996104  
857.998   0.994603  
858.139   0.994165  
858.288   0.994904  
858.428   0.996269  
858.575   0.997342  
858.72   0.997308  
858.863   0.995926  
859.01   0.993617  
859.151   0.991254  
859.3   0.989756  
859.441   0.989585  
859.587   0.990544  
859.732   0.991867  
859.875   0.992592  
860.023   0.992083  
860.162   0.990296  
860.312   0.987864  
860.454   0.985711  
860.599   0.984648  
860.745   0.984919  
860.886   0.986104  
861.036   0.987323  
861.175   0.987668  
861.323   0.986684  
861.467   0.984588  
861.61   0.982136  
861.757   0.980298  
861.898   0.979699  
862.047   0.980361  
862.188   0.981664  
862.335   0.982667  
862.479   0.982578  
862.622   0.98115  
862.77   0.978837  
862.909   0.976497  
863.059   0.975039  
863.201   0.974906  
863.347   0.97588  
863.492   0.977186  
863.634   0.977881  
863.783   0.977325  
863.922   0.975514  
864.071   0.973074  
864.214   0.970941  
864.358   0.969891  
864.504   0.970141  
864.645   0.971265  
864.795   0.972374  
864.935   0.972572  
865.082   0.971428  
865.226   0.969174  
865.369   0.966605  
865.517   0.964657  
865.657   0.963956  
865.807   0.964496  
865.948   0.965635  
866.094   0.966442  
866.239   0.966147  
866.381   0.964536  
866.529   0.962061  
866.669   0.959602  
866.818   0.958043  
866.961   0.957805  
867.105   0.958652  
867.251   0.959798  
867.392   0.960305  
867.542   0.959569  
867.682   0.957595  
867.83   0.955027  
867.973   0.952804  
868.117   0.951688  
868.263   0.951881  
868.404   0.952933  
868.554   0.953952  
868.695   0.954069  
868.842   0.952869  
868.986   0.950601  
869.128   0.948049  
869.276   0.946143  
869.417   0.945487  
869.566   0.946051  
869.708   0.947194  
869.853   0.947982  
869.998   0.947657  
870.14   0.946031  
870.289   0.94356  
870.43   0.941138  
870.577   0.939625  
870.721   0.939423  
870.865   0.940276  
871.01   0.941396  
871.151   0.941859  
871.301   0.941074  
871.442   0.939077  
871.589   0.936521  
871.733   0.934328  
871.876   0.933254  
872.023   0.93347  
872.164   0.934514  
872.313   0.935495  
872.455   0.935557  
872.601   0.934301  
872.745   0.93199  
872.887   0.929402  
873.036   0.927432  
873.177   0.926619  
873.325   0.926852  
873.468   0.927366  
873.612   0.927059  
873.758   0.924927  
873.899   0.920393  
874.048   0.913344  
874.189   0.903851  
874.337   0.891683  
874.48   0.875884  
874.624   0.85463  
874.77   0.825514  
874.911   0.786176  
875.06   0.735079  
875.202   0.67216  
875.348   0.599106  
875.492   0.519175  
875.635   0.436636  
875.782   0.355986  
875.924   0.281209  
876.072   0.215227  
876.215   0.159663  
876.36   0.114883  
876.505   0.0802516  
876.646   0.0544842  
876.795   0.0359919  
876.936   0.0231606  
877.084   0.0145333  
877.227   0.00890084  
877.371   0.00532426  
877.517   0.0031121  
877.658   0.00177799  
877.807   0.000992906  
877.949   0.000541929  
878.096   0.000289021  
878.24   0.000150569  
878.383   7.65955e-05  
878.529   3.80346e-05  
878.671   1.84294e-05  
878.819   8.71079e-06  
878.962   4.01508e-06  
879.107   1.80432e-06  
879.252   7.90338e-07  
879.394   3.37377e-07  
879.542   1.40329e-07  
879.684   5.68653e-08  
879.831   2.24471e-08  
879.974   8.63063e-09  
