481.068   4.83778e-08  
481.161   8.48294e-08  
481.256   1.47296e-07  
481.351   2.53279e-07  
481.445   4.3131e-07  
481.539   7.2742e-07  
481.633   1.2151e-06  
481.728   2.01047e-06  
481.822   3.29513e-06  
481.916   5.35022e-06  
482.01   8.60651e-06  
482.105   1.37176e-05  
482.199   2.1665e-05  
482.293   3.39088e-05  
482.387   5.25986e-05  
482.482   8.0869e-05  
482.577   0.000123245  
482.67   0.000186194  
482.764   0.000278866  
482.859   0.000414073  
482.954   0.000609566  
483.047   0.00088966  
483.141   0.00128729  
483.236   0.00184654  
483.331   0.00262562  
483.424   0.00370042  
483.518   0.00516843  
483.613   0.00715295  
483.708   0.00980736  
483.801   0.0133189  
483.895   0.017912  
483.991   0.0238495  
484.085   0.0314321  
484.178   0.0409944  
484.272   0.0528969  
484.367   0.0675145  
484.462   0.0852183  
484.556   0.106355  
484.649   0.131219  
484.745   0.160026  
484.839   0.192882  
484.933   0.229758  
485.026   0.270465  
485.122   0.314647  
485.216   0.361771  
485.31   0.411145  
485.404   0.461941  
485.499   0.513239  
485.594   0.564072  
485.687   0.613482  
485.781   0.66059  
485.876   0.704638  
485.971   0.74504  
486.064   0.781407  
486.158   0.813558  
486.253   0.841506  
486.348   0.865439  
486.441   0.885679  
486.535   0.902617  
486.63   0.916688  
486.725   0.928311  
486.818   0.93787  
486.912   0.945683  
487.007   0.952007  
487.102   0.957043  
487.196   0.960959  
487.289   0.963902  
487.384   0.966012  
487.479   0.967438  
487.573   0.968357  
487.666   0.968937  
487.761   0.969338  
487.856   0.969707  
487.95   0.970145  
488.043   0.970704  
488.138   0.971384  
488.233   0.972141  
488.327   0.972898  
488.42   0.973573  
488.515   0.974093  
488.61   0.974414  
488.704   0.974526  
488.798   0.974483  
488.892   0.974347  
488.987   0.974215  
489.081   0.974176  
489.175   0.974301  
489.269   0.974617  
489.364   0.975122  
489.458   0.975749  
489.552   0.976437  
489.646   0.97708  
489.741   0.977592  
489.836   0.977927  
489.929   0.978064  
490.023   0.978039  
490.118   0.97792  
490.213   0.977822  
490.306   0.977843  
490.4   0.978089  
490.495   0.978603  
490.59   0.979385  
490.683   0.9804  
490.777   0.981574  
490.872   0.982797  
490.967   0.983959  
491.061   0.98498  
491.154   0.985815  
491.249   0.986468  
491.344   0.98699  
491.438   0.987452  
491.531   0.987932  
491.626   0.988514  
491.721   0.989245  
491.815   0.990151  
491.909   0.991192  
492.003   0.992304  
492.098   0.993422  
492.192   0.99443  
492.286   0.99527  
492.38   0.995903  
492.475   0.996338  
492.569   0.996586  
492.663   0.996741  
492.757   0.996872  
492.852   0.997086  
492.946   0.997384  
493.04   0.997806  
493.134   0.998267  
493.229   0.998698  
493.323   0.99896  
493.417   0.998857  
493.511   0.998228  
493.606   0.996903  
493.7   0.994714  
493.794   0.991494  
493.888   0.9871  
493.983   0.981345  
494.078   0.97401  
494.171   0.964817  
494.265   0.953432  
494.36   0.939459  
494.455   0.922449  
494.548   0.901957  
494.642   0.877568  
494.737   0.848947  
494.832   0.815901  
494.925   0.778406  
495.02   0.736649  
495.114   0.69103  
495.209   0.642156  
495.303   0.590813  
495.397   0.537921  
495.491   0.484474  
495.586   0.431481  
495.68   0.379916  
495.774   0.330647  
495.868   0.284405  
495.963   0.241755  
496.057   0.203082  
496.151   0.168592  
496.246   0.138325  
496.34   0.112178  
496.434   0.0899323  
496.528   0.0712847  
496.623   0.0558763  
496.717   0.0433212  
496.811   0.0332282  
496.905   0.0252201  
497   0.0189461  
497.095   0.0140905  
497.188   0.0103768  
497.282   0.00756878  
497.377   0.00546892  
497.472   0.00391533  
497.566   0.00277778  
497.659   0.00195321  
497.754   0.00136135  
497.849   0.00094058  
497.943   0.000644247  
498.036   0.000437474  
498.131   0.000294509  
498.226   0.000196556  
498.32   0.000130045  
498.414   8.52915e-05  
498.508   5.54485e-05  
498.603   3.57284e-05  
498.697   2.28162e-05  
498.791   1.44391e-05  
498.885   9.05458e-06  
498.98   5.62586e-06  
499.074   3.46311e-06  
499.168   2.11185e-06  
499.262   1.2757e-06  
499.357   7.63298e-07  
499.451   4.52343e-07  
499.545   2.65488e-07  
499.639   1.54313e-07  
499.734   8.88218e-08  
499.828   5.06261e-08  
