890   1.21022e-08  
890.093   2.2445e-08  
890.186   4.11669e-08  
890.282   7.46718e-08  
890.375   1.33953e-07  
890.47   2.37658e-07  
890.564   4.17029e-07  
890.658   7.23782e-07  
890.754   1.24249e-06  
890.847   2.10981e-06  
890.941   3.54386e-06  
891.036   5.88874e-06  
891.129   9.68061e-06  
891.224   1.57454e-05  
891.318   2.53402e-05  
891.412   4.03564e-05  
891.507   6.36065e-05  
891.601   9.92263e-05  
891.695   0.000153228  
891.791   0.000234257  
891.883   0.0003546  
891.979   0.000531544  
892.072   0.000789117  
892.167   0.00116037  
892.262   0.00169025  
892.355   0.00243911  
892.449   0.00348706  
892.544   0.00493902  
892.637   0.00693043  
892.733   0.00963349  
892.826   0.0132635  
892.921   0.0180844  
893.016   0.0244133  
893.109   0.032622  
893.203   0.0431341  
893.298   0.056418  
893.391   0.0729699  
893.487   0.093292  
893.58   0.117859  
893.675   0.147078  
893.77   0.181242  
893.863   0.220483  
893.957   0.264719  
894.052   0.313626  
894.145   0.366608  
894.241   0.422802  
894.334   0.481102  
894.429   0.540214  
894.524   0.598739  
894.617   0.655265  
894.712   0.708485  
894.806   0.757296  
894.9   0.800886  
894.995   0.838795  
895.089   0.870931  
895.183   0.897544  
895.278   0.919172  
895.371   0.936528  
895.466   0.950419  
895.56   0.961611  
895.654   0.970764  
895.749   0.978366  
895.843   0.984708  
895.937   0.98992  
896.032   0.993992  
896.125   0.996888  
896.22   0.998588  
896.314   0.999127  
896.408   0.998668  
896.503   0.997482  
896.597   0.9959  
896.691   0.994301  
896.786   0.992981  
896.879   0.992189  
896.974   0.992007  
897.068   0.992363  
897.163   0.993062  
897.257   0.993819  
897.351   0.994342  
897.445   0.99438  
897.54   0.99377  
897.632   0.992526  
897.728   0.990763  
897.822   0.98873  
897.917   0.98673  
898.011   0.985056  
898.105   0.983934  
898.199   0.983459  
898.294   0.983597  
898.386   0.984164  
898.483   0.984898  
898.576   0.985484  
898.671   0.985657  
898.766   0.985226  
898.859   0.984137  
898.954   0.982496  
899.048   0.980515  
899.14   0.978476  
899.237   0.976685  
899.33   0.975391  
899.425   0.974731  
899.519   0.974701  
899.613   0.975162  
899.708   0.97587  
899.802   0.976512  
899.895   0.976803  
899.991   0.976525  
900.084   0.975575  
900.179   0.974016  
900.273   0.972052  
900.367   0.969955  
900.462   0.968029  
900.556   0.966533  
900.649   0.965642  
900.745   0.965394  
900.838   0.965688  
900.933   0.966303  
901.028   0.966943  
901.12   0.9673  
901.216   0.967149  
901.31   0.966353  
901.404   0.964942  
901.499   0.963047  
901.592   0.96092  
901.687   0.958859  
901.782   0.95713  
901.874   0.955929  
901.97   0.955314  
902.064   0.955197  
902.158   0.955359  
902.253   0.955484  
902.346   0.95522  
902.442   0.954239  
902.536   0.952293  
902.628   0.949242  
902.725   0.945044  
902.818   0.93974  
902.912   0.933385  
903.007   0.925993  
903.1   0.917448  
903.196   0.907482  
903.29   0.895642  
903.382   0.881313  
903.479   0.86376  
903.572   0.842248  
903.667   0.816105  
903.761   0.784846  
903.854   0.748251  
903.95   0.706433  
904.044   0.659843  
904.136   0.609268  
904.233   0.55576  
904.326   0.500555  
904.421   0.444977  
904.515   0.390335  
904.608   0.337823  
904.704   0.288457  
904.798   0.243015  
904.89   0.202027  
904.987   0.165767  
905.08   0.134279  
905.175   0.107419  
905.269   0.0848913  
905.362   0.0663003  
905.458   0.0511922  
905.552   0.0390927  
905.644   0.0295359  
905.741   0.0220863  
905.834   0.0163512  
905.93   0.0119881  
906.024   0.00870613  
906.116   0.00626396  
906.213   0.00446555  
906.306   0.00315453  
906.399   0.00220818  
906.495   0.00153167  
906.588   0.00105269  
906.684   0.000716802  
906.778   0.000483518  
906.87   0.000323059  
906.967   0.000213771  
907.06   0.000140072  
907.153   9.08721e-05  
907.249   5.83615e-05  
907.342   3.7101e-05  
907.438   2.33431e-05  
907.532   1.45344e-05  
907.624   8.95496e-06  
907.721   5.45909e-06  
907.814   3.29257e-06  
907.907   1.96463e-06  
908.003   1.15967e-06  
908.096   6.77135e-07  
908.192   3.91097e-07  
908.286   2.23433e-07  
908.378   1.26256e-07  
908.475   7.05646e-08  
908.568   3.9007e-08  
908.662   2.13261e-08  
908.757   1.15316e-08  
