762.301   1.63832e-08  
762.355   2.35807e-08  
762.411   3.38149e-08  
762.47   4.83124e-08  
762.529   6.87711e-08  
762.581   9.75333e-08  
762.635   1.37817e-07  
762.694   1.94024e-07  
762.754   2.72153e-07  
762.809   3.80345e-07  
762.862   5.29605e-07  
762.919   7.34744e-07  
762.978   1.01563e-06  
763.037   1.39877e-06  
763.089   1.91943e-06  
763.144   2.62433e-06  
763.202   3.57506e-06  
763.263   4.85255e-06  
763.316   6.56264e-06  
763.37   8.84326e-06  
763.427   1.18734e-05  
763.487   1.58841e-05  
763.544   2.11732e-05  
763.597   2.81218e-05  
763.652   3.72166e-05  
763.711   4.90764e-05  
763.772   6.44837e-05  
763.824   8.44258e-05  
763.878   0.000110141  
763.936   0.00014318  
763.995   0.000185471  
764.052   0.000239405  
764.105   0.000307931  
764.161   0.000394678  
764.219   0.000504085  
764.279   0.00064156  
764.332   0.000813655  
764.386   0.00102829  
764.444   0.00129497  
764.504   0.00162508  
764.559   0.0020322  
764.613   0.00253238  
764.669   0.00314455  
764.728   0.00389093  
764.787   0.00479742  
764.839   0.00589406  
764.894   0.00721546  
764.953   0.00880133  
765.013   0.0106968  
765.067   0.012953  
765.121   0.0156273  
765.178   0.0187834  
765.237   0.022492  
765.295   0.0268303  
765.347   0.0318823  
765.403   0.0377378  
765.461   0.0444923  
765.522   0.0522463  
765.575   0.061103  
765.628   0.0711681  
765.686   0.0825467  
765.745   0.0953416  
765.802   0.109651  
765.855   0.125565  
765.911   0.143161  
765.969   0.162506  
766.03   0.183644  
766.082   0.206602  
766.136   0.23138  
766.194   0.257953  
766.254   0.286264  
766.31   0.316225  
766.363   0.347719  
766.419   0.38059  
766.478   0.414658  
766.538   0.44971  
766.59   0.485506  
766.644   0.521782  
766.703   0.558264  
766.763   0.594662  
766.818   0.63068  
766.871   0.666028  
766.928   0.70043  
766.987   0.733612  
767.045   0.765344  
767.098   0.795401  
767.153   0.823619  
767.211   0.849841  
767.272   0.873959  
767.325   0.895915  
767.379   0.91567  
767.436   0.933216  
767.495   0.948576  
767.553   0.961831  
767.606   0.972985  
767.661   0.982141  
767.719   0.989361  
767.78   0.994696  
767.833   0.998215  
767.886   0.999967  
767.945   0.999943  
768.004   0.998139  
768.061   0.994577  
768.114   0.989191  
768.17   0.98193  
768.228   0.972725  
768.288   0.961523  
768.34   0.948256  
768.394   0.932859  
768.453   0.91529  
768.513   0.895527  
768.568   0.873564  
768.621   0.849449  
768.678   0.823243  
768.737   0.795051  
768.796   0.765026  
768.848   0.733333  
768.903   0.700186  
768.961   0.665828  
769.022   0.630517  
769.076   0.594537  
769.129   0.558181  
769.186   0.521734  
769.245   0.485488  
769.304   0.449722  
769.356   0.414695  
769.411   0.380647  
769.47   0.347791  
769.53   0.316312  
769.583   0.28636  
769.637   0.258056  
769.695   0.231489  
769.754   0.206713  
769.811   0.183755  
769.864   0.162616  
769.92   0.143269  
769.978   0.125668  
770.038   0.10975  
770.091   0.0954347  
770.144   0.0826336  
770.203   0.0712485  
770.263   0.0611768  
770.319   0.0523133  
770.372   0.0445528  
770.428   0.0377918  
770.487   0.0319303  
770.547   0.0268727  
770.599   0.022529  
770.653   0.0188155  
770.711   0.015655  
770.771   0.0129768  
770.827   0.010717  
770.88   0.00881839  
770.936   0.00722978  
770.995   0.005906  
771.054   0.00480731  
771.106   0.00389908  
771.161   0.00315121  
771.22   0.0025378  
771.28   0.00203658  
771.334   0.0016286  
771.387   0.00129778  
771.445   0.00103053  
771.504   0.000815439  
771.562   0.000642976  
771.614   0.000505206  
771.67   0.000395559  
771.728   0.000308618  
771.788   0.000239936  
771.842   0.00018588  
771.895   0.000143492  
771.954   0.000110377  
772.013   8.46022e-05  
772.069   6.46151e-05  
772.122   4.91737e-05  
772.178   3.72886e-05  
772.237   2.81746e-05  
772.296   2.12119e-05  
772.349   1.59124e-05  
772.403   1.18939e-05  
772.462   8.85813e-06  
772.521   6.57338e-06  
772.577   4.86027e-06  
772.63   3.58059e-06  
772.687   2.62828e-06  
772.745   1.92224e-06  
772.805   1.40075e-06  
772.857   1.01702e-06  
772.911   7.35721e-07  
772.97   5.30284e-07  
773.03   3.80815e-07  
773.085   2.72477e-07  
773.138   1.94245e-07  
773.195   1.37968e-07  
773.254   9.76353e-08  
773.312   6.88395e-08  
773.364   4.8358e-08  
773.42   3.38452e-08  
773.479   2.36005e-08  
773.538   1.6396e-08  
