551.049   4.15406e-08  
551.143   7.32382e-08  
551.237   1.27869e-07  
551.332   2.21093e-07  
551.426   3.78604e-07  
551.521   6.42124e-07  
551.614   1.0787e-06  
551.709   1.79496e-06  
551.804   2.95876e-06  
551.898   4.83164e-06  
551.991   7.81697e-06  
552.086   1.25307e-05  
552.181   1.99036e-05  
552.275   3.13287e-05  
552.368   4.88696e-05  
552.463   7.55521e-05  
552.558   0.00011577  
552.652   0.000175834  
552.746   0.000264719  
552.84   0.00039505  
552.935   0.000584399  
553.029   0.000856934  
553.123   0.00124551  
553.217   0.00179427  
553.312   0.00256171  
553.407   0.00362428  
553.5   0.00508051  
553.594   0.00705535  
553.689   0.00970459  
553.784   0.013219  
553.877   0.0178276  
553.971   0.0237994  
554.066   0.0314425  
554.161   0.0411008  
554.254   0.0531459  
554.349   0.0679646  
554.444   0.0859414  
554.538   0.107436  
554.632   0.132755  
554.726   0.162126  
554.821   0.195663  
554.915   0.233338  
555.009   0.274963  
555.103   0.32017  
555.198   0.368412  
555.292   0.418976  
555.386   0.471005  
555.48   0.523547  
555.575   0.575599  
555.669   0.626174  
555.763   0.674359  
555.857   0.719372  
555.952   0.760613  
556.047   0.797683  
556.141   0.830401  
556.234   0.858795  
556.329   0.883064  
556.424   0.90354  
556.518   0.920651  
556.611   0.934835  
556.706   0.946534  
556.801   0.956139  
556.895   0.963974  
556.989   0.970303  
557.083   0.975315  
557.178   0.979193  
557.272   0.982062  
557.366   0.984087  
557.46   0.98541  
557.555   0.986211  
557.649   0.986677  
557.743   0.986973  
557.838   0.987241  
557.932   0.987599  
558.026   0.988092  
558.12   0.988719  
558.215   0.989427  
558.309   0.990133  
558.404   0.990746  
558.497   0.991183  
558.592   0.991407  
558.686   0.991427  
558.781   0.991266  
558.874   0.991012  
558.969   0.990767  
559.064   0.990629  
559.158   0.990669  
559.252   0.990924  
559.346   0.991368  
559.441   0.991956  
559.535   0.992593  
559.629   0.993179  
559.723   0.99362  
559.818   0.993851  
559.912   0.993871  
560.006   0.993699  
560.1   0.993414  
560.195   0.993105  
560.29   0.99289  
560.383   0.992837  
560.477   0.993006  
560.572   0.99339  
560.667   0.993954  
560.761   0.994602  
560.854   0.995249  
560.949   0.995778  
561.044   0.996133  
561.138   0.996268  
561.232   0.996211  
561.326   0.996017  
561.421   0.995783  
561.515   0.995601  
561.609   0.995563  
561.703   0.995728  
561.798   0.996114  
561.892   0.996676  
561.986   0.997361  
562.081   0.998054  
562.175   0.998645  
562.269   0.999078  
562.363   0.999276  
562.458   0.999269  
562.552   0.999088  
562.647   0.998803  
562.74   0.998529  
562.835   0.998329  
562.93   0.998278  
563.024   0.998361  
563.117   0.998533  
563.212   0.998683  
563.307   0.998659  
563.401   0.998281  
563.495   0.997386  
563.589   0.995791  
563.684   0.993326  
563.778   0.989842  
563.872   0.985202  
563.966   0.979232  
564.061   0.971724  
564.155   0.962429  
564.249   0.950996  
564.343   0.937021  
564.438   0.920063  
564.533   0.899656  
564.626   0.875358  
564.72   0.84683  
564.815   0.813844  
564.91   0.776373  
565.004   0.734599  
565.097   0.688917  
565.192   0.639943  
565.287   0.588473  
565.381   0.535442  
565.474   0.481864  
565.57   0.428767  
565.664   0.377131  
565.758   0.327835  
565.851   0.281618  
565.946   0.239045  
566.041   0.200497  
566.135   0.166171  
566.228   0.136099  
566.324   0.110167  
566.418   0.0881474  
566.512   0.069726  
566.606   0.0545369  
566.701   0.0421872  
566.796   0.0322822  
566.89   0.0244417  
566.983   0.018314  
567.078   0.0135836  
567.173   0.0099752  
567.267   0.00725426  
567.36   0.00522532  
567.455   0.00372869  
567.55   0.00263628  
567.644   0.00184703  
567.737   0.00128248  
567.832   0.000882591  
567.927   0.000602038  
568.021   0.000407062  
568.115   0.00027282  
568.209   0.000181246  
568.304   0.000119351  
568.398   7.78997e-05  
568.492   5.03933e-05  
568.587   3.23085e-05  
568.681   2.05276e-05  
568.775   1.29243e-05  
568.869   8.06295e-06  
568.963   4.9839e-06  
569.058   3.05213e-06  
569.153   1.85168e-06  
569.246   1.11283e-06  
569.341   6.62473e-07  
569.435   3.90621e-07  
569.53   2.28125e-07  
569.624   1.31946e-07  
569.717   7.55798e-08  
569.812   4.28731e-08  
