665.874   2.90826e-08  
665.955   4.80539e-08  
666.035   7.88231e-08  
666.119   1.28355e-07  
666.2   2.07499e-07  
666.28   3.33022e-07  
666.365   5.30626e-07  
666.446   8.39412e-07  
666.525   1.31837e-06  
666.611   2.05583e-06  
666.691   3.18296e-06  
666.771   4.89302e-06  
666.856   7.46854e-06  
666.936   1.13192e-05  
667.016   1.70345e-05  
667.102   2.54554e-05  
667.181   3.77732e-05  
667.262   5.56608e-05  
667.347   8.14487e-05  
667.427   0.000118359  
667.507   0.000170806  
667.593   0.000244797  
667.672   0.000348427  
667.753   0.000492519  
667.838   0.000691425  
667.917   0.000963995  
667.999   0.00133478  
668.084   0.00183543  
668.163   0.00250638  
668.245   0.00339873  
668.329   0.00457639  
668.408   0.0061184  
668.49   0.00812122  
668.574   0.0107012  
668.654   0.0139967  
668.736   0.0181695  
668.819   0.0234061  
668.899   0.0299174  
668.981   0.0379369  
669.064   0.0477174  
669.145   0.0595255  
669.227   0.0736329  
669.309   0.0903066  
669.391   0.109795  
669.473   0.132314  
669.554   0.158029  
669.636   0.187037  
669.718   0.219353  
669.799   0.254892  
669.882   0.293462  
669.964   0.334755  
670.044   0.378347  
670.128   0.423713  
670.209   0.470235  
670.289   0.517229  
670.374   0.56398  
670.454   0.609765  
670.534   0.653894  
670.62   0.695757  
670.7   0.734836  
670.78   0.770741  
670.865   0.803221  
670.945   0.832173  
671.025   0.857625  
671.111   0.879733  
671.19   0.898743  
671.27   0.914968  
671.357   0.928754  
671.436   0.940441  
671.516   0.950356  
671.602   0.958767  
671.681   0.965901  
671.761   0.971923  
671.848   0.976954  
671.926   0.98108  
672.007   0.984361  
672.093   0.986871  
672.171   0.98868  
672.253   0.989888  
672.338   0.990614  
672.417   0.990996  
672.499   0.991181  
672.583   0.991306  
672.662   0.991488  
672.744   0.991822  
672.828   0.992346  
672.908   0.993049  
672.99   0.993898  
673.073   0.994821  
673.154   0.995713  
673.236   0.996478  
673.318   0.997059  
673.4   0.99737  
673.481   0.997437  
673.563   0.997249  
673.645   0.9969  
673.727   0.99647  
673.808   0.996045  
673.891   0.995748  
673.972   0.995624  
674.053   0.995723  
674.137   0.996035  
674.218   0.99652  
674.298   0.997105  
674.383   0.997695  
674.463   0.998182  
674.543   0.99849  
674.629   0.998552  
674.708   0.998356  
674.788   0.997912  
674.874   0.997293  
674.953   0.996566  
675.034   0.995854  
675.12   0.995249  
675.199   0.994819  
675.279   0.994605  
675.366   0.994634  
675.444   0.994823  
675.525   0.995105  
675.611   0.995347  
675.69   0.995405  
675.77   0.995131  
675.857   0.994376  
675.935   0.993033  
676.015   0.99099  
676.102   0.988186  
676.181   0.984547  
676.261   0.980021  
676.347   0.974517  
676.426   0.967918  
676.507   0.960049  
676.592   0.950688  
676.671   0.939547  
676.753   0.926293  
676.837   0.91056  
676.917   0.891989  
676.999   0.870247  
677.082   0.845064  
677.163   0.816274  
677.244   0.783835  
677.327   0.74784  
677.408   0.708538  
677.49   0.666322  
677.572   0.621715  
677.654   0.575348  
677.735   0.52792  
677.817   0.480177  
677.9   0.432857  
677.981   0.386664  
678.062   0.342237  
678.146   0.300121  
678.226   0.260756  
678.307   0.224464  
678.391   0.191446  
678.471   0.161796  
678.552   0.135501  
678.637   0.112466  
678.717   0.0925245  
678.797   0.0754586  
678.883   0.0610153  
678.962   0.0489231  
679.043   0.0389046  
679.129   0.0306879  
679.208   0.0240147  
679.288   0.0186466  
679.375   0.0143678  
679.453   0.0109878  
679.533   0.00834087  
679.62   0.00628548  
679.699   0.00470258  
679.779   0.00349328  
679.865   0.00257671  
679.944   0.00188736  
680.024   0.00137283  
680.11   0.00099167  
680.189   0.000711396  
680.27   0.000506822  
680.356   0.000358589  
680.435   0.000251963  
680.515   0.00017582  
680.601   0.000121839  
680.68   8.38459e-05  
680.761   5.72987e-05  
680.846   3.88836e-05  
680.926   2.62022e-05  
681.007   1.75327e-05  
681.091   1.1649e-05  
681.171   7.68509e-06  
681.253   5.03406e-06  
681.336   3.27406e-06  
681.417   2.11417e-06  
681.498   1.3554e-06  
681.581   8.6272e-07  
681.663   5.45174e-07  
681.744   3.42024e-07  
681.826   2.13023e-07  
681.909   1.31716e-07  
681.989   8.08515e-08  
682.071   4.92679e-08  
682.154   2.98031e-08  
