673.413   2.81719e-08  
673.495   4.66387e-08  
673.579   7.66453e-08  
673.659   1.25038e-07  
673.74   2.02499e-07  
673.825   3.25564e-07  
673.904   5.19626e-07  
673.986   8.23365e-07  
674.07   1.29523e-06  
674.15   2.02287e-06  
674.232   3.13659e-06  
674.315   4.82862e-06  
674.396   7.38021e-06  
674.477   1.11997e-05  
674.56   1.68749e-05  
674.642   2.52456e-05  
674.723   3.75015e-05  
674.805   5.53149e-05  
674.888   8.10172e-05  
674.968   0.000117832  
675.05   0.000170179  
675.134   0.000244074  
675.214   0.000347624  
675.296   0.000491676  
675.38   0.000690606  
675.459   0.000963308  
675.54   0.00133438  
675.625   0.00183554  
675.705   0.00250732  
675.785   0.00340093  
675.871   0.00458044  
675.95   0.00612501  
676.031   0.00813141  
676.117   0.0107162  
676.196   0.0140181  
676.276   0.0181995  
676.363   0.0234472  
676.441   0.029973  
676.522   0.0380111  
676.608   0.0478153  
676.687   0.0596529  
676.767   0.0737972  
676.854   0.0905162  
676.933   0.11006  
677.013   0.132644  
677.099   0.158435  
677.178   0.18753  
677.258   0.219943  
677.344   0.255588  
677.424   0.294269  
677.504   0.335673  
677.589   0.379371  
677.669   0.424833  
677.75   0.471432  
677.834   0.518475  
677.914   0.565236  
677.996   0.610991  
678.08   0.655043  
678.16   0.696771  
678.241   0.735657  
678.325   0.771316  
678.406   0.803497  
678.487   0.832105  
678.57   0.857179  
678.651   0.878884  
678.732   0.897479  
678.815   0.91329  
678.897   0.926676  
678.978   0.937986  
679.061   0.947548  
679.143   0.955647  
679.223   0.9625  
679.306   0.968274  
679.389   0.973083  
679.469   0.977007  
679.551   0.980104  
679.635   0.982434  
679.715   0.984071  
679.796   0.985103  
679.881   0.985658  
679.96   0.985867  
680.042   0.985878  
680.127   0.985843  
680.206   0.985881  
680.287   0.986079  
680.373   0.986489  
680.451   0.987109  
680.532   0.987897  
680.618   0.988775  
680.697   0.989646  
680.777   0.990405  
680.864   0.990983  
680.942   0.991322  
681.023   0.991406  
681.109   0.991275  
681.188   0.990981  
681.268   0.990633  
681.354   0.990331  
681.433   0.990177  
681.514   0.990252  
681.599   0.990607  
681.679   0.991246  
681.76   0.992112  
681.844   0.993141  
681.925   0.994224  
682.005   0.995277  
682.089   0.996165  
682.17   0.996844  
682.251   0.997257  
682.335   0.997435  
682.416   0.997383  
682.496   0.997195  
682.58   0.99696  
682.662   0.996777  
682.742   0.996713  
682.825   0.996807  
682.907   0.997095  
682.988   0.997495  
683.071   0.997922  
683.153   0.998293  
683.233   0.998436  
683.316   0.998213  
683.399   0.997494  
683.479   0.996164  
683.561   0.994107  
683.645   0.991263  
683.724   0.987564  
683.806   0.982948  
683.891   0.977339  
683.97   0.970604  
684.052   0.962582  
684.137   0.953045  
684.215   0.941705  
684.297   0.928231  
684.382   0.912263  
684.461   0.893435  
684.543   0.871426  
684.628   0.845969  
684.707   0.8169  
684.788   0.784179  
684.873   0.74791  
684.952   0.708346  
685.033   0.665886  
685.118   0.621058  
685.198   0.574497  
685.278   0.52691  
685.364   0.479042  
685.444   0.431632  
685.524   0.385384  
685.609   0.340936  
685.689   0.29883  
685.769   0.259502  
685.854   0.223268  
685.935   0.190326  
686.015   0.160763  
686.099   0.134565  
686.181   0.11163  
686.261   0.0917876  
686.345   0.0748175  
686.426   0.0604646  
686.506   0.0484554  
686.59   0.0385118  
686.672   0.0303615  
686.751   0.0237461  
686.835   0.0184277  
686.918   0.0141909  
686.997   0.010846  
687.081   0.00822812  
687.163   0.00619649  
687.242   0.00463282  
687.326   0.003439  
687.409   0.00253474  
687.488   0.00185512  
687.571   0.00134822  
687.655   0.000973003  
687.734   0.000697325  
687.817   0.000496284  
687.9   0.000350749  
687.979   0.000246167  
688.062   0.000171565  
688.146   0.000118736  
688.225   8.15987e-05  
688.307   5.56832e-05  
688.392   3.77307e-05  
688.47   2.53855e-05  
688.553   1.69586e-05  
688.637   1.12485e-05  
688.716   7.40788e-06  
688.798   4.8437e-06  
688.882   3.1444e-06  
688.962   2.02659e-06  
689.044   1.29675e-06  
689.128   8.23759e-07  
689.208   5.19504e-07  
689.289   3.25249e-07  
689.373   2.0215e-07  
689.453   1.24726e-07  
689.534   7.63931e-08  
689.618   4.64473e-08  
689.699   2.80329e-08  
