874.981   1.02176e-08  
875.076   1.90716e-08  
875.167   3.52018e-08  
875.264   6.4253e-08  
875.358   1.1598e-07  
875.451   2.07037e-07  
875.547   3.65515e-07  
875.638   6.3822e-07  
875.735   1.10221e-06  
875.831   1.8828e-06  
875.921   3.18139e-06  
876.018   5.31774e-06  
876.112   8.79348e-06  
876.206   1.43863e-05  
876.302   2.32879e-05  
876.392   3.73024e-05  
876.489   5.91303e-05  
876.585   9.27673e-05  
876.676   0.000144056  
876.773   0.000221446  
876.866   0.000337016  
876.96   0.000507835  
877.056   0.000757749  
877.146   0.00111968  
877.244   0.00163856  
877.339   0.0023749  
877.43   0.00340919  
877.527   0.004847  
877.62   0.00682475  
877.714   0.00951591  
877.81   0.0131372  
877.9   0.0179544  
877.998   0.024286  
878.093   0.0325047  
878.185   0.0430348  
878.281   0.0563431  
878.374   0.072924  
878.469   0.093275  
878.564   0.117864  
878.655   0.147092  
878.752   0.181242  
878.847   0.220435  
878.939   0.264586  
879.035   0.313364  
879.128   0.366172  
879.223   0.422151  
879.318   0.480207  
879.409   0.539056  
879.506   0.597322  
879.601   0.653615  
879.693   0.706644  
879.789   0.755324  
879.881   0.798861  
879.977   0.836787  
880.072   0.869008  
880.163   0.895775  
880.261   0.917586  
880.355   0.935146  
880.448   0.949234  
880.543   0.960611  
880.635   0.969911  
880.732   0.977627  
880.827   0.984049  
880.918   0.989323  
881.015   0.993459  
881.109   0.996431  
881.202   0.998225  
881.298   0.998887  
881.389   0.998587  
881.486   0.997569  
881.581   0.996175  
881.672   0.99475  
881.769   0.993602  
881.863   0.992953  
881.956   0.992875  
882.052   0.993319  
882.143   0.994084  
882.24   0.994914  
882.335   0.995516  
882.427   0.995645  
882.523   0.995164  
882.617   0.994073  
882.711   0.992487  
882.806   0.990644  
882.898   0.988837  
882.994   0.987337  
883.089   0.986366  
883.181   0.986021  
883.278   0.986253  
883.371   0.986899  
883.465   0.987702  
883.56   0.988363  
883.652   0.988626  
883.749   0.988314  
883.843   0.987377  
883.935   0.985907  
884.032   0.984107  
884.125   0.98226  
884.219   0.980649  
884.314   0.979513  
884.406   0.97898  
884.503   0.97905  
884.597   0.97959  
884.69   0.980359  
884.786   0.981067  
884.879   0.981444  
884.974   0.981291  
885.068   0.980532  
885.161   0.979208  
885.257   0.97749  
885.352   0.975629  
885.444   0.973913  
885.54   0.972605  
885.632   0.971874  
885.728   0.971751  
885.822   0.972143  
885.915   0.972834  
886.011   0.973546  
886.106   0.974001  
886.198   0.973963  
886.294   0.97331  
886.386   0.972056  
886.482   0.970347  
886.577   0.968413  
886.669   0.966547  
886.765   0.965014  
886.86   0.963986  
886.953   0.96353  
887.048   0.96356  
887.14   0.963866  
887.236   0.964126  
887.331   0.964019  
887.424   0.963205  
887.52   0.961449  
887.614   0.958608  
887.707   0.954632  
887.802   0.949544  
887.895   0.943397  
887.991   0.936177  
888.085   0.927763  
888.178   0.917875  
888.274   0.906054  
888.368   0.891683  
888.462   0.87404  
888.556   0.852385  
888.649   0.826056  
888.745   0.794568  
888.839   0.757712  
888.932   0.715592  
889.028   0.668662  
889.122   0.617702  
889.216   0.563759  
889.31   0.508069  
889.404   0.451958  
889.499   0.396738  
889.594   0.343613  
889.686   0.293612  
889.783   0.247528  
889.876   0.205908  
889.97   0.16904  
890.064   0.136985  
890.158   0.109608  
890.254   0.0866226  
890.348   0.0676364  
890.441   0.0521963  
890.537   0.0398255  
890.63   0.0300533  
890.725   0.0224374  
890.819   0.0165781  
890.912   0.0121252  
891.008   0.00878087  
891.102   0.00629733  
891.195   0.00447309  
891.291   0.00314723  
891.383   0.00219351  
891.479   0.00151442  
891.573   0.00103569  
891.667   0.00070157  
891.762   0.000470687  
891.856   0.000312732  
891.949   0.000205751  
892.045   0.000134027  
892.137   8.64314e-05  
892.233   5.51733e-05  
892.327   3.48593e-05  
892.421   2.17968e-05  
892.516   1.34868e-05  
892.61   8.25711e-06  
892.704   5.00167e-06  
892.799   2.99735e-06  
892.891   1.77692e-06  
892.987   1.04202e-06  
893.081   6.04427e-07  
893.175   3.46777e-07  
893.27   1.96777e-07  
893.364   1.10434e-07  
893.458   6.1294e-08  
893.553   3.36443e-08  
893.646   1.82629e-08  
893.742   9.80352e-09  
