767.317   1.3091e-08  
767.433   2.83041e-08  
767.557   6.01928e-08  
767.672   1.2591e-07  
767.798   2.59059e-07  
767.911   5.24292e-07  
768.037   1.04375e-06  
768.15   2.04399e-06  
768.276   3.93771e-06  
768.39   7.46384e-06  
768.514   1.39208e-05  
768.629   2.55475e-05  
768.753   4.61344e-05  
768.869   8.19802e-05  
768.991   0.000143357  
769.109   0.000246706  
769.229   0.000417845  
769.349   0.000696544  
769.468   0.00114287  
769.589   0.00184568  
769.707   0.00293368  
769.829   0.00458908  
769.946   0.00706363  
770.069   0.0106961  
770.185   0.0159292  
770.309   0.0233227  
770.423   0.0335581  
770.549   0.0474294  
770.662   0.065814  
770.788   0.0896164  
770.901   0.119685  
771.026   0.156701  
771.141   0.201054  
771.265   0.252711  
771.381   0.311112  
771.504   0.375117  
771.62   0.44302  
771.742   0.512651  
771.86   0.581586  
771.981   0.647377  
772.1   0.707852  
772.22   0.761371  
772.34   0.807001  
772.458   0.844565  
772.58   0.874585  
772.697   0.898094  
772.82   0.916364  
772.936   0.930651  
773.06   0.941984  
773.175   0.951047  
773.3   0.958196  
773.413   0.963562  
773.538   0.967197  
773.652   0.969241  
773.777   0.969997  
773.892   0.969944  
774.016   0.969647  
774.132   0.969615  
774.254   0.970192  
774.371   0.971438  
774.493   0.973147  
774.612   0.974921  
774.732   0.976337  
774.852   0.977067  
774.971   0.977028  
775.092   0.976398  
775.21   0.975553  
775.332   0.974939  
775.448   0.974931  
775.572   0.975689  
775.687   0.977118  
775.811   0.978864  
775.926   0.980492  
776.05   0.981593  
776.165   0.981936  
776.289   0.981559  
776.403   0.980747  
776.528   0.979936  
776.643   0.979567  
776.767   0.979913  
776.883   0.981021  
777.005   0.982654  
777.123   0.984408  
777.244   0.98583  
777.363   0.986573  
777.483   0.986538  
777.603   0.985901  
777.722   0.985018  
777.843   0.984353  
777.961   0.984296  
778.083   0.985023  
778.2   0.98643  
778.323   0.988185  
778.439   0.989822  
778.562   0.990933  
778.677   0.991292  
778.801   0.990925  
778.916   0.990126  
779.04   0.989354  
779.154   0.989057  
779.279   0.98953  
779.394   0.990788  
779.518   0.992616  
779.634   0.994599  
779.756   0.996272  
779.874   0.997274  
779.995   0.997483  
780.114   0.997034  
780.234   0.996255  
780.355   0.995594  
780.474   0.995422  
780.595   0.995888  
780.713   0.996934  
780.835   0.998233  
780.951   0.999377  
781.075   0.999986  
781.19   0.999819  
781.313   0.998927  
781.428   0.997617  
781.552   0.996304  
781.667   0.995395  
781.791   0.995175  
781.906   0.995673  
782.03   0.996662  
782.145   0.997743  
782.268   0.998487  
782.385   0.99858  
782.507   0.997929  
782.626   0.996715  
782.746   0.995303  
782.866   0.99414  
782.986   0.993572  
783.106   0.993747  
783.225   0.99455  
783.346   0.99564  
783.464   0.99658  
783.586   0.996983  
783.703   0.996646  
783.826   0.995621  
783.941   0.994203  
784.064   0.992803  
784.179   0.991819  
784.303   0.991471  
784.418   0.991722  
784.542   0.992253  
784.657   0.992564  
784.781   0.992086  
784.896   0.990318  
785.02   0.986942  
785.137   0.981785  
785.258   0.974767  
785.377   0.965733  
785.497   0.954303  
785.617   0.939771  
785.737   0.921077  
785.857   0.896933  
785.976   0.866043  
786.098   0.827362  
786.215   0.780366  
786.338   0.725246  
786.454   0.66298  
786.576   0.595275  
786.692   0.524374  
786.815   0.452803  
786.931   0.383071  
787.054   0.317402  
787.169   0.257544  
787.293   0.204659  
787.408   0.159308  
787.532   0.12151  
787.648   0.090851  
787.771   0.0666183  
787.888   0.0479316  
788.01   0.0338559  
788.128   0.023488  
788.249   0.0160125  
788.369   0.0107313  
788.488   0.00707256  
788.609   0.00458519  
788.727   0.00292472  
788.849   0.00183578  
788.967   0.00113398  
789.089   0.000689356  
789.205   0.000412418  
789.327   0.00024281  
789.443   0.00014067  
789.566   8.01892e-05  
789.682   4.49752e-05  
789.805   2.48165e-05  
789.921   1.34705e-05  
790.044   7.1925e-06  
790.159   3.77744e-06  
790.283   1.95126e-06  
790.399   9.91342e-07  
790.522   4.95337e-07  
790.639   2.434e-07  
790.761   1.17614e-07  
790.88   5.58853e-08  
791   2.61109e-08  
791.12   1.19954e-08  
