758.59   1.50211e-08  
758.655   2.24791e-08  
758.72   3.34885e-08  
758.781   4.96656e-08  
758.841   7.33263e-08  
758.906   1.07774e-07  
758.971   1.57695e-07  
759.032   2.29707e-07  
759.091   3.33109e-07  
759.157   4.80903e-07  
759.221   6.91174e-07  
759.283   9.88968e-07  
759.342   1.40877e-06  
759.407   1.99788e-06  
759.472   2.82076e-06  
759.533   3.96495e-06  
759.593   5.54864e-06  
759.658   7.73056e-06  
759.723   1.07231e-05  
759.784   1.48086e-05  
759.843   2.03608e-05  
759.909   2.7872e-05  
759.974   3.79872e-05  
760.035   5.15473e-05  
760.094   6.96433e-05  
760.159   9.36825e-05  
760.224   0.000125473  
760.286   0.000167325  
760.345   0.00022217  
760.41   0.000293721  
760.475   0.000386646  
760.536   0.00050678  
760.595   0.000661393  
760.661   0.000859477  
760.726   0.0011121  
760.787   0.00143281  
760.846   0.00183808  
760.911   0.00234784  
760.977   0.00298602  
761.038   0.00378121  
761.097   0.00476733  
761.162   0.0059843  
761.227   0.00747881  
761.288   0.00930496  
761.347   0.0115251  
761.413   0.0142102  
761.478   0.0174406  
761.539   0.0213059  
761.598   0.0259055  
761.663   0.0313478  
761.728   0.0377501  
761.79   0.0452369  
761.849   0.0539391  
761.914   0.0639902  
761.979   0.075525  
762.04   0.088676  
762.1   0.103568  
762.165   0.120315  
762.23   0.139016  
762.291   0.159746  
762.35   0.182554  
762.415   0.207458  
762.48   0.234437  
762.542   0.263431  
762.601   0.294336  
762.666   0.327003  
762.731   0.361236  
762.792   0.396796  
762.852   0.433407  
762.917   0.470755  
762.982   0.508501  
763.043   0.546285  
763.102   0.583744  
763.168   0.620513  
763.233   0.65625  
763.294   0.690631  
763.353   0.723371  
763.418   0.754237  
763.483   0.783034  
763.545   0.809644  
763.604   0.833991  
763.669   0.856063  
763.734   0.875903  
763.795   0.893592  
763.854   0.909267  
763.92   0.923081  
763.985   0.935217  
764.046   0.945842  
764.105   0.955139  
764.17   0.963268  
764.235   0.970371  
764.297   0.976558  
764.356   0.981946  
764.421   0.986574  
764.486   0.9905  
764.547   0.993748  
764.606   0.996324  
764.672   0.998226  
764.737   0.999441  
764.798   0.999993  
764.857   0.999834  
764.922   0.99899  
764.987   0.99747  
765.049   0.995267  
765.108   0.992413  
765.173   0.98889  
765.238   0.984702  
765.299   0.979829  
765.358   0.974226  
765.424   0.967816  
765.489   0.960513  
765.55   0.952192  
765.609   0.942704  
765.674   0.931895  
765.74   0.919578  
765.801   0.905581  
765.86   0.889732  
765.925   0.871879  
765.99   0.851895  
766.051   0.829697  
766.11   0.805242  
766.176   0.778548  
766.241   0.749688  
766.302   0.718788  
766.361   0.686035  
766.426   0.651672  
766.492   0.615977  
766.553   0.579273  
766.612   0.541907  
766.677   0.504236  
766.742   0.466627  
766.803   0.429433  
766.862   0.392993  
766.928   0.357618  
766.993   0.323584  
767.054   0.291126  
767.113   0.260437  
767.178   0.231665  
767.244   0.204908  
767.305   0.180228  
767.364   0.157638  
767.429   0.137121  
767.494   0.118624  
767.556   0.102068  
767.614   0.0873558  
767.68   0.0743709  
767.745   0.0629878  
767.806   0.0530739  
767.865   0.044495  
767.93   0.0371174  
767.996   0.0308114  
768.057   0.0254532  
768.116   0.0209268  
768.181   0.0171247  
768.246   0.0139485  
768.308   0.0113096  
768.367   0.00912881  
768.432   0.00733568  
768.497   0.00586876  
768.558   0.00467462  
768.617   0.00370727  
768.682   0.00292737  
768.748   0.00230158  
768.809   0.00180179  
768.868   0.00140448  
768.933   0.00109009  
768.998   0.000842448  
769.06   0.000648273  
769.119   0.000496713  
769.184   0.000378952  
769.249   0.000287867  
769.31   0.000217733  
769.369   0.000163974  
769.434   0.000122955  
769.5   9.17972e-05  
769.561   6.82371e-05  
769.62   5.05029e-05  
769.685   3.72144e-05  
769.75   2.73025e-05  
769.812   1.99428e-05  
769.871   1.45029e-05  
769.936   1.05005e-05  
770.001   7.56915e-06  
770.062   5.43201e-06  
770.121   3.88105e-06  
770.186   2.76064e-06  
770.252   1.95497e-06  
770.313   1.37827e-06  
770.372   9.67369e-07  
770.437   6.75947e-07  
770.502   4.70208e-07  
770.564   3.2563e-07  
770.622   2.24497e-07  
770.688   1.54081e-07  
770.753   1.05278e-07  
770.814   7.16095e-08  
770.873   4.84895e-08  
770.938   3.26862e-08  
771.004   2.19341e-08  
771.065   1.46525e-08  
