611.02   3.60665e-08  
611.114   6.37229e-08  
611.209   1.11508e-07  
611.303   1.93262e-07  
611.397   3.31768e-07  
611.491   5.64139e-07  
611.584   9.50209e-07  
611.68   1.58544e-06  
611.772   2.62057e-06  
611.866   4.29119e-06  
611.962   6.96174e-06  
612.055   1.11902e-05  
612.149   1.78219e-05  
612.243   2.81252e-05  
612.336   4.39827e-05  
612.432   6.81609e-05  
612.524   0.000104682  
612.619   0.000159337  
612.714   0.00024037  
612.807   0.000359397  
612.902   0.000532604  
612.996   0.000782295  
613.089   0.00113884  
613.185   0.00164312  
613.277   0.00234943  
613.371   0.00332894  
613.466   0.00467365  
613.56   0.00650066  
613.654   0.00895666  
613.748   0.0122222  
613.841   0.0165151  
613.937   0.0220931  
614.029   0.0292538  
614.123   0.0383322  
614.218   0.0496936  
614.312   0.0637232  
614.406   0.0808095  
614.5   0.101323  
614.593   0.12559  
614.69   0.153861  
614.781   0.186286  
614.875   0.222874  
614.971   0.263477  
615.064   0.307771  
615.158   0.355242  
615.252   0.405207  
615.345   0.456827  
615.442   0.509153  
615.533   0.561183  
615.627   0.611894  
615.723   0.660355  
615.817   0.705738  
615.911   0.747406  
616.004   0.784918  
616.097   0.818066  
616.194   0.846855  
616.286   0.87147  
616.379   0.892241  
616.475   0.909606  
616.569   0.924009  
616.663   0.935912  
616.757   0.94571  
616.85   0.953737  
616.947   0.960254  
617.038   0.965463  
617.132   0.96952  
617.228   0.972553  
617.321   0.974715  
617.416   0.976151  
617.509   0.977047  
617.602   0.977578  
617.699   0.977931  
617.791   0.978264  
617.884   0.978698  
617.98   0.979281  
618.073   0.980019  
618.168   0.980855  
618.261   0.981706  
618.354   0.982457  
618.452   0.983031  
618.543   0.983376  
618.636   0.983484  
618.732   0.983396  
618.826   0.98321  
618.92   0.983024  
619.013   0.982955  
619.106   0.983077  
619.204   0.983431  
619.295   0.984004  
619.388   0.984734  
619.484   0.985524  
619.578   0.986264  
619.673   0.986856  
619.765   0.987229  
619.858   0.987369  
619.956   0.987313  
620.048   0.987136  
620.14   0.986951  
620.237   0.986871  
620.33   0.986992  
620.425   0.98736  
620.517   0.987975  
620.61   0.988787  
620.709   0.989705  
620.8   0.990617  
620.892   0.99141  
620.989   0.992006  
621.082   0.992368  
621.177   0.992516  
621.27   0.992517  
621.363   0.99247  
621.461   0.992485  
621.552   0.992654  
621.644   0.993046  
621.741   0.993668  
621.835   0.994483  
621.93   0.995392  
622.022   0.996299  
622.115   0.997083  
622.214   0.997664  
622.305   0.997999  
622.397   0.998088  
622.494   0.997985  
622.587   0.997804  
622.682   0.997621  
622.774   0.997541  
622.867   0.997621  
622.966   0.997853  
623.057   0.998192  
623.149   0.99851  
623.246   0.998635  
623.339   0.998392  
623.434   0.997578  
623.526   0.996021  
623.619   0.993554  
623.718   0.990041  
623.809   0.985339  
623.901   0.979292  
623.998   0.971693  
624.091   0.962272  
624.186   0.950685  
624.279   0.936505  
624.371   0.91926  
624.47   0.898467  
624.562   0.873673  
624.654   0.844517  
624.75   0.810802  
624.843   0.772504  
624.939   0.729839  
625.031   0.683249  
625.123   0.633401  
625.222   0.581144  
625.314   0.527463  
625.406   0.473404  
625.503   0.420026  
625.595   0.36832  
625.691   0.319164  
625.783   0.273276  
625.876   0.231192  
625.974   0.193259  
626.066   0.159634  
626.158   0.13031  
626.255   0.105137  
626.347   0.0838556  
626.443   0.0661279  
626.536   0.0515708  
626.628   0.0397819  
626.726   0.0303616  
626.819   0.0229308  
626.911   0.0171422  
627.007   0.012687  
627.099   0.00929786  
627.196   0.00674871  
627.288   0.00485225  
627.38   0.00345634  
627.478   0.00243945  
627.571   0.00170613  
627.663   0.00118253  
627.759   0.000812298  
627.852   0.000553014  
627.948   0.000373149  
628.041   0.000249548  
628.132   0.000165403  
628.231   0.000108653  
628.323   7.07347e-05  
628.416   4.56352e-05  
628.512   2.91759e-05  
628.604   1.84835e-05  
628.7   1.16027e-05  
628.793   7.21652e-06  
628.884   4.44705e-06  
628.983   2.715e-06  
629.076   1.64211e-06  
629.168   9.83897e-07  
629.264   5.83976e-07  
629.356   3.43339e-07  
629.453   1.99947e-07  
629.546   1.15334e-07  
629.637   6.58924e-08  
629.735   3.72852e-08  
