655.867   3.00458e-08  
655.962   5.34028e-08  
656.056   9.40084e-08  
656.149   1.63909e-07  
656.243   2.83066e-07  
656.339   4.84211e-07  
656.433   8.20454e-07  
656.526   1.37709e-06  
656.62   2.28969e-06  
656.716   3.77144e-06  
656.81   6.15421e-06  
656.903   9.94915e-06  
656.997   1.59356e-05  
657.093   2.5289e-05  
657.187   3.97645e-05  
657.28   6.1955e-05  
657.374   9.56509e-05  
657.469   0.000146336  
657.564   0.000221858  
657.657   0.000333326  
657.75   0.000496299  
657.847   0.000732312  
657.941   0.00107084  
658.034   0.00155174  
658.128   0.00222821  
658.223   0.00317035  
658.318   0.00446921  
658.411   0.00624135  
658.504   0.00863347  
658.601   0.0118273  
658.695   0.0160433  
658.787   0.0215437  
658.882   0.0286334  
658.977   0.0376572  
659.073   0.0489938  
659.165   0.0630447  
659.258   0.0802172  
659.354   0.100902  
659.449   0.125446  
659.541   0.154119  
659.636   0.18708  
659.731   0.224347  
659.827   0.265763  
659.919   0.310984  
660.012   0.359466  
660.108   0.410478  
660.203   0.46313  
660.295   0.516408  
660.389   0.569239  
660.484   0.620561  
660.581   0.669387  
660.673   0.714876  
660.765   0.756383  
660.862   0.793499  
660.956   0.826059  
661.05   0.854122  
661.143   0.877955  
661.238   0.897959  
661.335   0.914619  
661.427   0.928437  
661.519   0.939891  
661.616   0.949378  
661.71   0.957212  
661.804   0.963625  
661.897   0.968778  
661.992   0.972786  
662.089   0.97576  
662.181   0.977832  
662.273   0.979152  
662.37   0.979917  
662.464   0.980339  
662.558   0.980624  
662.651   0.980954  
662.745   0.981449  
662.842   0.982183  
662.935   0.983118  
663.027   0.984179  
663.123   0.985247  
663.218   0.986191  
663.312   0.986897  
663.405   0.987291  
663.499   0.987396  
663.596   0.987267  
663.689   0.987011  
663.781   0.986776  
663.877   0.986694  
663.971   0.986872  
664.066   0.987349  
664.159   0.988108  
664.253   0.989056  
664.35   0.990064  
664.443   0.990997  
664.535   0.991724  
664.631   0.992165  
664.725   0.992287  
664.821   0.992142  
664.913   0.991829  
665.006   0.991484  
665.104   0.99125  
665.197   0.991232  
665.289   0.991493  
665.385   0.992025  
665.479   0.992768  
665.575   0.993595  
665.667   0.994357  
665.76   0.99493  
665.857   0.995222  
665.951   0.995198  
666.043   0.994895  
666.138   0.994416  
666.233   0.993897  
666.329   0.993495  
666.421   0.993322  
666.513   0.993475  
666.611   0.993963  
666.705   0.994738  
666.797   0.995668  
666.892   0.996626  
666.986   0.997449  
667.083   0.998019  
667.175   0.998283  
667.267   0.998244  
667.365   0.997965  
667.458   0.997557  
667.551   0.997193  
667.646   0.996968  
667.74   0.99699  
667.837   0.997257  
667.929   0.997711  
668.02   0.998217  
668.119   0.998582  
668.212   0.998587  
668.306   0.99801  
668.399   0.996661  
668.494   0.994376  
668.591   0.991033  
668.683   0.986536  
668.774   0.980758  
668.873   0.973552  
668.966   0.964678  
669.06   0.953812  
669.153   0.940525  
669.247   0.924321  
669.345   0.904655  
669.437   0.880999  
669.528   0.852915  
669.627   0.820104  
669.72   0.782483  
669.814   0.740204  
669.907   0.693678  
670.001   0.643576  
670.099   0.590763  
670.191   0.536275  
670.282   0.481219  
670.38   0.426727  
670.474   0.37386  
670.568   0.323564  
670.661   0.276609  
670.755   0.233574  
670.853   0.194828  
670.945   0.160541  
671.036   0.130703  
671.134   0.105153  
671.227   0.0836138  
671.323   0.0657276  
671.415   0.0510894  
671.508   0.0392763  
671.607   0.0298712  
671.699   0.0224802  
671.79   0.0167447  
671.888   0.0123475  
671.981   0.00901551  
672.077   0.00651918  
672.169   0.00466934  
672.262   0.00331312  
672.361   0.0023291  
672.453   0.00162234  
672.544   0.00111977  
672.641   0.000765889  
672.735   0.000519115  
672.831   0.000348678  
672.923   0.000232085  
673.016   0.000153081  
673.114   0.000100055  
673.207   6.48016e-05  
673.299   4.15858e-05  
673.395   2.64425e-05  
673.489   1.66587e-05  
673.585   1.03979e-05  
673.677   6.42981e-06  
673.769   3.939e-06  
673.868   2.39052e-06  
673.961   1.43716e-06  
674.053   8.55872e-07  
674.149   5.04883e-07  
674.242   2.9501e-07  
674.339   1.70738e-07  
674.431   9.78711e-08  
674.523   5.55642e-08  
674.622   3.1242e-08  
