/* US standard atmosphere 1976 (AFGL-TR-86-0110)
Column 1: Height above sea level [m]
Column 2: Number concentration [1/m3] */
0.00e+00 2.546e+25
1.00e+03 2.311e+25
2.00e+03 2.092e+25
3.00e+03 1.890e+25
4.00e+03 1.703e+25
5.00e+03 1.531e+25
6.00e+03 1.372e+25
7.00e+03 1.227e+25
8.00e+03 1.093e+25
9.00e+03 9.712e+24
1.00e+04 8.595e+24
1.10e+04 7.584e+24
1.20e+04 6.484e+24
1.30e+04 5.542e+24
1.40e+04 4.736e+24
1.50e+04 4.048e+24
1.60e+04 3.459e+24
1.70e+04 2.958e+24
1.80e+04 2.528e+24
1.90e+04 2.162e+24
2.00e+04 1.848e+24
2.10e+04 1.574e+24
2.20e+04 1.341e+24
2.30e+04 1.143e+24
2.40e+04 9.758e+23
2.50e+04 8.331e+23
2.75e+04 5.636e+23
3.00e+04 3.828e+23
3.25e+04 2.522e+23
3.50e+04 1.760e+23
3.75e+04 1.237e+23
4.00e+04 8.304e+22
4.25e+04 5.799e+22
4.50e+04 4.087e+22
4.75e+04 2.917e+22
5.00e+04 2.135e+22
5.50e+04 1.180e+22
6.00e+04 6.422e+21
6.50e+04 3.384e+21
7.00e+04 1.722e+21
7.50e+04 8.341e+20
8.00e+04 3.829e+20
8.50e+04 1.710e+20
9.00e+04 7.131e+19
9.50e+04 2.922e+19
1.00e+05 1.188e+19
1.05e+05 5.030e+18
1.10e+05 2.143e+18
1.15e+05 9.681e+17
1.20e+05 5.110e+17
