/* US standard atmosphere 1976 (AFGL-TR-86-0110)
Column 1: Height above sea level [m]
Column 2: Number concentration [1/m3] */
0.00e+00 8.408e+21
1.00e+03 7.633e+21
2.00e+03 6.910e+21
3.00e+03 6.240e+21
4.00e+03 5.623e+21
5.00e+03 5.056e+21
6.00e+03 4.531e+21
7.00e+03 4.052e+21
8.00e+03 3.610e+21
9.00e+03 3.207e+21
1.00e+04 2.839e+21
1.10e+04 2.504e+21
1.20e+04 2.141e+21
1.30e+04 1.830e+21
1.40e+04 1.564e+21
1.50e+04 1.336e+21
1.60e+04 1.142e+21
1.70e+04 9.768e+20
1.80e+04 8.349e+20
1.90e+04 7.138e+20
2.00e+04 6.102e+20
2.10e+04 5.198e+20
2.20e+04 4.429e+20
2.30e+04 3.775e+20
2.40e+04 3.222e+20
2.50e+04 2.751e+20
2.75e+04 1.861e+20
3.00e+04 1.264e+20
3.25e+04 8.329e+19
3.50e+04 5.811e+19
3.75e+04 4.085e+19
4.00e+04 2.742e+19
4.25e+04 1.915e+19
4.50e+04 1.350e+19
4.75e+04 9.636e+18
5.00e+04 7.049e+18
5.50e+04 3.897e+18
6.00e+04 2.121e+18
6.50e+04 1.117e+18
7.00e+04 5.686e+17
7.50e+04 2.755e+17
8.00e+04 1.257e+17
8.50e+04 5.475e+16
9.00e+04 2.212e+16
9.50e+04 7.895e+15
1.00e+05 2.319e+15
1.05e+05 5.536e+14
1.10e+05 1.286e+14
1.15e+05 3.875e+13
1.20e+05 1.790e+13
