/* US standard atmosphere 1976 (AFGL-TR-86-0110)
Column 1: Height above sea level [m]
Column 2: Number concentration [1/m3] */
0.00e+00 6.778e+17
1.00e+03 6.779e+17
2.00e+03 6.778e+17
3.00e+03 6.274e+17
4.00e+03 5.771e+17
5.00e+03 5.773e+17
6.00e+03 5.646e+17
7.00e+03 6.151e+17
8.00e+03 6.527e+17
9.00e+03 8.910e+17
1.00e+04 1.129e+18
1.10e+04 1.631e+18
1.20e+04 2.008e+18
1.30e+04 2.133e+18
1.40e+04 2.384e+18
1.50e+04 2.635e+18
1.60e+04 3.012e+18
1.70e+04 3.514e+18
1.80e+04 4.015e+18
1.90e+04 4.391e+18
2.00e+04 4.769e+18
2.10e+04 4.769e+18
2.20e+04 4.894e+18
2.30e+04 4.768e+18
2.40e+04 4.518e+18
2.50e+04 4.267e+18
2.75e+04 3.273e+18
3.00e+04 2.510e+18
3.25e+04 1.861e+18
3.50e+04 1.380e+18
3.75e+04 9.656e+17
4.00e+04 6.066e+17
4.25e+04 3.598e+17
4.50e+04 2.147e+17
4.75e+04 1.197e+17
5.00e+04 6.622e+16
5.50e+04 2.126e+16
6.00e+04 7.069e+15
6.50e+04 2.370e+15
7.00e+04 5.169e+14
7.50e+04 2.087e+14
8.00e+04 1.150e+14
8.50e+04 8.555e+13
9.00e+04 4.995e+13
9.50e+04 2.047e+13
1.00e+05 4.756e+12
1.05e+05 1.007e+12
1.10e+05 1.072e+11
1.15e+05 4.844e+09
1.20e+05 2.557e+08
