/* US standard atmosphere 1976 (AFGL-TR-86-0110)
Column 1: Height above sea level [m]
Column 2: Temperature [K] */
0.00e+00 2.882e+02
1.00e+03 2.817e+02
2.00e+03 2.752e+02
3.00e+03 2.687e+02
4.00e+03 2.622e+02
5.00e+03 2.557e+02
6.00e+03 2.492e+02
7.00e+03 2.427e+02
8.00e+03 2.362e+02
9.00e+03 2.297e+02
1.00e+04 2.233e+02
1.10e+04 2.168e+02
1.20e+04 2.167e+02
1.30e+04 2.167e+02
1.40e+04 2.167e+02
1.50e+04 2.167e+02
1.60e+04 2.167e+02
1.70e+04 2.167e+02
1.80e+04 2.167e+02
1.90e+04 2.167e+02
2.00e+04 2.167e+02
2.10e+04 2.176e+02
2.20e+04 2.186e+02
2.30e+04 2.196e+02
2.40e+04 2.206e+02
2.50e+04 2.216e+02
2.75e+04 2.240e+02
3.00e+04 2.265e+02
3.25e+04 2.300e+02
3.50e+04 2.365e+02
3.75e+04 2.429e+02
4.00e+04 2.504e+02
4.25e+04 2.573e+02
4.50e+04 2.642e+02
4.75e+04 2.706e+02
5.00e+04 2.707e+02
5.50e+04 2.608e+02
6.00e+04 2.470e+02
6.50e+04 2.333e+02
7.00e+04 2.196e+02
7.50e+04 2.084e+02
8.00e+04 1.986e+02
8.50e+04 1.889e+02
9.00e+04 1.869e+02
9.50e+04 1.884e+02
1.00e+05 1.951e+02
1.05e+05 2.088e+02
1.10e+05 2.400e+02
1.15e+05 3.000e+02
1.20e+05 3.600e+02
