/*
Absorption cross section of a ozone molecule at T = 273 K. Adapted from:

Burrows, J.P., Richter, A., Dehn, A., Deters, B., Himmelmann, S.,
Voigt, S. and Orphal, J., 1999. Atmospheric remote-sensing reference
data from GOME—2. Temperature-dependent absorption cross sections of
O3 in the 231–794 nm range. Journal of quantitative spectroscopy and
radiative transfer, 61(4), pp.509-517.

Column 1: wavelength [m]
Column 2: cross section [m^2]
*/

2.30864e-07 5.74225e-24
2.3099e-07 5.09479e-22
2.31117e-07 5.04047e-22
2.31243e-07 4.98547e-22
2.3137e-07 5.21784e-22
2.31496e-07 4.96829e-22
2.31622e-07 5.16386e-22
2.31748e-07 5.09855e-22
2.31875e-07 5.30979e-22
2.32001e-07 5.44608e-22
2.32127e-07 5.32923e-22
2.32253e-07 5.53769e-22
2.32378e-07 5.54254e-22
2.32504e-07 5.4321e-22
2.3263e-07 5.47602e-22
2.32756e-07 5.7639e-22
2.32881e-07 5.68283e-22
2.33007e-07 5.4781e-22
2.33132e-07 5.61401e-22
2.33258e-07 5.63766e-22
2.33383e-07 5.65935e-22
2.33508e-07 5.71294e-22
2.33633e-07 5.7399e-22
2.33758e-07 5.78974e-22
2.33883e-07 5.80979e-22
2.34008e-07 5.86791e-22
2.34133e-07 5.92909e-22
2.34258e-07 5.98747e-22
2.34383e-07 6.06092e-22
2.34508e-07 6.12702e-22
2.34632e-07 6.18202e-22
2.34757e-07 6.222e-22
2.34881e-07 6.25744e-22
2.35006e-07 6.28111e-22
2.3513e-07 6.29869e-22
2.35255e-07 6.32134e-22
2.35379e-07 6.36354e-22
2.35503e-07 6.41422e-22
2.35627e-07 6.47265e-22
2.35751e-07 6.54096e-22
2.35875e-07 6.60086e-22
2.35999e-07 6.67621e-22
2.36123e-07 6.74041e-22
2.36247e-07 6.7829e-22
2.36371e-07 6.81915e-22
2.36494e-07 6.84866e-22
2.36618e-07 6.88543e-22
2.36742e-07 6.9267e-22
2.36865e-07 6.97905e-22
2.36988e-07 7.03739e-22
2.37112e-07 7.09017e-22
2.37235e-07 7.13899e-22
2.37358e-07 7.18099e-22
2.37482e-07 7.22194e-22
2.37605e-07 7.26703e-22
2.37728e-07 7.31482e-22
2.37851e-07 7.364e-22
2.37974e-07 7.41396e-22
2.38097e-07 7.4678e-22
2.38219e-07 7.51946e-22
2.38342e-07 7.56525e-22
2.38465e-07 7.61102e-22
2.38588e-07 7.65154e-22
2.3871e-07 7.68837e-22
2.38833e-07 7.71267e-22
2.38955e-07 7.73812e-22
2.39078e-07 7.78822e-22
2.392e-07 7.83955e-22
2.39322e-07 7.90547e-22
2.39444e-07 7.9836e-22
2.39567e-07 8.05799e-22
2.39689e-07 8.13378e-22
2.39811e-07 8.19664e-22
2.39933e-07 8.24213e-22
2.40055e-07 8.27129e-22
2.40176e-07 8.28768e-22
2.40298e-07 8.29342e-22
2.4042e-07 8.3098e-22
2.40542e-07 8.34288e-22
2.40663e-07 8.38886e-22
2.40785e-07 8.44071e-22
2.40907e-07 8.4948e-22
2.41028e-07 8.54284e-22
2.41149e-07 8.59765e-22
2.41271e-07 8.65323e-22
2.41392e-07 8.72144e-22
2.41513e-07 8.78642e-22
2.41635e-07 8.83769e-22
2.41756e-07 8.86893e-22
2.41877e-07 8.88618e-22
2.41998e-07 8.90496e-22
2.42119e-07 8.93803e-22
2.4224e-07 8.97638e-22
2.4236e-07 9.01704e-22
2.42481e-07 9.05163e-22
2.42602e-07 9.08202e-22
2.42723e-07 9.11704e-22
2.42843e-07 9.16421e-22
2.42964e-07 9.22341e-22
2.43084e-07 9.2808e-22
2.43205e-07 9.33521e-22
2.43325e-07 9.39135e-22
2.43446e-07 9.44538e-22
2.43566e-07 9.50024e-22
2.43686e-07 9.55271e-22
2.43806e-07 9.60273e-22
2.43927e-07 9.63592e-22
2.44047e-07 9.65435e-22
2.44167e-07 9.66255e-22
2.44287e-07 9.66245e-22
2.44407e-07 9.67154e-22
2.44526e-07 9.68213e-22
2.44646e-07 9.686e-22
2.44766e-07 9.69911e-22
2.44886e-07 9.73611e-22
2.45005e-07 9.80595e-22
2.45125e-07 9.9015e-22
2.45245e-07 1.00052e-21
2.45364e-07 1.00866e-21
2.45483e-07 1.01492e-21
2.45603e-07 1.01938e-21
2.45722e-07 1.02263e-21
2.45842e-07 1.02415e-21
2.45961e-07 1.0253e-21
2.4608e-07 1.02597e-21
2.46199e-07 1.02635e-21
2.46318e-07 1.02559e-21
2.46437e-07 1.02517e-21
2.46556e-07 1.0256e-21
2.46675e-07 1.02662e-21
2.46794e-07 1.02861e-21
2.46913e-07 1.03222e-21
2.47032e-07 1.03788e-21
2.47151e-07 1.04475e-21
2.47269e-07 1.05086e-21
2.47388e-07 1.05584e-21
2.47506e-07 1.05937e-21
2.47625e-07 1.06315e-21
2.47744e-07 1.06609e-21
2.47862e-07 1.06739e-21
2.4798e-07 1.06515e-21
2.48099e-07 1.06309e-21
2.48217e-07 1.06191e-21
2.48335e-07 1.06357e-21
2.48454e-07 1.06778e-21
2.48572e-07 1.07515e-21
2.4869e-07 1.08396e-21
2.48808e-07 1.09281e-21
2.48926e-07 1.09965e-21
2.49044e-07 1.10301e-21
2.49162e-07 1.1038e-21
2.4928e-07 1.10188e-21
2.49398e-07 1.1008e-21
2.49515e-07 1.10188e-21
2.49633e-07 1.10513e-21
2.49751e-07 1.10922e-21
2.49868e-07 1.11294e-21
2.49986e-07 1.11476e-21
2.50104e-07 1.11452e-21
2.50221e-07 1.11208e-21
2.50339e-07 1.1084e-21
2.50456e-07 1.1053e-21
2.50573e-07 1.10254e-21
2.50691e-07 1.10227e-21
2.50808e-07 1.10231e-21
2.50925e-07 1.10446e-21
2.51042e-07 1.10645e-21
2.51159e-07 1.1091e-21
2.51277e-07 1.11393e-21
2.51394e-07 1.12284e-21
2.51511e-07 1.13411e-21
2.51628e-07 1.14478e-21
2.51744e-07 1.15081e-21
2.51861e-07 1.15197e-21
2.51978e-07 1.14977e-21
2.52095e-07 1.14593e-21
2.52212e-07 1.14164e-21
2.52328e-07 1.13722e-21
2.52445e-07 1.13247e-21
2.52562e-07 1.129e-21
2.52678e-07 1.12732e-21
2.52795e-07 1.12706e-21
2.52911e-07 1.12934e-21
2.53028e-07 1.13191e-21
2.53144e-07 1.13384e-21
2.5326e-07 1.13624e-21
2.53377e-07 1.13997e-21
2.53493e-07 1.14433e-21
2.53609e-07 1.14819e-21
2.53725e-07 1.15003e-21
2.53842e-07 1.151e-21
2.53958e-07 1.15185e-21
2.54074e-07 1.15071e-21
2.5419e-07 1.14783e-21
2.54306e-07 1.1426e-21
2.54422e-07 1.13684e-21
2.54538e-07 1.13178e-21
2.54653e-07 1.13034e-21
2.54769e-07 1.13285e-21
2.54885e-07 1.13893e-21
2.55001e-07 1.14759e-21
2.55116e-07 1.15673e-21
2.55232e-07 1.1654e-21
2.55348e-07 1.16995e-21
2.55463e-07 1.16906e-21
2.55579e-07 1.16521e-21
2.55694e-07 1.16054e-21
2.5581e-07 1.15525e-21
2.55925e-07 1.15048e-21
2.5604e-07 1.14584e-21
2.56156e-07 1.14079e-21
2.56271e-07 1.13496e-21
2.56386e-07 1.12852e-21
2.56502e-07 1.12274e-21
2.56617e-07 1.11901e-21
2.56732e-07 1.11864e-21
2.56847e-07 1.12113e-21
2.56962e-07 1.12535e-21
2.57077e-07 1.12955e-21
2.57192e-07 1.13106e-21
2.57307e-07 1.12939e-21
2.57422e-07 1.12493e-21
2.57537e-07 1.12092e-21
2.57652e-07 1.11759e-21
2.57766e-07 1.11616e-21
2.57881e-07 1.11486e-21
2.57996e-07 1.11381e-21
2.58111e-07 1.11521e-21
2.58225e-07 1.12005e-21
2.5834e-07 1.12895e-21
2.58454e-07 1.13918e-21
2.58569e-07 1.14783e-21
2.58683e-07 1.15257e-21
2.58798e-07 1.15231e-21
2.58912e-07 1.14811e-21
2.59027e-07 1.14068e-21
2.59141e-07 1.12937e-21
2.59255e-07 1.1155e-21
2.5937e-07 1.10104e-21
2.59484e-07 1.08753e-21
2.59598e-07 1.07699e-21
2.59712e-07 1.07019e-21
2.59826e-07 1.06657e-21
2.59941e-07 1.06641e-21
2.60055e-07 1.07048e-21
2.60169e-07 1.07817e-21
2.60283e-07 1.08814e-21
2.60397e-07 1.09748e-21
2.60511e-07 1.1048e-21
2.60624e-07 1.10861e-21
2.60738e-07 1.10809e-21
2.60852e-07 1.10295e-21
2.60966e-07 1.09424e-21
2.6108e-07 1.08318e-21
2.61193e-07 1.07185e-21
2.61307e-07 1.06156e-21
2.61421e-07 1.05296e-21
2.61534e-07 1.04782e-21
2.61648e-07 1.04539e-21
2.61762e-07 1.04461e-21
2.61875e-07 1.0456e-21
2.61989e-07 1.04743e-21
2.62102e-07 1.05025e-21
2.62215e-07 1.05402e-21
2.62329e-07 1.05849e-21
2.62442e-07 1.06065e-21
2.62556e-07 1.05862e-21
2.62669e-07 1.05172e-21
2.62782e-07 1.04148e-21
2.62895e-07 1.02935e-21
2.63009e-07 1.01733e-21
2.63122e-07 1.00609e-21
2.63235e-07 9.98279e-22
2.63348e-07 9.92643e-22
2.63461e-07 9.87905e-22
2.63574e-07 9.85712e-22
2.63687e-07 9.86424e-22
2.638e-07 9.89324e-22
2.63913e-07 9.93162e-22
2.64026e-07 9.9715e-22
2.64139e-07 9.99996e-22
2.64252e-07 1.00241e-21
2.64364e-07 1.00343e-21
2.64477e-07 1.00325e-21
2.6459e-07 9.99547e-22
2.64703e-07 9.91769e-22
2.64815e-07 9.80619e-22
2.64928e-07 9.67925e-22
2.65041e-07 9.57647e-22
2.65153e-07 9.5242e-22
2.65266e-07 9.52413e-22
2.65378e-07 9.5493e-22
2.65491e-07 9.57232e-22
2.65603e-07 9.5742e-22
2.65716e-07 9.56216e-22
2.65828e-07 9.52868e-22
2.65941e-07 9.47575e-22
2.66053e-07 9.40379e-22
2.66165e-07 9.32513e-22
2.66278e-07 9.26537e-22
2.6639e-07 9.2239e-22
2.66502e-07 9.17771e-22
2.66614e-07 9.11853e-22
2.66727e-07 9.03702e-22
2.66839e-07 8.92869e-22
2.66951e-07 8.8216e-22
2.67063e-07 8.74452e-22
2.67175e-07 8.71736e-22
2.67287e-07 8.74634e-22
2.67399e-07 8.80996e-22
2.67511e-07 8.86704e-22
2.67623e-07 8.88637e-22
2.67735e-07 8.86796e-22
2.67847e-07 8.81663e-22
2.67959e-07 8.74781e-22
2.68071e-07 8.66659e-22
2.68183e-07 8.57689e-22
2.68295e-07 8.48607e-22
2.68406e-07 8.3935e-22
2.68518e-07 8.30973e-22
2.6863e-07 8.24656e-22
2.68741e-07 8.19334e-22
2.68853e-07 8.14141e-22
2.68965e-07 8.0806e-22
2.69076e-07 8.01983e-22
2.69188e-07 7.98121e-22
2.693e-07 7.98205e-22
2.69411e-07 8.0183e-22
2.69523e-07 8.0744e-22
2.69634e-07 8.12422e-22
2.69746e-07 8.13476e-22
2.69857e-07 8.09944e-22
2.69969e-07 8.02332e-22
2.7008e-07 7.93804e-22
2.70191e-07 7.848e-22
2.70303e-07 7.76777e-22
2.70414e-07 7.68934e-22
2.70525e-07 7.61024e-22
2.70637e-07 7.53934e-22
2.70748e-07 7.48087e-22
2.70859e-07 7.43051e-22
2.7097e-07 7.39461e-22
2.71081e-07 7.3615e-22
2.71193e-07 7.32625e-22
2.71304e-07 7.28197e-22
2.71415e-07 7.24813e-22
2.71526e-07 7.224e-22
2.71637e-07 7.21042e-22
2.71748e-07 7.20505e-22
2.71859e-07 7.19451e-22
2.7197e-07 7.16431e-22
2.72081e-07 7.10692e-22
2.72192e-07 7.03032e-22
2.72303e-07 6.9572e-22
2.72414e-07 6.90586e-22
2.72524e-07 6.86668e-22
2.72635e-07 6.82057e-22
2.72746e-07 6.76512e-22
2.72857e-07 6.71202e-22
2.72968e-07 6.67121e-22
2.73079e-07 6.65053e-22
2.73189e-07 6.62646e-22
2.733e-07 6.58333e-22
2.73411e-07 6.51985e-22
2.73521e-07 6.44943e-22
2.73632e-07 6.37942e-22
2.73742e-07 6.31428e-22
2.73853e-07 6.2459e-22
2.73964e-07 6.17771e-22
2.74074e-07 6.10275e-22
2.74185e-07 6.02523e-22
2.74295e-07 5.96379e-22
2.74406e-07 5.92759e-22
2.74516e-07 5.92418e-22
2.74627e-07 5.9371e-22
2.74737e-07 5.94458e-22
2.74848e-07 5.93708e-22
2.74958e-07 5.91203e-22
2.75068e-07 5.86698e-22
2.75179e-07 5.81156e-22
2.75289e-07 5.75365e-22
2.75399e-07 5.69335e-22
2.7551e-07 5.63159e-22
2.7562e-07 5.57081e-22
2.7573e-07 5.5101e-22
2.7584e-07 5.4585e-22
2.7595e-07 5.42024e-22
2.76061e-07 5.40151e-22
2.76171e-07 5.39054e-22
2.76281e-07 5.36456e-22
2.76391e-07 5.31652e-22
2.76501e-07 5.25481e-22
2.76611e-07 5.19609e-22
2.76721e-07 5.15461e-22
2.76831e-07 5.11969e-22
2.76941e-07 5.0851e-22
2.77051e-07 5.05344e-22
2.77161e-07 5.03213e-22
2.77271e-07 5.01143e-22
2.77381e-07 4.98698e-22
2.77491e-07 4.95058e-22
2.77601e-07 4.89876e-22
2.77711e-07 4.83742e-22
2.77821e-07 4.77456e-22
2.77931e-07 4.71534e-22
2.7804e-07 4.66438e-22
2.7815e-07 4.62204e-22
2.7826e-07 4.58759e-22
2.7837e-07 4.55719e-22
2.7848e-07 4.52579e-22
2.78589e-07 4.49161e-22
2.78699e-07 4.45377e-22
2.78809e-07 4.41486e-22
2.78918e-07 4.36456e-22
2.79028e-07 4.31354e-22
2.79138e-07 4.26172e-22
2.79247e-07 4.21967e-22
2.79357e-07 4.18804e-22
2.79467e-07 4.16734e-22
2.79576e-07 4.15167e-22
2.79686e-07 4.13607e-22
2.79795e-07 4.11623e-22
2.79905e-07 4.08787e-22
2.80014e-07 4.04506e-22
2.80124e-07 3.98482e-22
2.80233e-07 3.91749e-22
2.80343e-07 3.85349e-22
2.80452e-07 3.80337e-22
2.80562e-07 3.76475e-22
2.80671e-07 3.73262e-22
2.80781e-07 3.70901e-22
2.8089e-07 3.69294e-22
2.80999e-07 3.67919e-22
2.81109e-07 3.65336e-22
2.81218e-07 3.61319e-22
2.81327e-07 3.55536e-22
2.81436e-07 3.49156e-22
2.81546e-07 3.42689e-22
2.81655e-07 3.37388e-22
2.81764e-07 3.32881e-22
2.81874e-07 3.29302e-22
2.81983e-07 3.26842e-22
2.82092e-07 3.25164e-22
2.82201e-07 3.24046e-22
2.8231e-07 3.22515e-22
2.82419e-07 3.19948e-22
2.82529e-07 3.16741e-22
2.82638e-07 3.12389e-22
2.82747e-07 3.08592e-22
2.82856e-07 3.05667e-22
2.82965e-07 3.0365e-22
2.83074e-07 3.02664e-22
2.83184e-07 3.02674e-22
2.83293e-07 3.03147e-22
2.83402e-07 3.02811e-22
2.83511e-07 3.00268e-22
2.8362e-07 2.95579e-22
2.83729e-07 2.89794e-22
2.83838e-07 2.83897e-22
2.83947e-07 2.78114e-22
2.84056e-07 2.72869e-22
2.84165e-07 2.68756e-22
2.84273e-07 2.65932e-22
2.84382e-07 2.63951e-22
2.84491e-07 2.61905e-22
2.846e-07 2.59305e-22
2.84709e-07 2.56732e-22
2.84818e-07 2.54366e-22
2.84927e-07 2.51707e-22
2.85036e-07 2.48401e-22
2.85144e-07 2.44425e-22
2.85253e-07 2.40238e-22
2.85362e-07 2.36305e-22
2.85471e-07 2.33159e-22
2.8558e-07 2.31162e-22
2.85688e-07 2.29965e-22
2.85797e-07 2.29034e-22
2.85906e-07 2.27758e-22
2.86015e-07 2.25869e-22
2.86123e-07 2.23543e-22
2.86232e-07 2.20982e-22
2.86341e-07 2.18305e-22
2.86449e-07 2.15437e-22
2.86558e-07 2.12562e-22
2.86667e-07 2.09717e-22
2.86775e-07 2.07174e-22
2.86884e-07 2.05078e-22
2.86992e-07 2.03505e-22
2.87101e-07 2.02044e-22
2.8721e-07 2.00377e-22
2.87318e-07 1.9829e-22
2.87427e-07 1.95554e-22
2.87535e-07 1.92057e-22
2.87644e-07 1.88192e-22
2.87752e-07 1.84397e-22
2.87861e-07 1.80964e-22
2.87969e-07 1.77945e-22
2.88078e-07 1.7542e-22
2.88186e-07 1.73185e-22
2.88295e-07 1.71064e-22
2.88403e-07 1.69285e-22
2.88512e-07 1.67728e-22
2.8862e-07 1.66163e-22
2.88729e-07 1.64415e-22
2.88837e-07 1.62441e-22
2.88945e-07 1.60309e-22
2.89054e-07 1.5826e-22
2.89162e-07 1.56376e-22
2.8927e-07 1.54459e-22
2.89379e-07 1.52459e-22
2.89487e-07 1.50299e-22
2.89596e-07 1.4805e-22
2.89704e-07 1.45946e-22
2.89812e-07 1.44257e-22
2.89921e-07 1.42858e-22
2.90029e-07 1.41562e-22
2.90114e-07 1.40494e-22
2.90214e-07 1.38915e-22
2.90314e-07 1.37535e-22
2.90414e-07 1.36377e-22
2.90514e-07 1.35312e-22
2.90614e-07 1.34223e-22
2.90714e-07 1.32862e-22
2.90814e-07 1.3136e-22
2.90914e-07 1.29821e-22
2.91014e-07 1.28162e-22
2.91114e-07 1.26392e-22
2.91214e-07 1.24538e-22
2.91314e-07 1.22651e-22
2.91414e-07 1.20682e-22
2.91514e-07 1.18625e-22
2.91614e-07 1.16535e-22
2.91714e-07 1.14495e-22
2.91814e-07 1.1286e-22
2.91914e-07 1.1152e-22
2.92014e-07 1.10202e-22
2.92114e-07 1.08948e-22
2.92215e-07 1.07639e-22
2.92315e-07 1.0649e-22
2.92415e-07 1.05634e-22
2.92515e-07 1.04894e-22
2.92615e-07 1.04189e-22
2.92715e-07 1.03362e-22
2.92815e-07 1.02341e-22
2.92915e-07 1.01096e-22
2.93015e-07 9.96754e-23
2.93115e-07 9.82101e-23
2.93215e-07 9.67072e-23
2.93315e-07 9.52169e-23
2.93415e-07 9.36567e-23
2.93515e-07 9.20683e-23
2.93615e-07 9.05964e-23
2.93715e-07 8.90746e-23
2.93815e-07 8.77302e-23
2.93915e-07 8.67086e-23
2.94015e-07 8.59093e-23
2.94115e-07 8.52822e-23
2.94215e-07 8.45556e-23
2.94315e-07 8.36999e-23
2.94415e-07 8.27953e-23
2.94515e-07 8.19194e-23
2.94615e-07 8.10705e-23
2.94715e-07 8.00853e-23
2.94815e-07 7.90208e-23
2.94915e-07 7.79865e-23
2.95015e-07 7.68883e-23
2.95115e-07 7.56662e-23
2.95215e-07 7.43357e-23
2.95315e-07 7.30086e-23
2.95415e-07 7.18058e-23
2.95515e-07 7.06781e-23
2.95615e-07 6.97236e-23
2.95715e-07 6.89269e-23
2.95815e-07 6.81626e-23
2.95915e-07 6.73382e-23
2.96015e-07 6.63549e-23
2.96115e-07 6.51998e-23
2.96216e-07 6.39298e-23
2.96316e-07 6.28727e-23
2.96416e-07 6.21879e-23
2.96516e-07 6.17064e-23
2.96616e-07 6.13148e-23
2.96716e-07 6.09077e-23
2.96816e-07 6.04526e-23
2.96916e-07 5.97427e-23
2.97016e-07 5.86623e-23
2.97116e-07 5.76174e-23
2.97216e-07 5.67231e-23
2.97316e-07 5.58803e-23
2.97416e-07 5.50208e-23
2.97516e-07 5.41284e-23
2.97616e-07 5.32865e-23
2.97716e-07 5.24663e-23
2.97816e-07 5.16905e-23
2.97916e-07 5.09802e-23
2.98016e-07 5.02987e-23
2.98116e-07 4.97126e-23
2.98216e-07 4.91368e-23
2.98316e-07 4.85207e-23
2.98416e-07 4.79145e-23
2.98516e-07 4.73765e-23
2.98616e-07 4.69887e-23
2.98716e-07 4.6636e-23
2.98816e-07 4.61725e-23
2.98916e-07 4.55957e-23
2.99016e-07 4.49729e-23
2.99116e-07 4.42635e-23
2.99216e-07 4.3439e-23
2.99316e-07 4.26158e-23
2.99416e-07 4.18185e-23
2.99516e-07 4.10833e-23
2.99616e-07 4.04034e-23
2.99716e-07 3.97573e-23
2.99816e-07 3.93057e-23
2.99916e-07 3.90178e-23
3.00016e-07 3.86873e-23
3.00116e-07 3.82954e-23
3.00172e-07 3.80138e-23
3.0028e-07 3.74808e-23
3.00388e-07 3.69865e-23
3.00495e-07 3.66022e-23
3.00603e-07 3.62254e-23
3.00711e-07 3.57363e-23
3.00818e-07 3.51449e-23
3.00926e-07 3.44577e-23
3.01033e-07 3.37554e-23
3.01141e-07 3.30347e-23
3.01248e-07 3.23953e-23
3.01356e-07 3.18729e-23
3.01464e-07 3.14043e-23
3.01571e-07 3.09709e-23
3.01679e-07 3.06363e-23
3.01786e-07 3.03984e-23
3.01894e-07 3.02198e-23
3.02001e-07 2.99388e-23
3.02109e-07 2.96213e-23
3.02216e-07 2.92604e-23
3.02324e-07 2.88533e-23
3.02431e-07 2.83997e-23
3.02539e-07 2.78958e-23
3.02646e-07 2.73663e-23
3.02754e-07 2.68413e-23
3.02861e-07 2.63107e-23
3.02969e-07 2.57536e-23
3.03076e-07 2.52524e-23
3.03184e-07 2.483e-23
3.03291e-07 2.45035e-23
3.03399e-07 2.4195e-23
3.03506e-07 2.39024e-23
3.03614e-07 2.36503e-23
3.03721e-07 2.34307e-23
3.03829e-07 2.32585e-23
3.03936e-07 2.31911e-23
3.04044e-07 2.30974e-23
3.04151e-07 2.28325e-23
3.04259e-07 2.24649e-23
3.04366e-07 2.2081e-23
3.04473e-07 2.1753e-23
3.04581e-07 2.14064e-23
3.04688e-07 2.09575e-23
3.04796e-07 2.04679e-23
3.04903e-07 2.00057e-23
3.05011e-07 1.95673e-23
3.05118e-07 1.91506e-23
3.05225e-07 1.87618e-23
3.05333e-07 1.8415e-23
3.0544e-07 1.81338e-23
3.05548e-07 1.79472e-23
3.05655e-07 1.78492e-23
3.05763e-07 1.77774e-23
3.0587e-07 1.76197e-23
3.05977e-07 1.74141e-23
3.06085e-07 1.72235e-23
3.06192e-07 1.71623e-23
3.063e-07 1.71288e-23
3.06407e-07 1.69692e-23
3.06514e-07 1.66567e-23
3.06622e-07 1.63103e-23
3.06729e-07 1.60254e-23
3.06837e-07 1.57787e-23
3.06944e-07 1.54718e-23
3.07051e-07 1.50696e-23
3.07159e-07 1.46557e-23
3.07266e-07 1.42776e-23
3.07373e-07 1.39945e-23
3.07481e-07 1.37165e-23
3.07588e-07 1.34883e-23
3.07695e-07 1.32908e-23
3.07803e-07 1.32033e-23
3.0791e-07 1.31939e-23
3.08018e-07 1.31359e-23
3.08125e-07 1.30824e-23
3.08232e-07 1.29992e-23
3.0834e-07 1.27754e-23
3.08447e-07 1.24882e-23
3.08554e-07 1.23155e-23
3.08662e-07 1.23364e-23
3.08769e-07 1.23085e-23
3.08876e-07 1.2203e-23
3.08984e-07 1.20235e-23
3.09091e-07 1.18966e-23
3.09198e-07 1.16573e-23
3.09306e-07 1.13641e-23
3.09413e-07 1.10076e-23
3.0952e-07 1.05398e-23
3.09628e-07 1.01987e-23
3.09735e-07 9.9936e-24
3.09842e-07 9.87493e-24
3.0995e-07 9.79078e-24
3.10057e-07 9.71789e-24
3.10164e-07 9.71345e-24
3.10272e-07 9.74761e-24
3.10379e-07 9.66393e-24
3.10486e-07 9.42881e-24
3.10594e-07 9.19338e-24
3.10701e-07 9.0926e-24
3.10808e-07 9.03054e-24
3.10916e-07 8.90549e-24
3.11023e-07 8.82243e-24
3.1113e-07 8.74283e-24
3.11237e-07 8.73742e-24
3.11345e-07 8.7808e-24
3.11452e-07 8.75269e-24
3.11559e-07 8.5866e-24
3.11667e-07 8.35522e-24
3.11774e-07 8.09841e-24
3.11881e-07 7.85901e-24
3.11989e-07 7.64994e-24
3.12096e-07 7.47e-24
3.12203e-07 7.34634e-24
3.12311e-07 7.23062e-24
3.12418e-07 7.08184e-24
3.12525e-07 6.92643e-24
3.12632e-07 6.79688e-24
3.1274e-07 6.68603e-24
3.12847e-07 6.59018e-24
3.12954e-07 6.55031e-24
3.13062e-07 6.49027e-24
3.13169e-07 6.41295e-24
3.13276e-07 6.40178e-24
3.13383e-07 6.5401e-24
3.13491e-07 6.68442e-24
3.13577e-07 6.49156e-24
3.13694e-07 6.3835e-24
3.13811e-07 6.22648e-24
3.13927e-07 6.05197e-24
3.14043e-07 5.85655e-24
3.1416e-07 5.65353e-24
3.14276e-07 5.43881e-24
3.14393e-07 5.22448e-24
3.14509e-07 5.04594e-24
3.14625e-07 4.93275e-24
3.14742e-07 4.8847e-24
3.14858e-07 4.85607e-24
3.14974e-07 4.80397e-24
3.15091e-07 4.74759e-24
3.15207e-07 4.73633e-24
3.15323e-07 4.82844e-24
3.15439e-07 4.99446e-24
3.15556e-07 5.09783e-24
3.15672e-07 5.04551e-24
3.15788e-07 4.8694e-24
3.15904e-07 4.6463e-24
3.1602e-07 4.43403e-24
3.16136e-07 4.28652e-24
3.16252e-07 4.17114e-24
3.16369e-07 4.06597e-24
3.16485e-07 3.93763e-24
3.16601e-07 3.80281e-24
3.16717e-07 3.69212e-24
3.16833e-07 3.66735e-24
3.16949e-07 3.73941e-24
3.17065e-07 3.82075e-24
3.1718e-07 3.82311e-24
3.17296e-07 3.75208e-24
3.17412e-07 3.72702e-24
3.17528e-07 3.82999e-24
3.17644e-07 3.9278e-24
3.1776e-07 3.87783e-24
3.17876e-07 3.70221e-24
3.17991e-07 3.55156e-24
3.18107e-07 3.44386e-24
3.18223e-07 3.30248e-24
3.18339e-07 3.11983e-24
3.18454e-07 2.94397e-24
3.1857e-07 2.81838e-24
3.18686e-07 2.73288e-24
3.18802e-07 2.65332e-24
3.18917e-07 2.56455e-24
3.19033e-07 2.4776e-24
3.19148e-07 2.44239e-24
3.19264e-07 2.52415e-24
3.1938e-07 2.73098e-24
3.19495e-07 2.91871e-24
3.19611e-07 2.9475e-24
3.19726e-07 2.86424e-24
3.19842e-07 2.82849e-24
3.19957e-07 2.93991e-24
3.20073e-07 3.0207e-24
3.20188e-07 2.9174e-24
3.20304e-07 2.70792e-24
3.20419e-07 2.50411e-24
3.20534e-07 2.36766e-24
3.2065e-07 2.2618e-24
3.20765e-07 2.12539e-24
3.2088e-07 1.97227e-24
3.20996e-07 1.8397e-24
3.21111e-07 1.75077e-24
3.21226e-07 1.71228e-24
3.21342e-07 1.71236e-24
3.21457e-07 1.71602e-24
3.21572e-07 1.69295e-24
3.21687e-07 1.66525e-24
3.21803e-07 1.70555e-24
3.21918e-07 1.90283e-24
3.22033e-07 2.19293e-24
3.22148e-07 2.31616e-24
3.22263e-07 2.23621e-24
3.22378e-07 2.09893e-24
3.22494e-07 2.03555e-24
3.22609e-07 2.14475e-24
3.22724e-07 2.24469e-24
3.22839e-07 2.15934e-24
3.22954e-07 1.98632e-24
3.23069e-07 1.80405e-24
3.23184e-07 1.63324e-24
3.23299e-07 1.48664e-24
3.23414e-07 1.36371e-24
3.23529e-07 1.25788e-24
3.23643e-07 1.16457e-24
3.23758e-07 1.08722e-24
3.23873e-07 1.03816e-24
3.23988e-07 1.02976e-24
3.24103e-07 1.08111e-24
3.24218e-07 1.14986e-24
3.24333e-07 1.17339e-24
3.24448e-07 1.16257e-24
3.24562e-07 1.16477e-24
3.24677e-07 1.25235e-24
3.24792e-07 1.50893e-24
3.24907e-07 1.71026e-24
3.25021e-07 1.68291e-24
3.25136e-07 1.55959e-24
3.25251e-07 1.42693e-24
3.25366e-07 1.34707e-24
3.2548e-07 1.37265e-24
3.25595e-07 1.3915e-24
3.2571e-07 1.3146e-24
3.25824e-07 1.20104e-24
3.25939e-07 1.09144e-24
3.26053e-07 9.94368e-25
3.26168e-07 9.16386e-25
3.26282e-07 8.50981e-25
3.26397e-07 7.98517e-25
3.26512e-07 7.53157e-25
3.26626e-07 7.09694e-25
3.2674e-07 6.75876e-25
3.26855e-07 6.57724e-25
3.26969e-07 6.78119e-25
3.27084e-07 7.6319e-25
3.27198e-07 8.50986e-25
3.27313e-07 8.71991e-25
3.27427e-07 8.44354e-25
3.27542e-07 8.0876e-25
3.27656e-07 8.17858e-25
3.2777e-07 9.49043e-25
3.27885e-07 1.14811e-24
3.27999e-07 1.2462e-24
3.28113e-07 1.20816e-24
3.28228e-07 1.11073e-24
3.28342e-07 1.00697e-24
3.28456e-07 9.13104e-25
3.2857e-07 8.27449e-25
3.28685e-07 7.42722e-25
3.28799e-07 6.66173e-25
3.28913e-07 6.00031e-25
3.29027e-07 5.50596e-25
3.29141e-07 5.07683e-25
3.29256e-07 4.70597e-25
3.2937e-07 4.38486e-25
3.29484e-07 4.20301e-25
3.29598e-07 4.17873e-25
3.29712e-07 4.15511e-25
3.29826e-07 4.05325e-25
3.2994e-07 3.94116e-25
3.30054e-07 4.0303e-25
3.30168e-07 4.60519e-25
3.30282e-07 5.84851e-25
3.30396e-07 6.72549e-25
3.3051e-07 6.75761e-25
3.30624e-07 6.4046e-25
3.30738e-07 6.01742e-25
3.30852e-07 5.90778e-25
3.30966e-07 6.5839e-25
3.3108e-07 7.7357e-25
3.31194e-07 7.90595e-25
3.31308e-07 7.38516e-25
3.31422e-07 6.67723e-25
3.31536e-07 5.964e-25
3.31649e-07 5.37863e-25
3.31763e-07 4.86032e-25
3.31877e-07 4.35701e-25
3.31991e-07 3.88686e-25
3.32105e-07 3.49084e-25
3.32219e-07 3.15405e-25
3.32332e-07 2.90991e-25
3.32446e-07 2.70868e-25
3.3256e-07 2.56413e-25
3.32674e-07 2.46927e-25
3.32787e-07 2.48504e-25
3.32901e-07 2.66249e-25
3.33015e-07 2.8612e-25
3.33128e-07 3.04009e-25
3.33242e-07 3.16344e-25
3.33356e-07 3.19615e-25
3.33469e-07 3.39767e-25
3.33583e-07 4.17393e-25
3.33697e-07 5.16084e-25
3.3381e-07 5.48334e-25
3.33924e-07 5.37304e-25
3.34037e-07 4.96986e-25
3.34151e-07 4.46374e-25
3.34264e-07 3.96728e-25
3.34378e-07 3.5291e-25
3.34491e-07 3.19841e-25
3.34605e-07 2.98312e-25
3.34718e-07 2.76051e-25
3.34832e-07 2.50851e-25
3.34945e-07 2.25602e-25
3.35059e-07 2.0276e-25
3.35172e-07 1.83245e-25
3.35286e-07 1.67317e-25
3.35399e-07 1.57745e-25
3.35512e-07 1.53517e-25
3.35626e-07 1.51694e-25
3.35739e-07 1.48665e-25
3.35853e-07 1.43461e-25
3.35966e-07 1.39809e-25
3.36079e-07 1.451e-25
3.36192e-07 1.63656e-25
3.36306e-07 1.91223e-25
3.36419e-07 2.21467e-25
3.36532e-07 2.35382e-25
3.36646e-07 2.30991e-25
3.36759e-07 2.22401e-25
3.36872e-07 2.23879e-25
3.36985e-07 2.40166e-25
3.37099e-07 2.85044e-25
3.37212e-07 3.46607e-25
3.37325e-07 3.61996e-25
3.37438e-07 3.42901e-25
3.37551e-07 3.13242e-25
3.37665e-07 2.82536e-25
3.37778e-07 2.52353e-25
3.37892e-07 2.24809e-25
3.38005e-07 1.99748e-25
3.38118e-07 1.76711e-25
3.38231e-07 1.56964e-25
3.38344e-07 1.39581e-25
3.38457e-07 1.26489e-25
3.3857e-07 1.17511e-25
3.38683e-07 1.12956e-25
3.38796e-07 1.10615e-25
3.38909e-07 1.08347e-25
3.39022e-07 1.05484e-25
3.39135e-07 1.02613e-25
3.39248e-07 1.03861e-25
3.39361e-07 1.14082e-25
3.39474e-07 1.24904e-25
3.39587e-07 1.279e-25
3.397e-07 1.25508e-25
3.39813e-07 1.24443e-25
3.39926e-07 1.32913e-25
3.40039e-07 1.6141e-25
3.40152e-07 1.91022e-25
3.40265e-07 1.9649e-25
3.40378e-07 1.86371e-25
3.4049e-07 1.69941e-25
3.40603e-07 1.52146e-25
3.40716e-07 1.35004e-25
3.40829e-07 1.19685e-25
3.40942e-07 1.06479e-25
3.41054e-07 9.49818e-26
3.41167e-07 8.52198e-26
3.4128e-07 7.69884e-26
3.41393e-07 7.03777e-26
3.41506e-07 6.45506e-26
3.41618e-07 6.03425e-26
3.41731e-07 5.72662e-26
3.41844e-07 5.59592e-26
3.41956e-07 5.68865e-26
3.42069e-07 6.00535e-26
3.42182e-07 6.09502e-26
3.42294e-07 5.84468e-26
3.42407e-07 5.50676e-26
3.4252e-07 5.28538e-26
3.42632e-07 5.24125e-26
3.42745e-07 5.58392e-26
3.42858e-07 6.36981e-26
3.4297e-07 6.95597e-26
3.43083e-07 7.33044e-26
3.43195e-07 7.72352e-26
3.43308e-07 7.73172e-26
3.43421e-07 7.47542e-26
3.43533e-07 7.36321e-26
3.43646e-07 7.57613e-26
3.43758e-07 8.4066e-26
3.43871e-07 1.05676e-25
3.43983e-07 1.28791e-25
3.44096e-07 1.32953e-25
3.44208e-07 1.25823e-25
3.44321e-07 1.1471e-25
3.44433e-07 1.0284e-25
3.44546e-07 9.17214e-26
3.44658e-07 8.19508e-26
3.4477e-07 7.40898e-26
3.44883e-07 6.79531e-26
3.44995e-07 6.25251e-26
3.45108e-07 5.71926e-26
3.4522e-07 5.31052e-26
3.45332e-07 5.10299e-26
3.45445e-07 5.02061e-26
3.45557e-07 5.18572e-26
3.45669e-07 5.53717e-26
3.45782e-07 5.58454e-26
3.45894e-07 5.30743e-26
3.46007e-07 4.88576e-26
3.46119e-07 4.49223e-26
3.46231e-07 4.20897e-26
3.46343e-07 4.07109e-26
3.46456e-07 3.99604e-26
3.46568e-07 3.83725e-26
3.4668e-07 3.64733e-26
3.46792e-07 3.48723e-26
3.46905e-07 3.44244e-26
3.47017e-07 3.66205e-26
3.47129e-07 4.30499e-26
3.47241e-07 4.89125e-26
3.47354e-07 4.90625e-26
3.47466e-07 4.64148e-26
3.47578e-07 4.27342e-26
3.4769e-07 3.88453e-26
3.47802e-07 3.51289e-26
3.47914e-07 3.175e-26
3.48027e-07 2.89704e-26
3.48139e-07 2.65585e-26
3.48251e-07 2.44825e-26
3.48363e-07 2.28612e-26
3.48475e-07 2.2046e-26
3.48587e-07 2.22126e-26
3.48699e-07 2.25838e-26
3.48811e-07 2.22144e-26
3.48923e-07 2.1245e-26
3.49035e-07 2.01945e-26
3.49147e-07 1.95361e-26
3.49259e-07 2.01584e-26
3.49371e-07 2.3265e-26
3.49483e-07 2.73493e-26
3.49596e-07 2.87411e-26
3.49707e-07 2.78885e-26
3.49819e-07 2.61654e-26
3.49931e-07 2.43829e-26
3.50043e-07 2.32717e-26
3.50155e-07 2.30831e-26
3.50267e-07 2.32882e-26
3.50379e-07 2.2604e-26
3.50491e-07 2.16405e-26
3.50603e-07 2.0725e-26
3.50715e-07 1.98781e-26
3.50827e-07 1.92141e-26
3.50939e-07 1.89455e-26
3.51051e-07 1.98387e-26
3.51163e-07 2.29903e-26
3.51274e-07 2.96342e-26
3.51386e-07 3.70645e-26
3.51498e-07 3.97759e-26
3.5161e-07 3.89298e-26
3.51722e-07 3.65316e-26
3.51834e-07 3.36048e-26
3.51945e-07 3.05484e-26
3.52057e-07 2.7753e-26
3.52169e-07 2.54098e-26
3.52281e-07 2.38598e-26
3.52393e-07 2.33603e-26
3.52504e-07 2.39233e-26
3.52616e-07 2.44365e-26
3.52728e-07 2.3721e-26
3.5284e-07 2.21759e-26
3.52951e-07 2.03695e-26
3.53063e-07 1.86435e-26
3.53175e-07 1.7318e-26
3.53286e-07 1.66265e-26
3.53398e-07 1.61782e-26
3.5351e-07 1.51985e-26
3.53622e-07 1.41021e-26
3.53733e-07 1.30152e-26
3.53845e-07 1.19544e-26
3.53957e-07 1.10523e-26
3.54068e-07 1.0311e-26
3.5418e-07 9.67841e-27
3.54291e-07 9.27779e-27
3.54403e-07 9.03454e-27
3.54515e-07 8.92862e-27
3.54626e-07 8.82147e-27
3.54738e-07 8.94684e-27
3.54849e-07 9.39367e-27
3.54961e-07 9.89336e-27
3.55073e-07 1.013e-26
3.55184e-07 1.01538e-26
3.55296e-07 9.92302e-27
3.55407e-07 9.42351e-27
3.55519e-07 8.85263e-27
3.5563e-07 8.33155e-27
3.55742e-07 8.00256e-27
3.55853e-07 7.96591e-27
3.55965e-07 8.03853e-27
3.56076e-07 7.83088e-27
3.56188e-07 7.44885e-27
3.56299e-07 7.17424e-27
3.56411e-07 7.18201e-27
3.56522e-07 7.74898e-27
3.56634e-07 9.29142e-27
3.56745e-07 1.10309e-26
3.56857e-07 1.16807e-26
3.56968e-07 1.13749e-26
3.57079e-07 1.0799e-26
3.57191e-07 1.01647e-26
3.57302e-07 9.71557e-27
3.57414e-07 9.61769e-27
3.57525e-07 9.74455e-27
3.57636e-07 9.58247e-27
3.57748e-07 9.03396e-27
3.57859e-07 8.49468e-27
3.57971e-07 8.02673e-27
3.58082e-07 7.67243e-27
3.58193e-07 7.37857e-27
3.58305e-07 7.07297e-27
3.58416e-07 6.70368e-27
3.58527e-07 6.26411e-27
3.58639e-07 6.03909e-27
3.5875e-07 5.87125e-27
3.58861e-07 5.85173e-27
3.58972e-07 5.95489e-27
3.59084e-07 6.23795e-27
3.59195e-07 6.67231e-27
3.59306e-07 7.56447e-27
3.59418e-07 8.5586e-27
3.59529e-07 9.02497e-27
3.5964e-07 9.06255e-27
3.59751e-07 8.7087e-27
3.59863e-07 8.31513e-27
3.59974e-07 8.01035e-27
3.60085e-07 7.97242e-27
3.60196e-07 8.22145e-27
3.60307e-07 8.24762e-27
3.60418e-07 7.8913e-27
3.6053e-07 7.4378e-27
3.60641e-07 6.95765e-27
3.60752e-07 6.54163e-27
3.60863e-07 6.25762e-27
3.60974e-07 6.06592e-27
3.61085e-07 5.91957e-27
3.61197e-07 5.64312e-27
3.61308e-07 5.37676e-27
3.61419e-07 5.14326e-27
3.6153e-07 4.8532e-27
3.61641e-07 4.63399e-27
3.61752e-07 4.36091e-27
3.61863e-07 4.16296e-27
3.61974e-07 4.01973e-27
3.62086e-07 3.92819e-27
3.62197e-07 3.89429e-27
3.62308e-07 3.9314e-27
3.62419e-07 3.90638e-27
3.6253e-07 3.79412e-27
3.62641e-07 3.71939e-27
3.62752e-07 3.60037e-27
3.62863e-07 3.5702e-27
3.62974e-07 3.54787e-27
3.63085e-07 3.57793e-27
3.63196e-07 3.56438e-27
3.63307e-07 3.52577e-27
3.63418e-07 3.52286e-27
3.63529e-07 3.44458e-27
3.6364e-07 3.42764e-27
3.63751e-07 3.43761e-27
3.63862e-07 3.4029e-27
3.63973e-07 3.36966e-27
3.64084e-07 3.42682e-27
3.64195e-07 3.39734e-27
3.64306e-07 3.46896e-27
3.64417e-07 3.53991e-27
3.64527e-07 3.89865e-27
3.64638e-07 4.45417e-27
3.64749e-07 5.05341e-27
3.6486e-07 5.25481e-27
3.64971e-07 5.16747e-27
3.65082e-07 5.0357e-27
3.65193e-07 4.83849e-27
3.65304e-07 4.72766e-27
3.65415e-07 4.8229e-27
3.65526e-07 4.97208e-27
3.65636e-07 5.04474e-27
3.65747e-07 5.03882e-27
3.65858e-07 4.91809e-27
3.65969e-07 4.68661e-27
3.6608e-07 4.50987e-27
3.6619e-07 4.29648e-27
3.66301e-07 4.09429e-27
3.66412e-07 3.97831e-27
3.66523e-07 3.93098e-27
3.66634e-07 3.80878e-27
3.66745e-07 3.69658e-27
3.66855e-07 3.58268e-27
3.66966e-07 3.44917e-27
3.67077e-07 3.32369e-27
3.67188e-07 3.21467e-27
3.67298e-07 3.21675e-27
3.67409e-07 3.14849e-27
3.6752e-07 3.07702e-27
3.67631e-07 3.00925e-27
3.67741e-07 3.05366e-27
3.67852e-07 3.01622e-27
3.67963e-07 3.03003e-27
3.68074e-07 3.04802e-27
3.68184e-07 3.11965e-27
3.68295e-07 3.16461e-27
3.68406e-07 3.30486e-27
3.68516e-07 3.32332e-27
3.68627e-07 3.44078e-27
3.68738e-07 3.40521e-27
3.68848e-07 3.43875e-27
3.68959e-07 3.30197e-27
3.6907e-07 3.21433e-27
3.6918e-07 3.20188e-27
3.69291e-07 3.15416e-27
3.69401e-07 3.12998e-27
3.69512e-07 3.06331e-27
3.69623e-07 3.00006e-27
3.69733e-07 2.9275e-27
3.69844e-07 2.8639e-27
3.69955e-07 2.84017e-27
3.70065e-07 2.86248e-27
3.70176e-07 2.8905e-27
3.70286e-07 2.8542e-27
3.70397e-07 2.78111e-27
3.70508e-07 2.74678e-27
3.70618e-07 2.70789e-27
3.70729e-07 2.63341e-27
3.70839e-07 2.66457e-27
3.7095e-07 2.63494e-27
3.7106e-07 2.60946e-27
3.71171e-07 2.59453e-27
3.71281e-07 2.50914e-27
3.71392e-07 2.52161e-27
3.71502e-07 2.40431e-27
3.71613e-07 2.34097e-27
3.71723e-07 2.31331e-27
3.71834e-07 2.23416e-27
3.71944e-07 2.18309e-27
3.72055e-07 2.16493e-27
3.72165e-07 2.10427e-27
3.72276e-07 2.18366e-27
3.72386e-07 2.1589e-27
3.72497e-07 2.13661e-27
3.72607e-07 2.08814e-27
3.72718e-07 2.05111e-27
3.72828e-07 2.09697e-27
3.72939e-07 2.1233e-27
3.73049e-07 2.14776e-27
3.73159e-07 2.17571e-27
3.7327e-07 2.25922e-27
3.7338e-07 2.3038e-27
3.73491e-07 2.42146e-27
3.73601e-07 2.49445e-27
3.73712e-07 2.49215e-27
3.73822e-07 2.50416e-27
3.73932e-07 2.45953e-27
3.74043e-07 2.45406e-27
3.74153e-07 2.48699e-27
3.74263e-07 2.50121e-27
3.74374e-07 2.57326e-27
3.74484e-07 2.50287e-27
3.74594e-07 2.47958e-27
3.74705e-07 2.48047e-27
3.74815e-07 2.46111e-27
3.74926e-07 2.42775e-27
3.75036e-07 2.39391e-27
3.75146e-07 2.36312e-27
3.75256e-07 2.33565e-27
3.75367e-07 2.33824e-27
3.75477e-07 2.30505e-27
3.75587e-07 2.2693e-27
3.75698e-07 2.19249e-27
3.75808e-07 2.27491e-27
3.75918e-07 2.27624e-27
3.76029e-07 2.25623e-27
3.76139e-07 2.25356e-27
3.76249e-07 2.26452e-27
3.76359e-07 2.25158e-27
3.7647e-07 2.24068e-27
3.7658e-07 2.31623e-27
3.7669e-07 2.26141e-27
3.768e-07 2.33671e-27
3.76911e-07 2.2799e-27
3.77021e-07 2.23265e-27
3.77131e-07 2.25549e-27
3.77241e-07 2.28529e-27
3.77351e-07 2.33336e-27
3.77462e-07 2.34741e-27
3.77572e-07 2.36358e-27
3.77682e-07 2.37239e-27
3.77792e-07 2.33744e-27
3.77902e-07 2.3732e-27
3.78013e-07 2.42416e-27
3.78123e-07 2.39984e-27
3.78233e-07 2.43516e-27
3.78343e-07 2.45556e-27
3.78453e-07 2.50689e-27
3.78563e-07 2.4982e-27
3.78673e-07 2.51922e-27
3.78784e-07 2.58068e-27
3.78894e-07 2.6124e-27
3.79004e-07 2.6549e-27
3.79114e-07 2.62767e-27
3.79224e-07 2.69211e-27
3.79334e-07 2.67989e-27
3.79444e-07 2.72151e-27
3.79554e-07 2.73631e-27
3.79664e-07 2.76849e-27
3.79775e-07 2.72157e-27
3.79885e-07 2.76064e-27
3.79995e-07 2.78708e-27
3.80105e-07 2.7439e-27
3.80215e-07 2.80944e-27
3.80325e-07 2.77641e-27
3.80435e-07 2.81629e-27
3.80545e-07 2.80514e-27
3.80655e-07 2.85571e-27
3.80765e-07 2.82789e-27
3.80875e-07 2.88118e-27
3.80985e-07 2.87233e-27
3.81095e-07 2.91651e-27
3.81205e-07 2.95774e-27
3.81315e-07 2.90595e-27
3.81425e-07 2.96944e-27
3.81535e-07 2.98715e-27
3.81645e-07 2.9932e-27
3.81755e-07 2.96012e-27
3.81865e-07 2.97567e-27
3.81975e-07 2.96843e-27
3.82085e-07 2.99257e-27
3.82195e-07 2.9499e-27
3.82305e-07 3.01658e-27
3.82415e-07 2.98468e-27
3.82525e-07 3.01181e-27
3.82635e-07 2.99363e-27
3.82745e-07 3.03767e-27
3.82855e-07 3.03886e-27
3.82965e-07 2.98686e-27
3.83075e-07 3.01331e-27
3.83184e-07 2.99987e-27
3.83294e-07 2.96964e-27
3.83404e-07 3.04971e-27
3.83514e-07 3.03347e-27
3.83624e-07 3.05227e-27
3.83734e-07 3.03488e-27
3.83844e-07 3.06608e-27
3.83954e-07 3.01435e-27
3.84064e-07 3.04849e-27
3.84173e-07 3.00648e-27
3.84283e-07 2.98594e-27
3.84393e-07 2.96859e-27
3.84503e-07 2.90952e-27
3.84613e-07 2.93073e-27
3.84723e-07 2.91344e-27
3.84833e-07 2.91156e-27
3.84942e-07 2.93504e-27
3.85052e-07 2.87968e-27
3.85162e-07 2.87523e-27
3.85272e-07 2.83678e-27
3.85382e-07 2.77332e-27
3.85491e-07 2.87809e-27
3.85601e-07 2.83188e-27
3.85711e-07 2.70567e-27
3.85821e-07 2.70186e-27
3.85931e-07 2.74677e-27
3.8604e-07 2.78497e-27
3.8615e-07 2.72074e-27
3.8626e-07 2.72933e-27
3.8637e-07 2.66016e-27
3.86479e-07 2.588e-27
3.86589e-07 2.60285e-27
3.86699e-07 2.64483e-27
3.86809e-07 2.64939e-27
3.86918e-07 2.57782e-27
3.87028e-07 2.59847e-27
3.87138e-07 2.56057e-27
3.87248e-07 2.55875e-27
3.87357e-07 2.57175e-27
3.87467e-07 2.61123e-27
3.87577e-07 2.57689e-27
3.87686e-07 2.53547e-27
3.87796e-07 2.54725e-27
3.87906e-07 2.51916e-27
3.88015e-07 2.52308e-27
3.88125e-07 2.53102e-27
3.88235e-07 2.44583e-27
3.88345e-07 2.46591e-27
3.88454e-07 2.50885e-27
3.88564e-07 2.48282e-27
3.88673e-07 2.47032e-27
3.88783e-07 2.44456e-27
3.88893e-07 2.45309e-27
3.89002e-07 2.47073e-27
3.89112e-07 2.42873e-27
3.89222e-07 2.42237e-27
3.89331e-07 2.42206e-27
3.89441e-07 2.40296e-27
3.89551e-07 2.44951e-27
3.8966e-07 2.43614e-27
3.8977e-07 2.39576e-27
3.89879e-07 2.4134e-27
3.89989e-07 2.47464e-27
3.90099e-07 2.46701e-27
3.90208e-07 2.41381e-27
3.90318e-07 2.42695e-27
3.90427e-07 2.3989e-27
3.90537e-07 2.43062e-27
3.90646e-07 2.32748e-27
3.90756e-07 2.39447e-27
3.90865e-07 2.38274e-27
3.90975e-07 2.46212e-27
3.91085e-07 2.39899e-27
3.91194e-07 2.43811e-27
3.91304e-07 2.53493e-27
3.91413e-07 2.47908e-27
3.91523e-07 2.44293e-27
3.91632e-07 2.48434e-27
3.91742e-07 2.50629e-27
3.91851e-07 2.55082e-27
3.91961e-07 2.54524e-27
3.9207e-07 2.63171e-27
3.9218e-07 2.55579e-27
3.92289e-07 2.58208e-27
3.92399e-07 2.59786e-27
3.92508e-07 2.57456e-27
3.92617e-07 2.59574e-27
3.92727e-07 2.62352e-27
3.92836e-07 2.62852e-27
3.92946e-07 2.64473e-27
3.93055e-07 2.66019e-27
3.93165e-07 2.67878e-27
3.93274e-07 2.74492e-27
3.93384e-07 2.69814e-27
3.93493e-07 2.83479e-27
3.93602e-07 2.78206e-27
3.93712e-07 2.84156e-27
3.93821e-07 2.84831e-27
3.93931e-07 2.87156e-27
3.9404e-07 2.93671e-27
3.94149e-07 2.94862e-27
3.94259e-07 3.01464e-27
3.94368e-07 3.00823e-27
3.94477e-07 3.14377e-27
3.94587e-07 3.17303e-27
3.94696e-07 3.11413e-27
3.94806e-07 3.17926e-27
3.94915e-07 3.18168e-27
3.95024e-07 3.28279e-27
3.95134e-07 3.19246e-27
3.95243e-07 3.18006e-27
3.95352e-07 3.18605e-27
3.95462e-07 3.22717e-27
3.95571e-07 3.21157e-27
3.9568e-07 3.22702e-27
3.95789e-07 3.32712e-27
3.95899e-07 3.3637e-27
3.96008e-07 3.42948e-27
3.96117e-07 3.38289e-27
3.96227e-07 3.34416e-27
3.96336e-07 3.30768e-27
3.96445e-07 3.36698e-27
3.96554e-07 3.41101e-27
3.96664e-07 3.51047e-27
3.96773e-07 3.41833e-27
3.96882e-07 3.51201e-27
3.96991e-07 3.49125e-27
3.97101e-07 3.40073e-27
3.9721e-07 3.4557e-27
3.97319e-07 3.39982e-27
3.97428e-07 3.45499e-27
3.97538e-07 3.34374e-27
3.97647e-07 3.43851e-27
3.97756e-07 3.52192e-27
3.97865e-07 3.61513e-27
3.97975e-07 3.56858e-27
3.98084e-07 3.60345e-27
3.98193e-07 3.6497e-27
3.98302e-07 3.60959e-27
3.98411e-07 3.65453e-27
3.9852e-07 3.64805e-27
3.9863e-07 3.71768e-27
3.98739e-07 3.79712e-27
3.98848e-07 3.80465e-27
3.98957e-07 3.83091e-27
3.99066e-07 3.82953e-27
3.99175e-07 3.7932e-27
3.99284e-07 3.78048e-27
3.99394e-07 3.85213e-27
3.99503e-07 3.87021e-27
3.99612e-07 3.94569e-27
3.99721e-07 3.94117e-27
3.9983e-07 3.92212e-27
3.99939e-07 3.89531e-27
4.00048e-07 4.01683e-27
4.00342e-07 4.01679e-27
4.00643e-07 4.16669e-27
4.00943e-07 4.20432e-27
4.01243e-07 4.1791e-27
4.01543e-07 4.18541e-27
4.01843e-07 4.26364e-27
4.02143e-07 4.30891e-27
4.02443e-07 4.36089e-27
4.02743e-07 4.35744e-27
4.03043e-07 4.35761e-27
4.03343e-07 4.33131e-27
4.03643e-07 4.28917e-27
4.03943e-07 4.27105e-27
4.04243e-07 4.30454e-27
4.04544e-07 4.30793e-27
4.04844e-07 4.28692e-27
4.05144e-07 4.28238e-27
4.05444e-07 4.28862e-27
4.05744e-07 4.32785e-27
4.06044e-07 4.39113e-27
4.06344e-07 4.44649e-27
4.06644e-07 4.50146e-27
4.06944e-07 4.60576e-27
4.07244e-07 4.75191e-27
4.07544e-07 4.88627e-27
4.07844e-07 4.99444e-27
4.08145e-07 5.10487e-27
4.08445e-07 5.19477e-27
4.08745e-07 5.2638e-27
4.09045e-07 5.3057e-27
4.09345e-07 5.39538e-27
4.09645e-07 5.44951e-27
4.09945e-07 5.49008e-27
4.10245e-07 5.477e-27
4.10545e-07 5.48176e-27
4.10845e-07 5.48991e-27
4.11145e-07 5.49505e-27
4.11445e-07 5.48693e-27
4.11745e-07 5.47869e-27
4.12046e-07 5.4542e-27
4.12346e-07 5.4129e-27
4.12646e-07 5.32397e-27
4.12946e-07 5.25174e-27
4.13246e-07 5.1652e-27
4.13546e-07 5.1492e-27
4.13846e-07 5.13851e-27
4.14146e-07 5.23666e-27
4.14446e-07 5.32119e-27
4.14746e-07 5.41457e-27
4.15046e-07 5.51493e-27
4.15346e-07 5.65068e-27
4.15646e-07 5.79338e-27
4.15947e-07 5.91742e-27
4.16247e-07 6.03589e-27
4.16547e-07 6.12229e-27
4.16847e-07 6.19588e-27
4.17147e-07 6.30043e-27
4.17447e-07 6.38808e-27
4.17747e-07 6.4481e-27
4.18047e-07 6.47502e-27
4.18347e-07 6.48891e-27
4.18647e-07 6.43225e-27
4.18947e-07 6.35922e-27
4.19247e-07 6.33832e-27
4.19547e-07 6.32311e-27
4.19848e-07 6.3323e-27
4.20148e-07 6.38122e-27
4.20448e-07 6.43328e-27
4.20748e-07 6.47318e-27
4.21048e-07 6.56047e-27
4.21348e-07 6.7452e-27
4.21648e-07 6.95146e-27
4.21948e-07 7.163e-27
4.22248e-07 7.34906e-27
4.22548e-07 7.56569e-27
4.22848e-07 7.84827e-27
4.23148e-07 8.14485e-27
4.23449e-07 8.38962e-27
4.23749e-07 8.59915e-27
4.24049e-07 8.8436e-27
4.24349e-07 9.10923e-27
4.24649e-07 9.35189e-27
4.24949e-07 9.54076e-27
4.25249e-07 9.72777e-27
4.25549e-07 9.89293e-27
4.25849e-07 9.96512e-27
4.26149e-07 9.93173e-27
4.26449e-07 9.83673e-27
4.26749e-07 9.81912e-27
4.27049e-07 9.77977e-27
4.2735e-07 9.67079e-27
4.2765e-07 9.47545e-27
4.2795e-07 9.34229e-27
4.2825e-07 9.20919e-27
4.2855e-07 9.0799e-27
4.2885e-07 8.99815e-27
4.2915e-07 8.95525e-27
4.2945e-07 8.91499e-27
4.2975e-07 8.91383e-27
4.3005e-07 8.98478e-27
4.3035e-07 9.07854e-27
4.3065e-07 9.22738e-27
4.3095e-07 9.43385e-27
4.31251e-07 9.70728e-27
4.31551e-07 1.00135e-26
4.31851e-07 1.03275e-26
4.32151e-07 1.06157e-26
4.32451e-07 1.0881e-26
4.32751e-07 1.11405e-26
4.33051e-07 1.12727e-26
4.33351e-07 1.13723e-26
4.33651e-07 1.14651e-26
4.33951e-07 1.15325e-26
4.34251e-07 1.14827e-26
4.34551e-07 1.13979e-26
4.34852e-07 1.12925e-26
4.35152e-07 1.12564e-26
4.35452e-07 1.12673e-26
4.35752e-07 1.12799e-26
4.36052e-07 1.12694e-26
4.36352e-07 1.13303e-26
4.36652e-07 1.14729e-26
4.36952e-07 1.16791e-26
4.37252e-07 1.19089e-26
4.37552e-07 1.22126e-26
4.37852e-07 1.25829e-26
4.38152e-07 1.29989e-26
4.38452e-07 1.34521e-26
4.38753e-07 1.39875e-26
4.39053e-07 1.45754e-26
4.39353e-07 1.51194e-26
4.39653e-07 1.56121e-26
4.39953e-07 1.61391e-26
4.402e-07 1.70437e-26
4.40411e-07 1.73363e-26
4.40622e-07 1.76791e-26
4.40833e-07 1.81897e-26
4.41044e-07 1.8617e-26
4.41255e-07 1.89478e-26
4.41465e-07 1.93925e-26
4.41676e-07 1.95559e-26
4.41887e-07 1.98576e-26
4.42098e-07 2.01018e-26
4.42309e-07 2.03969e-26
4.4252e-07 2.05482e-26
4.4273e-07 2.06253e-26
4.42941e-07 2.05176e-26
4.43152e-07 2.08377e-26
4.43362e-07 2.08711e-26
4.43573e-07 2.06741e-26
4.43784e-07 2.05399e-26
4.43994e-07 2.0331e-26
4.44205e-07 2.01824e-26
4.44415e-07 1.9892e-26
4.44626e-07 1.96596e-26
4.44836e-07 1.94582e-26
4.45047e-07 1.90802e-26
4.45257e-07 1.87068e-26
4.45468e-07 1.85532e-26
4.45678e-07 1.83898e-26
4.45889e-07 1.82489e-26
4.46099e-07 1.79426e-26
4.46309e-07 1.77822e-26
4.4652e-07 1.76744e-26
4.4673e-07 1.77909e-26
4.4694e-07 1.77768e-26
4.4715e-07 1.77087e-26
4.47361e-07 1.76004e-26
4.47571e-07 1.78238e-26
4.47781e-07 1.79547e-26
4.47991e-07 1.81827e-26
4.48201e-07 1.84634e-26
4.48411e-07 1.87677e-26
4.48621e-07 1.89763e-26
4.48831e-07 1.9595e-26
4.49042e-07 2.00673e-26
4.49252e-07 2.03271e-26
4.49462e-07 2.07877e-26
4.49672e-07 2.10711e-26
4.49881e-07 2.15409e-26
4.50091e-07 2.19466e-26
4.50301e-07 2.21494e-26
4.50511e-07 2.23757e-26
4.50721e-07 2.25525e-26
4.50931e-07 2.26301e-26
4.51141e-07 2.27472e-26
4.51351e-07 2.28812e-26
4.5156e-07 2.2821e-26
4.5177e-07 2.27155e-26
4.5198e-07 2.26264e-26
4.52189e-07 2.26377e-26
4.52399e-07 2.26183e-26
4.52609e-07 2.25292e-26
4.52819e-07 2.24476e-26
4.53028e-07 2.22365e-26
4.53238e-07 2.21797e-26
4.53447e-07 2.22666e-26
4.53657e-07 2.21588e-26
4.53867e-07 2.22314e-26
4.54076e-07 2.22107e-26
4.54286e-07 2.2412e-26
4.54495e-07 2.25357e-26
4.54704e-07 2.27779e-26
4.54914e-07 2.31568e-26
4.55123e-07 2.3385e-26
4.55333e-07 2.37836e-26
4.55542e-07 2.42005e-26
4.55751e-07 2.47789e-26
4.55961e-07 2.53376e-26
4.5617e-07 2.576e-26
4.56379e-07 2.64644e-26
4.56589e-07 2.71895e-26
4.56798e-07 2.79692e-26
4.57007e-07 2.87163e-26
4.57216e-07 2.95729e-26
4.57426e-07 3.0345e-26
4.57635e-07 3.09787e-26
4.57844e-07 3.19638e-26
4.58053e-07 3.27986e-26
4.58262e-07 3.35935e-26
4.58471e-07 3.44797e-26
4.58681e-07 3.53435e-26
4.5889e-07 3.62709e-26
4.59099e-07 3.70834e-26
4.59308e-07 3.78763e-26
4.59517e-07 3.86992e-26
4.59726e-07 3.94198e-26
4.59935e-07 4.02264e-26
4.60144e-07 4.10003e-26
4.60353e-07 4.18435e-26
4.60561e-07 4.23845e-26
4.6077e-07 4.29373e-26
4.60979e-07 4.35046e-26
4.61188e-07 4.38497e-26
4.61397e-07 4.41669e-26
4.61606e-07 4.4475e-26
4.61815e-07 4.45193e-26
4.62023e-07 4.45335e-26
4.62232e-07 4.4521e-26
4.62441e-07 4.43455e-26
4.6265e-07 4.40723e-26
4.62858e-07 4.38371e-26
4.63067e-07 4.33773e-26
4.63276e-07 4.28854e-26
4.63484e-07 4.23824e-26
4.63693e-07 4.18902e-26
4.63902e-07 4.14112e-26
4.6411e-07 4.08516e-26
4.64319e-07 4.02329e-26
4.64528e-07 3.97629e-26
4.64736e-07 3.93327e-26
4.64945e-07 3.90109e-26
4.65153e-07 3.84706e-26
4.65362e-07 3.8076e-26
4.6557e-07 3.78414e-26
4.65779e-07 3.75196e-26
4.65987e-07 3.75461e-26
4.66196e-07 3.73633e-26
4.66404e-07 3.73964e-26
4.66613e-07 3.73995e-26
4.66821e-07 3.76201e-26
4.67029e-07 3.78881e-26
4.67238e-07 3.84971e-26
4.67446e-07 3.87865e-26
4.67655e-07 3.93091e-26
4.67863e-07 3.98437e-26
4.68071e-07 4.04464e-26
4.6828e-07 4.10532e-26
4.68488e-07 4.172e-26
4.68696e-07 4.22568e-26
4.68904e-07 4.2844e-26
4.69113e-07 4.33045e-26
4.69321e-07 4.38628e-26
4.69529e-07 4.44312e-26
4.69737e-07 4.47116e-26
4.69945e-07 4.49928e-26
4.70154e-07 4.52445e-26
4.70362e-07 4.55036e-26
4.7057e-07 4.57361e-26
4.70778e-07 4.57915e-26
4.70986e-07 4.5879e-26
4.71194e-07 4.58544e-26
4.71402e-07 4.57669e-26
4.7161e-07 4.57963e-26
4.71818e-07 4.58507e-26
4.72026e-07 4.5786e-26
4.72234e-07 4.57552e-26
4.72443e-07 4.56259e-26
4.72651e-07 4.56353e-26
4.72859e-07 4.57225e-26
4.73067e-07 4.57774e-26
4.73274e-07 4.58817e-26
4.73482e-07 4.59805e-26
4.7369e-07 4.61356e-26
4.73898e-07 4.64715e-26
4.74106e-07 4.67898e-26
4.74314e-07 4.72083e-26
4.74522e-07 4.76224e-26
4.7473e-07 4.82266e-26
4.74938e-07 4.88763e-26
4.75146e-07 4.95979e-26
4.75353e-07 5.04297e-26
4.75561e-07 5.13565e-26
4.75769e-07 5.23581e-26
4.75977e-07 5.33927e-26
4.76185e-07 5.45373e-26
4.76392e-07 5.56852e-26
4.766e-07 5.67784e-26
4.76808e-07 5.81976e-26
4.77016e-07 5.93494e-26
4.77223e-07 6.06974e-26
4.77431e-07 6.20554e-26
4.77639e-07 6.34488e-26
4.77847e-07 6.47482e-26
4.78054e-07 6.61943e-26
4.78262e-07 6.76287e-26
4.7847e-07 6.9177e-26
4.78677e-07 7.0539e-26
4.78885e-07 7.20587e-26
4.79093e-07 7.35252e-26
4.793e-07 7.49245e-26
4.79508e-07 7.64059e-26
4.79715e-07 7.78683e-26
4.79923e-07 7.93419e-26
4.8013e-07 8.08526e-26
4.80338e-07 8.2127e-26
4.80546e-07 8.34837e-26
4.80753e-07 8.47565e-26
4.80961e-07 8.58306e-26
4.81168e-07 8.69166e-26
4.81376e-07 8.78371e-26
4.81583e-07 8.86949e-26
4.81791e-07 8.94237e-26
4.81998e-07 8.9905e-26
4.82206e-07 9.03399e-26
4.82413e-07 9.0702e-26
4.82621e-07 9.07857e-26
4.82828e-07 9.0773e-26
4.83036e-07 9.07137e-26
4.83243e-07 9.05721e-26
4.8345e-07 9.0256e-26
4.83658e-07 8.96687e-26
4.83865e-07 8.92398e-26
4.84073e-07 8.86372e-26
4.8428e-07 8.80393e-26
4.84487e-07 8.73537e-26
4.84695e-07 8.65178e-26
4.84902e-07 8.57288e-26
4.8511e-07 8.50231e-26
4.85317e-07 8.4287e-26
4.85524e-07 8.36472e-26
4.85732e-07 8.28351e-26
4.85939e-07 8.21419e-26
4.86146e-07 8.15789e-26
4.86354e-07 8.10207e-26
4.86561e-07 8.07096e-26
4.86768e-07 8.02253e-26
4.86975e-07 7.97472e-26
4.87183e-07 7.95796e-26
4.8739e-07 7.96173e-26
4.87597e-07 7.96892e-26
4.87805e-07 7.96918e-26
4.88012e-07 7.98899e-26
4.88219e-07 8.01908e-26
4.88426e-07 8.05926e-26
4.88634e-07 8.11345e-26
4.88841e-07 8.17914e-26
4.89048e-07 8.22799e-26
4.89255e-07 8.30873e-26
4.89462e-07 8.37379e-26
4.8967e-07 8.45063e-26
4.89877e-07 8.52395e-26
4.90084e-07 8.59421e-26
4.90291e-07 8.66982e-26
4.90498e-07 8.72246e-26
4.90706e-07 8.79303e-26
4.90913e-07 8.86485e-26
4.9112e-07 8.91705e-26
4.91327e-07 8.96106e-26
4.91534e-07 8.99617e-26
4.91741e-07 9.03865e-26
4.91949e-07 9.0809e-26
4.92156e-07 9.09791e-26
4.92363e-07 9.12721e-26
4.9257e-07 9.13664e-26
4.92777e-07 9.1563e-26
4.92984e-07 9.17762e-26
4.93191e-07 9.1949e-26
4.93399e-07 9.2015e-26
4.93606e-07 9.21833e-26
4.93813e-07 9.23455e-26
4.9402e-07 9.24256e-26
4.94227e-07 9.26029e-26
4.94434e-07 9.28653e-26
4.94641e-07 9.30706e-26
4.94848e-07 9.32868e-26
4.95055e-07 9.36782e-26
4.95262e-07 9.40578e-26
4.9547e-07 9.46063e-26
4.95677e-07 9.51441e-26
4.95884e-07 9.57388e-26
4.96091e-07 9.64962e-26
4.96298e-07 9.73035e-26
4.96505e-07 9.83031e-26
4.96712e-07 9.92624e-26
4.96919e-07 1.00306e-25
4.97126e-07 1.01459e-25
4.97333e-07 1.02736e-25
4.9754e-07 1.04054e-25
4.97747e-07 1.05484e-25
4.97954e-07 1.06973e-25
4.98161e-07 1.08497e-25
4.98368e-07 1.10098e-25
4.98575e-07 1.11806e-25
4.98783e-07 1.13563e-25
4.9899e-07 1.1541e-25
4.99197e-07 1.17224e-25
4.99404e-07 1.19105e-25
4.99611e-07 1.21064e-25
4.99818e-07 1.23102e-25
5.00025e-07 1.25126e-25
5.00232e-07 1.27132e-25
5.00439e-07 1.2916e-25
5.00646e-07 1.31296e-25
5.00853e-07 1.33467e-25
5.0106e-07 1.35662e-25
5.01267e-07 1.37782e-25
5.01474e-07 1.39874e-25
5.01681e-07 1.42192e-25
5.01888e-07 1.44232e-25
5.02095e-07 1.46431e-25
5.02302e-07 1.48561e-25
5.02509e-07 1.50567e-25
5.02716e-07 1.52599e-25
5.02923e-07 1.54508e-25
5.0313e-07 1.56441e-25
5.03337e-07 1.58192e-25
5.03544e-07 1.5997e-25
5.03752e-07 1.61573e-25
5.03959e-07 1.63019e-25
5.04166e-07 1.64488e-25
5.04373e-07 1.65685e-25
5.0458e-07 1.66813e-25
5.04787e-07 1.67812e-25
5.04994e-07 1.68761e-25
5.05201e-07 1.69513e-25
5.05408e-07 1.70098e-25
5.05615e-07 1.70601e-25
5.05822e-07 1.70983e-25
5.06029e-07 1.7108e-25
5.06236e-07 1.712e-25
5.06443e-07 1.7109e-25
5.0665e-07 1.71027e-25
5.06857e-07 1.70646e-25
5.07064e-07 1.70235e-25
5.07271e-07 1.69809e-25
5.07479e-07 1.69277e-25
5.07686e-07 1.68601e-25
5.07893e-07 1.68059e-25
5.081e-07 1.67376e-25
5.08307e-07 1.66677e-25
5.08514e-07 1.6592e-25
5.08721e-07 1.65234e-25
5.08928e-07 1.64543e-25
5.09135e-07 1.63856e-25
5.09342e-07 1.63191e-25
5.0955e-07 1.62552e-25
5.09757e-07 1.62048e-25
5.09964e-07 1.61556e-25
5.10171e-07 1.61166e-25
5.10378e-07 1.60958e-25
5.10585e-07 1.60652e-25
5.10792e-07 1.60434e-25
5.10999e-07 1.60419e-25
5.11207e-07 1.604e-25
5.11414e-07 1.60544e-25
5.11621e-07 1.6069e-25
5.11828e-07 1.6088e-25
5.12035e-07 1.61247e-25
5.12242e-07 1.61776e-25
5.1245e-07 1.62261e-25
5.12657e-07 1.62812e-25
5.12864e-07 1.63495e-25
5.13071e-07 1.64262e-25
5.13278e-07 1.64943e-25
5.13486e-07 1.6568e-25
5.13693e-07 1.66497e-25
5.139e-07 1.67351e-25
5.14107e-07 1.68115e-25
5.14314e-07 1.68974e-25
5.14522e-07 1.69804e-25
5.14729e-07 1.70646e-25
5.14936e-07 1.71486e-25
5.15143e-07 1.72268e-25
5.15351e-07 1.7305e-25
5.15558e-07 1.73862e-25
5.15765e-07 1.74571e-25
5.15973e-07 1.75292e-25
5.1618e-07 1.76023e-25
5.16387e-07 1.76616e-25
5.16594e-07 1.77432e-25
5.16802e-07 1.77991e-25
5.17009e-07 1.788e-25
5.17216e-07 1.79364e-25
5.17424e-07 1.80021e-25
5.17631e-07 1.80577e-25
5.17838e-07 1.81221e-25
5.18046e-07 1.81883e-25
5.18253e-07 1.82472e-25
5.18461e-07 1.83164e-25
5.18668e-07 1.83823e-25
5.18875e-07 1.84523e-25
5.19083e-07 1.85213e-25
5.1929e-07 1.85933e-25
5.19498e-07 1.86709e-25
5.19705e-07 1.87442e-25
5.19913e-07 1.88324e-25
5.2012e-07 1.89185e-25
5.20328e-07 1.90141e-25
5.20535e-07 1.91153e-25
5.20742e-07 1.92162e-25
5.2095e-07 1.93167e-25
5.21157e-07 1.94343e-25
5.21365e-07 1.95559e-25
5.21573e-07 1.96788e-25
5.2178e-07 1.98086e-25
5.21988e-07 1.99405e-25
5.22195e-07 2.0088e-25
5.22403e-07 2.02462e-25
5.2261e-07 2.03959e-25
5.22818e-07 2.05548e-25
5.23026e-07 2.07282e-25
5.23233e-07 2.08989e-25
5.23441e-07 2.10724e-25
5.23648e-07 2.12598e-25
5.23856e-07 2.14376e-25
5.24064e-07 2.16351e-25
5.24271e-07 2.18296e-25
5.24479e-07 2.20231e-25
5.24687e-07 2.22332e-25
5.24895e-07 2.24317e-25
5.25102e-07 2.26437e-25
5.2531e-07 2.28493e-25
5.25518e-07 2.30635e-25
5.25726e-07 2.32779e-25
5.25933e-07 2.34839e-25
5.26141e-07 2.37007e-25
5.26349e-07 2.39195e-25
5.26557e-07 2.4136e-25
5.26765e-07 2.43549e-25
5.26972e-07 2.45792e-25
5.2718e-07 2.4796e-25
5.27388e-07 2.50084e-25
5.27596e-07 2.52226e-25
5.27804e-07 2.54385e-25
5.28012e-07 2.56581e-25
5.2822e-07 2.58642e-25
5.28428e-07 2.60782e-25
5.28636e-07 2.62903e-25
5.28844e-07 2.64921e-25
5.29052e-07 2.67e-25
5.2926e-07 2.68951e-25
5.29468e-07 2.70826e-25
5.29676e-07 2.72681e-25
5.29884e-07 2.74452e-25
5.30092e-07 2.76214e-25
5.303e-07 2.77967e-25
5.30508e-07 2.79705e-25
5.30716e-07 2.81162e-25
5.30924e-07 2.82671e-25
5.31132e-07 2.84092e-25
5.3134e-07 2.85509e-25
5.31549e-07 2.86733e-25
5.31757e-07 2.87884e-25
5.31965e-07 2.89097e-25
5.32173e-07 2.9015e-25
5.32382e-07 2.91064e-25
5.3259e-07 2.91882e-25
5.32798e-07 2.92689e-25
5.33006e-07 2.93379e-25
5.33215e-07 2.93983e-25
5.33423e-07 2.94329e-25
5.33631e-07 2.94882e-25
5.3384e-07 2.95234e-25
5.34048e-07 2.95457e-25
5.34256e-07 2.95583e-25
5.34465e-07 2.95765e-25
5.34673e-07 2.95769e-25
5.34882e-07 2.95752e-25
5.3509e-07 2.95662e-25
5.35299e-07 2.95551e-25
5.35507e-07 2.95417e-25
5.35716e-07 2.95316e-25
5.35924e-07 2.95168e-25
5.36133e-07 2.9502e-25
5.36341e-07 2.94941e-25
5.3655e-07 2.94834e-25
5.36759e-07 2.94726e-25
5.36967e-07 2.94714e-25
5.37176e-07 2.94741e-25
5.37385e-07 2.94794e-25
5.37593e-07 2.94858e-25
5.37802e-07 2.95037e-25
5.38011e-07 2.95278e-25
5.38219e-07 2.95602e-25
5.38428e-07 2.96063e-25
5.38637e-07 2.96547e-25
5.38846e-07 2.97059e-25
5.39055e-07 2.97721e-25
5.39264e-07 2.98512e-25
5.39472e-07 2.99269e-25
5.39681e-07 3.001e-25
5.3989e-07 3.01101e-25
5.40099e-07 3.02007e-25
5.40308e-07 3.03035e-25
5.40517e-07 3.04173e-25
5.40726e-07 3.05375e-25
5.40935e-07 3.06435e-25
5.41144e-07 3.07689e-25
5.41353e-07 3.0901e-25
5.41562e-07 3.10246e-25
5.41772e-07 3.11452e-25
5.41981e-07 3.1268e-25
5.4219e-07 3.14027e-25
5.42399e-07 3.15308e-25
5.42608e-07 3.16608e-25
5.42817e-07 3.17875e-25
5.43027e-07 3.1911e-25
5.43236e-07 3.2037e-25
5.43445e-07 3.21606e-25
5.43655e-07 3.2277e-25
5.43864e-07 3.24041e-25
5.44073e-07 3.25112e-25
5.44283e-07 3.26233e-25
5.44492e-07 3.27249e-25
5.44702e-07 3.2828e-25
5.44911e-07 3.29425e-25
5.45121e-07 3.30373e-25
5.4533e-07 3.3128e-25
5.4554e-07 3.32129e-25
5.45749e-07 3.33057e-25
5.45959e-07 3.33874e-25
5.46168e-07 3.34735e-25
5.46378e-07 3.35559e-25
5.46588e-07 3.36345e-25
5.46797e-07 3.37002e-25
5.47007e-07 3.37814e-25
5.47217e-07 3.38502e-25
5.47427e-07 3.39197e-25
5.47636e-07 3.39904e-25
5.47846e-07 3.40545e-25
5.48056e-07 3.41182e-25
5.48266e-07 3.41846e-25
5.48476e-07 3.42482e-25
5.48686e-07 3.43147e-25
5.48896e-07 3.43737e-25
5.49106e-07 3.44406e-25
5.49316e-07 3.45006e-25
5.49526e-07 3.45658e-25
5.49736e-07 3.46355e-25
5.49946e-07 3.46987e-25
5.50156e-07 3.47682e-25
5.50366e-07 3.48312e-25
5.50576e-07 3.49045e-25
5.50786e-07 3.49687e-25
5.50997e-07 3.50491e-25
5.51207e-07 3.51197e-25
5.51417e-07 3.5186e-25
5.51628e-07 3.52694e-25
5.51838e-07 3.53336e-25
5.52048e-07 3.54139e-25
5.52259e-07 3.54946e-25
5.52469e-07 3.55692e-25
5.5268e-07 3.56536e-25
5.5289e-07 3.57311e-25
5.53101e-07 3.58238e-25
5.53311e-07 3.59246e-25
5.53522e-07 3.59901e-25
5.53732e-07 3.6088e-25
5.53943e-07 3.61839e-25
5.54154e-07 3.62797e-25
5.54364e-07 3.63864e-25
5.54575e-07 3.65052e-25
5.54786e-07 3.66035e-25
5.54997e-07 3.67125e-25
5.55207e-07 3.6824e-25
5.55418e-07 3.69554e-25
5.55629e-07 3.70743e-25
5.5584e-07 3.7207e-25
5.56051e-07 3.7347e-25
5.56262e-07 3.74921e-25
5.56473e-07 3.76359e-25
5.56684e-07 3.77894e-25
5.56895e-07 3.79518e-25
5.57106e-07 3.81133e-25
5.57317e-07 3.8283e-25
5.57529e-07 3.84548e-25
5.5774e-07 3.86318e-25
5.57951e-07 3.88181e-25
5.58162e-07 3.9003e-25
5.58373e-07 3.91998e-25
5.58585e-07 3.94018e-25
5.58796e-07 3.96023e-25
5.59008e-07 3.98167e-25
5.59219e-07 4.00219e-25
5.5943e-07 4.02384e-25
5.59642e-07 4.04376e-25
5.59853e-07 4.06653e-25
5.60065e-07 4.08827e-25
5.60277e-07 4.11083e-25
5.60488e-07 4.13253e-25
5.607e-07 4.15421e-25
5.60912e-07 4.17548e-25
5.61123e-07 4.19738e-25
5.61335e-07 4.21875e-25
5.61547e-07 4.24072e-25
5.61759e-07 4.26147e-25
5.61971e-07 4.28216e-25
5.62183e-07 4.30347e-25
5.62394e-07 4.3228e-25
5.62606e-07 4.34308e-25
5.62818e-07 4.36124e-25
5.6303e-07 4.38087e-25
5.63242e-07 4.39932e-25
5.63455e-07 4.41654e-25
5.63667e-07 4.43379e-25
5.63879e-07 4.45001e-25
5.64091e-07 4.46733e-25
5.64304e-07 4.48353e-25
5.64516e-07 4.49904e-25
5.64728e-07 4.51412e-25
5.64941e-07 4.52893e-25
5.65153e-07 4.54296e-25
5.65365e-07 4.55703e-25
5.65578e-07 4.57122e-25
5.6579e-07 4.58547e-25
5.66003e-07 4.59741e-25
5.66216e-07 4.61079e-25
5.66428e-07 4.62358e-25
5.66641e-07 4.63624e-25
5.66854e-07 4.6494e-25
5.67066e-07 4.66152e-25
5.67279e-07 4.67329e-25
5.67492e-07 4.68484e-25
5.67705e-07 4.69653e-25
5.67918e-07 4.70846e-25
5.68131e-07 4.72168e-25
5.68344e-07 4.73401e-25
5.68557e-07 4.74575e-25
5.6877e-07 4.75822e-25
5.68983e-07 4.77083e-25
5.69196e-07 4.78337e-25
5.69409e-07 4.79608e-25
5.69623e-07 4.80896e-25
5.69836e-07 4.82132e-25
5.70049e-07 4.83312e-25
5.70263e-07 4.84511e-25
5.70476e-07 4.85853e-25
5.70689e-07 4.87034e-25
5.70903e-07 4.88222e-25
5.71116e-07 4.89339e-25
5.7133e-07 4.90431e-25
5.71544e-07 4.91516e-25
5.71757e-07 4.92537e-25
5.71971e-07 4.93548e-25
5.72185e-07 4.94309e-25
5.72398e-07 4.95177e-25
5.72612e-07 4.96023e-25
5.72826e-07 4.96773e-25
5.7304e-07 4.97348e-25
5.73254e-07 4.97933e-25
5.73468e-07 4.98307e-25
5.73682e-07 4.9878e-25
5.73896e-07 4.99019e-25
5.7411e-07 4.99184e-25
5.74324e-07 4.99305e-25
5.74538e-07 4.9925e-25
5.74753e-07 4.99119e-25
5.74967e-07 4.99076e-25
5.75181e-07 4.98761e-25
5.75396e-07 4.98502e-25
5.7561e-07 4.98043e-25
5.75824e-07 4.97574e-25
5.76039e-07 4.96972e-25
5.76254e-07 4.9652e-25
5.76468e-07 4.95692e-25
5.76683e-07 4.9507e-25
5.76897e-07 4.94344e-25
5.77112e-07 4.93529e-25
5.77327e-07 4.92752e-25
5.77542e-07 4.91834e-25
5.77757e-07 4.90947e-25
5.77972e-07 4.90009e-25
5.78186e-07 4.89052e-25
5.78402e-07 4.88049e-25
5.78617e-07 4.87117e-25
5.78832e-07 4.86084e-25
5.79047e-07 4.85005e-25
5.79262e-07 4.83947e-25
5.79477e-07 4.8279e-25
5.79693e-07 4.81888e-25
5.79908e-07 4.80776e-25
5.80123e-07 4.7977e-25
5.80339e-07 4.78765e-25
5.80554e-07 4.77778e-25
5.8077e-07 4.76851e-25
5.80985e-07 4.75825e-25
5.81201e-07 4.74794e-25
5.81417e-07 4.73812e-25
5.81632e-07 4.72719e-25
5.81848e-07 4.71887e-25
5.82064e-07 4.71034e-25
5.8228e-07 4.7016e-25
5.82496e-07 4.69301e-25
5.82712e-07 4.68578e-25
5.82928e-07 4.67714e-25
5.83144e-07 4.66995e-25
5.8336e-07 4.66357e-25
5.83576e-07 4.65657e-25
5.83792e-07 4.64969e-25
5.84009e-07 4.64282e-25
5.84225e-07 4.63706e-25
5.84441e-07 4.63111e-25
5.84658e-07 4.62606e-25
5.84874e-07 4.6202e-25
5.85091e-07 4.61708e-25
5.85307e-07 4.61175e-25
5.85524e-07 4.6079e-25
5.8574e-07 4.60375e-25
5.85957e-07 4.6005e-25
5.86174e-07 4.59765e-25
5.86391e-07 4.59594e-25
5.86608e-07 4.59331e-25
5.86825e-07 4.59189e-25
5.87042e-07 4.5905e-25
5.87259e-07 4.58991e-25
5.87476e-07 4.58979e-25
5.87693e-07 4.58878e-25
5.8791e-07 4.58913e-25
5.88127e-07 4.58986e-25
5.88345e-07 4.59074e-25
5.88562e-07 4.59296e-25
5.88779e-07 4.59489e-25
5.88997e-07 4.59758e-25
5.89214e-07 4.59965e-25
5.89432e-07 4.60274e-25
5.89649e-07 4.6067e-25
5.89867e-07 4.6117e-25
5.90085e-07 4.61739e-25
5.90303e-07 4.62326e-25
5.9052e-07 4.6293e-25
5.90738e-07 4.63681e-25
5.90956e-07 4.64565e-25
5.91174e-07 4.65538e-25
5.91392e-07 4.66464e-25
5.91611e-07 4.67562e-25
5.91829e-07 4.68545e-25
5.92047e-07 4.6969e-25
5.92265e-07 4.71088e-25
5.92484e-07 4.72485e-25
5.92702e-07 4.73971e-25
5.9292e-07 4.75437e-25
5.93139e-07 4.77162e-25
5.93358e-07 4.78828e-25
5.93576e-07 4.80537e-25
5.93795e-07 4.82342e-25
5.94014e-07 4.84145e-25
5.94232e-07 4.86048e-25
5.94451e-07 4.88005e-25
5.9467e-07 4.89956e-25
5.94889e-07 4.91989e-25
5.95108e-07 4.94001e-25
5.95327e-07 4.95973e-25
5.95546e-07 4.98059e-25
5.95766e-07 5.00253e-25
5.95985e-07 5.02288e-25
5.96204e-07 5.04352e-25
5.96424e-07 5.06458e-25
5.96643e-07 5.08409e-25
5.96862e-07 5.10587e-25
5.97082e-07 5.12588e-25
5.97302e-07 5.1464e-25
5.97521e-07 5.16546e-25
5.97741e-07 5.18533e-25
5.97961e-07 5.20386e-25
5.98181e-07 5.22155e-25
5.98401e-07 5.2405e-25
5.98621e-07 5.25774e-25
5.98841e-07 5.27355e-25
5.99061e-07 5.28966e-25
5.99281e-07 5.30419e-25
5.99501e-07 5.31883e-25
5.99722e-07 5.33228e-25
5.99942e-07 5.34502e-25
6.00162e-07 5.3574e-25
6.00383e-07 5.36771e-25
6.00603e-07 5.37775e-25
6.00824e-07 5.3862e-25
6.01045e-07 5.39431e-25
6.01265e-07 5.40063e-25
6.01486e-07 5.40594e-25
6.01707e-07 5.40992e-25
6.01928e-07 5.41285e-25
6.02149e-07 5.41508e-25
6.0237e-07 5.41499e-25
6.02591e-07 5.41515e-25
6.02812e-07 5.4142e-25
6.03033e-07 5.41168e-25
6.03255e-07 5.4103e-25
6.03476e-07 5.40403e-25
6.03697e-07 5.3988e-25
6.03919e-07 5.39228e-25
6.0414e-07 5.38576e-25
6.04362e-07 5.37744e-25
6.04584e-07 5.36846e-25
6.04806e-07 5.35878e-25
6.05027e-07 5.34787e-25
6.05249e-07 5.33657e-25
6.05471e-07 5.32545e-25
6.05693e-07 5.31368e-25
6.05915e-07 5.29802e-25
6.06137e-07 5.28275e-25
6.0636e-07 5.26795e-25
6.06582e-07 5.25308e-25
6.06804e-07 5.23684e-25
6.07027e-07 5.21985e-25
6.07249e-07 5.20229e-25
6.07472e-07 5.18434e-25
6.07694e-07 5.16633e-25
6.07917e-07 5.14768e-25
6.0814e-07 5.12776e-25
6.08362e-07 5.10855e-25
6.08585e-07 5.08827e-25
6.08808e-07 5.06862e-25
6.09031e-07 5.04918e-25
6.09254e-07 5.02854e-25
6.09478e-07 5.00759e-25
6.09701e-07 4.98701e-25
6.09924e-07 4.9664e-25
6.10147e-07 4.94725e-25
6.10371e-07 4.92779e-25
6.10482e-07 4.92573e-25
6.10701e-07 4.90484e-25
6.10921e-07 4.88587e-25
6.1114e-07 4.8695e-25
6.11359e-07 4.85169e-25
6.11579e-07 4.83249e-25
6.11798e-07 4.81457e-25
6.12017e-07 4.79662e-25
6.12236e-07 4.77837e-25
6.12455e-07 4.76242e-25
6.12674e-07 4.74402e-25
6.12893e-07 4.72764e-25
6.13111e-07 4.70813e-25
6.1333e-07 4.69109e-25
6.13549e-07 4.673e-25
6.13767e-07 4.65701e-25
6.13986e-07 4.6411e-25
6.14204e-07 4.62437e-25
6.14423e-07 4.60784e-25
6.14641e-07 4.58942e-25
6.14859e-07 4.57461e-25
6.15078e-07 4.56019e-25
6.15296e-07 4.54374e-25
6.15514e-07 4.5278e-25
6.15732e-07 4.51249e-25
6.1595e-07 4.49675e-25
6.16168e-07 4.48097e-25
6.16386e-07 4.46639e-25
6.16604e-07 4.45247e-25
6.16822e-07 4.43652e-25
6.17039e-07 4.42389e-25
6.17257e-07 4.40838e-25
6.17475e-07 4.39351e-25
6.17692e-07 4.38209e-25
6.1791e-07 4.36808e-25
6.18127e-07 4.35495e-25
6.18345e-07 4.34275e-25
6.18562e-07 4.32945e-25
6.18779e-07 4.31701e-25
6.18996e-07 4.30356e-25
6.19213e-07 4.29195e-25
6.19431e-07 4.28045e-25
6.19648e-07 4.26853e-25
6.19865e-07 4.25784e-25
6.20082e-07 4.24514e-25
6.20299e-07 4.23368e-25
6.20515e-07 4.22321e-25
6.20732e-07 4.21275e-25
6.20949e-07 4.20254e-25
6.21166e-07 4.19065e-25
6.21382e-07 4.17853e-25
6.21599e-07 4.1685e-25
6.21815e-07 4.15846e-25
6.22032e-07 4.14809e-25
6.22248e-07 4.13746e-25
6.22464e-07 4.12869e-25
6.22681e-07 4.1186e-25
6.22897e-07 4.10775e-25
6.23113e-07 4.099e-25
6.23329e-07 4.08776e-25
6.23545e-07 4.07724e-25
6.23761e-07 4.06564e-25
6.23977e-07 4.05614e-25
6.24193e-07 4.04529e-25
6.24409e-07 4.03538e-25
6.24625e-07 4.0243e-25
6.24841e-07 4.01375e-25
6.25057e-07 4.00159e-25
6.25272e-07 3.99192e-25
6.25488e-07 3.98018e-25
6.25704e-07 3.97057e-25
6.25919e-07 3.95859e-25
6.26135e-07 3.94796e-25
6.2635e-07 3.93689e-25
6.26565e-07 3.92605e-25
6.26781e-07 3.91475e-25
6.26996e-07 3.90367e-25
6.27211e-07 3.89185e-25
6.27426e-07 3.88013e-25
6.27641e-07 3.86895e-25
6.27857e-07 3.85639e-25
6.28072e-07 3.84493e-25
6.28287e-07 3.83385e-25
6.28501e-07 3.82063e-25
6.28716e-07 3.80861e-25
6.28931e-07 3.79599e-25
6.29146e-07 3.78552e-25
6.29361e-07 3.77392e-25
6.29575e-07 3.76175e-25
6.2979e-07 3.7493e-25
6.30005e-07 3.73969e-25
6.30219e-07 3.72673e-25
6.30434e-07 3.71617e-25
6.30648e-07 3.70353e-25
6.30862e-07 3.69244e-25
6.31077e-07 3.68073e-25
6.31291e-07 3.67016e-25
6.31505e-07 3.65828e-25
6.3172e-07 3.64552e-25
6.31934e-07 3.6338e-25
6.32148e-07 3.62402e-25
6.32362e-07 3.6112e-25
6.32576e-07 3.60019e-25
6.3279e-07 3.58875e-25
6.33004e-07 3.57647e-25
6.33218e-07 3.56472e-25
6.33432e-07 3.55287e-25
6.33645e-07 3.54084e-25
6.33859e-07 3.53066e-25
6.34073e-07 3.51827e-25
6.34287e-07 3.50577e-25
6.345e-07 3.49302e-25
6.34714e-07 3.47999e-25
6.34927e-07 3.46682e-25
6.35141e-07 3.45475e-25
6.35354e-07 3.44203e-25
6.35568e-07 3.42891e-25
6.35781e-07 3.4151e-25
6.35994e-07 3.40343e-25
6.36208e-07 3.39001e-25
6.36421e-07 3.3761e-25
6.36634e-07 3.36359e-25
6.36847e-07 3.35092e-25
6.3706e-07 3.33851e-25
6.37273e-07 3.32606e-25
6.37486e-07 3.31222e-25
6.37699e-07 3.29909e-25
6.37912e-07 3.28589e-25
6.38125e-07 3.27265e-25
6.38338e-07 3.26056e-25
6.38551e-07 3.24727e-25
6.38763e-07 3.2334e-25
6.38976e-07 3.21992e-25
6.39189e-07 3.20583e-25
6.39402e-07 3.19289e-25
6.39614e-07 3.17975e-25
6.39827e-07 3.16502e-25
6.40039e-07 3.15244e-25
6.40252e-07 3.1383e-25
6.40464e-07 3.12539e-25
6.40677e-07 3.11473e-25
6.40889e-07 3.10036e-25
6.41101e-07 3.08754e-25
6.41314e-07 3.07474e-25
6.41526e-07 3.06164e-25
6.41738e-07 3.04923e-25
6.4195e-07 3.03797e-25
6.42162e-07 3.02668e-25
6.42374e-07 3.01402e-25
6.42586e-07 3.00269e-25
6.42798e-07 2.99116e-25
6.4301e-07 2.98194e-25
6.43222e-07 2.97152e-25
6.43434e-07 2.96046e-25
6.43646e-07 2.94853e-25
6.43858e-07 2.93815e-25
6.44069e-07 2.92858e-25
6.44281e-07 2.9177e-25
6.44493e-07 2.90798e-25
6.44705e-07 2.89807e-25
6.44916e-07 2.8871e-25
6.45128e-07 2.87616e-25
6.45339e-07 2.86672e-25
6.45551e-07 2.8557e-25
6.45762e-07 2.84559e-25
6.45974e-07 2.83578e-25
6.46185e-07 2.82466e-25
6.46396e-07 2.81484e-25
6.46608e-07 2.80525e-25
6.46819e-07 2.79479e-25
6.4703e-07 2.7843e-25
6.47241e-07 2.77483e-25
6.47453e-07 2.7658e-25
6.47664e-07 2.7566e-25
6.47875e-07 2.74588e-25
6.48086e-07 2.73735e-25
6.48297e-07 2.72745e-25
6.48508e-07 2.71719e-25
6.48719e-07 2.70927e-25
6.4893e-07 2.70018e-25
6.49141e-07 2.69119e-25
6.49352e-07 2.68308e-25
6.49562e-07 2.6738e-25
6.49773e-07 2.66486e-25
6.49984e-07 2.65531e-25
6.50195e-07 2.64721e-25
6.50405e-07 2.63839e-25
6.50616e-07 2.62879e-25
6.50827e-07 2.62151e-25
6.51037e-07 2.6126e-25
6.51248e-07 2.60424e-25
6.51458e-07 2.59543e-25
6.51669e-07 2.58734e-25
6.51879e-07 2.57847e-25
6.5209e-07 2.57035e-25
6.523e-07 2.56106e-25
6.5251e-07 2.55147e-25
6.52721e-07 2.54407e-25
6.52931e-07 2.53513e-25
6.53141e-07 2.52655e-25
6.53351e-07 2.5162e-25
6.53561e-07 2.50827e-25
6.53772e-07 2.49894e-25
6.53982e-07 2.49019e-25
6.54192e-07 2.48154e-25
6.54402e-07 2.47266e-25
6.54612e-07 2.4629e-25
6.54822e-07 2.45354e-25
6.55032e-07 2.44496e-25
6.55242e-07 2.43504e-25
6.55452e-07 2.42716e-25
6.55662e-07 2.41859e-25
6.55872e-07 2.41083e-25
6.56081e-07 2.4016e-25
6.56291e-07 2.39201e-25
6.56501e-07 2.38341e-25
6.56711e-07 2.3745e-25
6.5692e-07 2.36539e-25
6.5713e-07 2.357e-25
6.5734e-07 2.34916e-25
6.57549e-07 2.33968e-25
6.57759e-07 2.33142e-25
6.57968e-07 2.32313e-25
6.58178e-07 2.31473e-25
6.58387e-07 2.30518e-25
6.58597e-07 2.29813e-25
6.58806e-07 2.29015e-25
6.59016e-07 2.2817e-25
6.59225e-07 2.2737e-25
6.59434e-07 2.26479e-25
6.59644e-07 2.25539e-25
6.59853e-07 2.24816e-25
6.60062e-07 2.24047e-25
6.60271e-07 2.23201e-25
6.60481e-07 2.22499e-25
6.6069e-07 2.21576e-25
6.60899e-07 2.20889e-25
6.61108e-07 2.20135e-25
6.61317e-07 2.19391e-25
6.61526e-07 2.18525e-25
6.61735e-07 2.17836e-25
6.61944e-07 2.17084e-25
6.62153e-07 2.16205e-25
6.62362e-07 2.15426e-25
6.62571e-07 2.14745e-25
6.6278e-07 2.13889e-25
6.62989e-07 2.1315e-25
6.63198e-07 2.12406e-25
6.63406e-07 2.11477e-25
6.63615e-07 2.10837e-25
6.63824e-07 2.09882e-25
6.64033e-07 2.09017e-25
6.64242e-07 2.08176e-25
6.6445e-07 2.07192e-25
6.64659e-07 2.0639e-25
6.64868e-07 2.05436e-25
6.65076e-07 2.04571e-25
6.65285e-07 2.03522e-25
6.65493e-07 2.02632e-25
6.65702e-07 2.01824e-25
6.6591e-07 2.00908e-25
6.66119e-07 2.00039e-25
6.66327e-07 1.9913e-25
6.66536e-07 1.98117e-25
6.66744e-07 1.97269e-25
6.66952e-07 1.96344e-25
6.67161e-07 1.95352e-25
6.67369e-07 1.94473e-25
6.67578e-07 1.93612e-25
6.67786e-07 1.92975e-25
6.67994e-07 1.91829e-25
6.68202e-07 1.90993e-25
6.68411e-07 1.90041e-25
6.68619e-07 1.89187e-25
6.68827e-07 1.88348e-25
6.69035e-07 1.8726e-25
6.69243e-07 1.86541e-25
6.69451e-07 1.85722e-25
6.69659e-07 1.84892e-25
6.69868e-07 1.83809e-25
6.70076e-07 1.82974e-25
6.70284e-07 1.82212e-25
6.70492e-07 1.8138e-25
6.707e-07 1.80562e-25
6.70908e-07 1.79641e-25
6.71116e-07 1.78694e-25
6.71323e-07 1.77942e-25
6.71531e-07 1.77094e-25
6.71739e-07 1.76294e-25
6.71947e-07 1.75541e-25
6.72155e-07 1.74688e-25
6.72363e-07 1.7391e-25
6.7257e-07 1.73183e-25
6.72778e-07 1.72482e-25
6.72986e-07 1.71489e-25
6.73194e-07 1.70832e-25
6.73401e-07 1.70178e-25
6.73609e-07 1.6944e-25
6.73817e-07 1.6865e-25
6.74024e-07 1.68019e-25
6.74232e-07 1.67207e-25
6.7444e-07 1.66449e-25
6.74647e-07 1.65719e-25
6.74855e-07 1.64981e-25
6.75062e-07 1.64287e-25
6.7527e-07 1.6365e-25
6.75477e-07 1.62772e-25
6.75685e-07 1.61983e-25
6.75892e-07 1.61472e-25
6.761e-07 1.60663e-25
6.76307e-07 1.6015e-25
6.76515e-07 1.59453e-25
6.76722e-07 1.58655e-25
6.76929e-07 1.58052e-25
6.77137e-07 1.57472e-25
6.77344e-07 1.56769e-25
6.77551e-07 1.56099e-25
6.77759e-07 1.55306e-25
6.77966e-07 1.54531e-25
6.78173e-07 1.53974e-25
6.7838e-07 1.53413e-25
6.78588e-07 1.52916e-25
6.78795e-07 1.52123e-25
6.79002e-07 1.5165e-25
6.79209e-07 1.51099e-25
6.79416e-07 1.50501e-25
6.79623e-07 1.4984e-25
6.79831e-07 1.49386e-25
6.80038e-07 1.48808e-25
6.80245e-07 1.48276e-25
6.80452e-07 1.47863e-25
6.80659e-07 1.472e-25
6.80866e-07 1.46725e-25
6.81073e-07 1.46355e-25
6.8128e-07 1.45877e-25
6.81487e-07 1.45407e-25
6.81694e-07 1.45034e-25
6.81901e-07 1.44508e-25
6.82108e-07 1.44097e-25
6.82315e-07 1.43648e-25
6.82522e-07 1.4339e-25
6.82729e-07 1.43033e-25
6.82935e-07 1.42587e-25
6.83142e-07 1.42145e-25
6.83349e-07 1.41801e-25
6.83556e-07 1.41405e-25
6.83763e-07 1.40951e-25
6.8397e-07 1.40607e-25
6.84176e-07 1.40208e-25
6.84383e-07 1.39808e-25
6.8459e-07 1.3931e-25
6.84797e-07 1.38971e-25
6.85003e-07 1.38625e-25
6.8521e-07 1.38046e-25
6.85417e-07 1.3741e-25
6.85623e-07 1.36919e-25
6.8583e-07 1.36495e-25
6.86037e-07 1.35906e-25
6.86243e-07 1.35218e-25
6.8645e-07 1.34668e-25
6.86657e-07 1.34395e-25
6.86863e-07 1.33602e-25
6.8707e-07 1.33087e-25
6.87276e-07 1.32298e-25
6.87483e-07 1.31819e-25
6.8769e-07 1.31172e-25
6.87896e-07 1.30523e-25
6.88103e-07 1.29873e-25
6.88309e-07 1.29329e-25
6.88516e-07 1.286e-25
6.88722e-07 1.27915e-25
6.88929e-07 1.27095e-25
6.89135e-07 1.26538e-25
6.89341e-07 1.25872e-25
6.89548e-07 1.25283e-25
6.89754e-07 1.24542e-25
6.89961e-07 1.23852e-25
6.90167e-07 1.23235e-25
6.90373e-07 1.22597e-25
6.9058e-07 1.21906e-25
6.90786e-07 1.2146e-25
6.90992e-07 1.20733e-25
6.91199e-07 1.20167e-25
6.91405e-07 1.19509e-25
6.91612e-07 1.18983e-25
6.91818e-07 1.18378e-25
6.92024e-07 1.17714e-25
6.9223e-07 1.17128e-25
6.92437e-07 1.16656e-25
6.92643e-07 1.16018e-25
6.92849e-07 1.15326e-25
6.93055e-07 1.14894e-25
6.93262e-07 1.14267e-25
6.93468e-07 1.13529e-25
6.93674e-07 1.12905e-25
6.9388e-07 1.12358e-25
6.94086e-07 1.11859e-25
6.94293e-07 1.11293e-25
6.94499e-07 1.10766e-25
6.94705e-07 1.10088e-25
6.94911e-07 1.09582e-25
6.95117e-07 1.08942e-25
6.95323e-07 1.08446e-25
6.95529e-07 1.07951e-25
6.95736e-07 1.07343e-25
6.95942e-07 1.0678e-25
6.96148e-07 1.06264e-25
6.96354e-07 1.05732e-25
6.9656e-07 1.05261e-25
6.96766e-07 1.04595e-25
6.96972e-07 1.03987e-25
6.97178e-07 1.03252e-25
6.97384e-07 1.02792e-25
6.9759e-07 1.02325e-25
6.97796e-07 1.01811e-25
6.98002e-07 1.01214e-25
6.98208e-07 1.00825e-25
6.98414e-07 1.00334e-25
6.9862e-07 1.00033e-25
6.98826e-07 9.94231e-26
6.99032e-07 9.89364e-26
6.99238e-07 9.8413e-26
6.99444e-07 9.79447e-26
6.9965e-07 9.76918e-26
6.99856e-07 9.69888e-26
7.00062e-07 9.64851e-26
7.00268e-07 9.6178e-26
7.00474e-07 9.56654e-26
7.0068e-07 9.53454e-26
7.00886e-07 9.49077e-26
7.01091e-07 9.45784e-26
7.01297e-07 9.41138e-26
7.01503e-07 9.36978e-26
7.01709e-07 9.32635e-26
7.01915e-07 9.30548e-26
7.02121e-07 9.26709e-26
7.02327e-07 9.23712e-26
7.02533e-07 9.1984e-26
7.02738e-07 9.16155e-26
7.02944e-07 9.14057e-26
7.0315e-07 9.11985e-26
7.03356e-07 9.07134e-26
7.03562e-07 9.03894e-26
7.03768e-07 9.00831e-26
7.03973e-07 8.96954e-26
7.04179e-07 8.94934e-26
7.04385e-07 8.92789e-26
7.04591e-07 8.89493e-26
7.04796e-07 8.86393e-26
7.05002e-07 8.84311e-26
7.05208e-07 8.82922e-26
7.05414e-07 8.77914e-26
7.0562e-07 8.75636e-26
7.05825e-07 8.72351e-26
7.06031e-07 8.70375e-26
7.06237e-07 8.69061e-26
7.06443e-07 8.6579e-26
7.06648e-07 8.63094e-26
7.06854e-07 8.59967e-26
7.0706e-07 8.57553e-26
7.07266e-07 8.55931e-26
7.07471e-07 8.535e-26
7.07677e-07 8.50994e-26
7.07883e-07 8.47598e-26
7.08088e-07 8.46697e-26
7.08294e-07 8.44349e-26
7.085e-07 8.41473e-26
7.08705e-07 8.39232e-26
7.08911e-07 8.37989e-26
7.09117e-07 8.35256e-26
7.09323e-07 8.32186e-26
7.09528e-07 8.30182e-26
7.09734e-07 8.29453e-26
7.0994e-07 8.2729e-26
7.10145e-07 8.24561e-26
7.10351e-07 8.23702e-26
7.10557e-07 8.21026e-26
7.10762e-07 8.19812e-26
7.10968e-07 8.18139e-26
7.11174e-07 8.13779e-26
7.11379e-07 8.13126e-26
7.11585e-07 8.10862e-26
7.11791e-07 8.10296e-26
7.11996e-07 8.0992e-26
7.12202e-07 8.09253e-26
7.12407e-07 8.06187e-26
7.12613e-07 8.04271e-26
7.12819e-07 8.0317e-26
7.13024e-07 8.0353e-26
7.1323e-07 8.03528e-26
7.13436e-07 8.03497e-26
7.13641e-07 8.00746e-26
7.13847e-07 8.01507e-26
7.14052e-07 8.00212e-26
7.14258e-07 7.9918e-26
7.14464e-07 7.98332e-26
7.14669e-07 7.97664e-26
7.14875e-07 7.96416e-26
7.15081e-07 7.96128e-26
7.15286e-07 7.95689e-26
7.15492e-07 7.94438e-26
7.15697e-07 7.92524e-26
7.15903e-07 7.9027e-26
7.16109e-07 7.88362e-26
7.16314e-07 7.85999e-26
7.1652e-07 7.84046e-26
7.16726e-07 7.82407e-26
7.16931e-07 7.79524e-26
7.17137e-07 7.76991e-26
7.17342e-07 7.74455e-26
7.17548e-07 7.7153e-26
7.17753e-07 7.67099e-26
7.17959e-07 7.63301e-26
7.18165e-07 7.58839e-26
7.1837e-07 7.55094e-26
7.18576e-07 7.49617e-26
7.18782e-07 7.44637e-26
7.18987e-07 7.41099e-26
7.19193e-07 7.37205e-26
7.19398e-07 7.32905e-26
7.19604e-07 7.28081e-26
7.1981e-07 7.21957e-26
7.20015e-07 7.18139e-26
7.20221e-07 7.12835e-26
7.20426e-07 7.08338e-26
7.20632e-07 7.03997e-26
7.20838e-07 7.00789e-26
7.21043e-07 6.9676e-26
7.21249e-07 6.89678e-26
7.21454e-07 6.88353e-26
7.2166e-07 6.81898e-26
7.21866e-07 6.77456e-26
7.22071e-07 6.76084e-26
7.22277e-07 6.69367e-26
7.22482e-07 6.66847e-26
7.22688e-07 6.64491e-26
7.22894e-07 6.60995e-26
7.23099e-07 6.57354e-26
7.23305e-07 6.53057e-26
7.23511e-07 6.50151e-26
7.23716e-07 6.47084e-26
7.23922e-07 6.44744e-26
7.24128e-07 6.45528e-26
7.24333e-07 6.41688e-26
7.24539e-07 6.37932e-26
7.24744e-07 6.35118e-26
7.2495e-07 6.33076e-26
7.25156e-07 6.3048e-26
7.25361e-07 6.2721e-26
7.25567e-07 6.25647e-26
7.25773e-07 6.2211e-26
7.25978e-07 6.1976e-26
7.26184e-07 6.16409e-26
7.2639e-07 6.15791e-26
7.26595e-07 6.12254e-26
7.26801e-07 6.0914e-26
7.27006e-07 6.08127e-26
7.27212e-07 6.03688e-26
7.27418e-07 6.01343e-26
7.27623e-07 5.97585e-26
7.27829e-07 5.93645e-26
7.28035e-07 5.91442e-26
7.28241e-07 5.88233e-26
7.28446e-07 5.86152e-26
7.28652e-07 5.81996e-26
7.28857e-07 5.78284e-26
7.29063e-07 5.75693e-26
7.29269e-07 5.74106e-26
7.29475e-07 5.70565e-26
7.2968e-07 5.68084e-26
7.29886e-07 5.65521e-26
7.30092e-07 5.63683e-26
7.30297e-07 5.61331e-26
7.30503e-07 5.58156e-26
7.30709e-07 5.55486e-26
7.30915e-07 5.52638e-26
7.3112e-07 5.51518e-26
7.31326e-07 5.49516e-26
7.31532e-07 5.47594e-26
7.31737e-07 5.46338e-26
7.31943e-07 5.44241e-26
7.32149e-07 5.41937e-26
7.32355e-07 5.41854e-26
7.3256e-07 5.41689e-26
7.32766e-07 5.39508e-26
7.32972e-07 5.36682e-26
7.33178e-07 5.37189e-26
7.33383e-07 5.35408e-26
7.33589e-07 5.3357e-26
7.33795e-07 5.32059e-26
7.34001e-07 5.32076e-26
7.34207e-07 5.32154e-26
7.34412e-07 5.31269e-26
7.34618e-07 5.29603e-26
7.34824e-07 5.28787e-26
7.3503e-07 5.28043e-26
7.35236e-07 5.28343e-26
7.35442e-07 5.2664e-26
7.35647e-07 5.24891e-26
7.35853e-07 5.23379e-26
7.36059e-07 5.23383e-26
7.36265e-07 5.23493e-26
7.36471e-07 5.21738e-26
7.36677e-07 5.21589e-26
7.36882e-07 5.21293e-26
7.37088e-07 5.2209e-26
7.37294e-07 5.20798e-26
7.375e-07 5.19643e-26
7.37706e-07 5.19881e-26
7.37912e-07 5.20806e-26
7.38118e-07 5.1941e-26
7.38324e-07 5.19178e-26
7.3853e-07 5.19595e-26
7.38735e-07 5.18893e-26
7.38941e-07 5.19368e-26
7.39147e-07 5.18533e-26
7.39353e-07 5.17215e-26
7.39559e-07 5.17155e-26
7.39765e-07 5.16462e-26
7.39971e-07 5.17706e-26
7.40177e-07 5.16151e-26
7.40383e-07 5.16093e-26
7.40589e-07 5.18134e-26
7.40795e-07 5.17096e-26
7.41001e-07 5.17582e-26
7.41207e-07 5.19231e-26
7.41413e-07 5.18958e-26
7.41619e-07 5.19165e-26
7.41825e-07 5.21151e-26
7.42031e-07 5.22619e-26
7.42237e-07 5.2233e-26
7.42443e-07 5.21909e-26
7.42649e-07 5.22904e-26
7.42855e-07 5.25772e-26
7.43061e-07 5.25814e-26
7.43267e-07 5.25891e-26
7.43473e-07 5.25927e-26
7.43679e-07 5.29713e-26
7.43885e-07 5.30367e-26
7.44092e-07 5.31394e-26
7.44298e-07 5.32514e-26
7.44504e-07 5.34274e-26
7.4471e-07 5.35361e-26
7.44916e-07 5.36044e-26
7.45122e-07 5.37171e-26
7.45328e-07 5.38977e-26
7.45534e-07 5.38947e-26
7.45741e-07 5.40294e-26
7.45947e-07 5.42463e-26
7.46153e-07 5.42416e-26
7.46359e-07 5.43024e-26
7.46565e-07 5.4488e-26
7.46771e-07 5.4281e-26
7.46978e-07 5.43469e-26
7.47184e-07 5.44098e-26
7.4739e-07 5.44124e-26
7.47596e-07 5.43104e-26
7.47802e-07 5.42245e-26
7.48009e-07 5.41263e-26
7.48215e-07 5.40898e-26
7.48421e-07 5.38839e-26
7.48628e-07 5.37594e-26
7.48834e-07 5.37369e-26
7.4904e-07 5.33921e-26
7.49247e-07 5.31744e-26
7.49453e-07 5.28057e-26
7.49659e-07 5.25647e-26
7.49865e-07 5.22804e-26
7.50072e-07 5.18186e-26
7.50278e-07 5.14822e-26
7.50484e-07 5.1196e-26
7.50691e-07 5.07939e-26
7.50897e-07 5.04161e-26
7.51104e-07 4.98676e-26
7.5131e-07 4.95118e-26
7.51516e-07 4.90952e-26
7.51723e-07 4.86264e-26
7.51929e-07 4.81308e-26
7.52135e-07 4.75501e-26
7.52342e-07 4.72358e-26
7.52548e-07 4.67073e-26
7.52755e-07 4.62568e-26
7.52961e-07 4.60182e-26
7.53168e-07 4.56435e-26
7.53374e-07 4.52717e-26
7.53581e-07 4.47588e-26
7.53787e-07 4.43209e-26
7.53994e-07 4.39095e-26
7.542e-07 4.35556e-26
7.54407e-07 4.30824e-26
7.54613e-07 4.27183e-26
7.5482e-07 4.23529e-26
7.55026e-07 4.20767e-26
7.55233e-07 4.17579e-26
7.5544e-07 4.13924e-26
7.55646e-07 4.12653e-26
7.55853e-07 4.0827e-26
7.56059e-07 4.04029e-26
7.56266e-07 4.03639e-26
7.56472e-07 3.99522e-26
7.56679e-07 3.97774e-26
7.56886e-07 3.98329e-26
7.57093e-07 3.94554e-26
7.57299e-07 3.90891e-26
7.57506e-07 3.90729e-26
7.57713e-07 3.88526e-26
7.57919e-07 3.8621e-26
7.58126e-07 3.82883e-26
7.58333e-07 3.81557e-26
7.58539e-07 3.78972e-26
7.58746e-07 3.75816e-26
7.58953e-07 3.77036e-26
7.5916e-07 3.73426e-26
7.59366e-07 3.71597e-26
7.59573e-07 3.71189e-26
7.5978e-07 3.68687e-26
7.59987e-07 3.65802e-26
7.60194e-07 3.66578e-26
7.60401e-07 3.64637e-26
7.60607e-07 3.64262e-26
7.60814e-07 3.63158e-26
7.61021e-07 3.61008e-26
7.61228e-07 3.60724e-26
7.61435e-07 3.6031e-26
7.61642e-07 3.59503e-26
7.61849e-07 3.58582e-26
7.62056e-07 3.57191e-26
7.62262e-07 3.57208e-26
7.62469e-07 3.55118e-26
7.62676e-07 3.55125e-26
7.62883e-07 3.52854e-26
7.6309e-07 3.50356e-26
7.63297e-07 3.51372e-26
7.63504e-07 3.51314e-26
7.63711e-07 3.50438e-26
7.63918e-07 3.5057e-26
7.64125e-07 3.49464e-26
7.64332e-07 3.51238e-26
7.64539e-07 3.49268e-26
7.64746e-07 3.47942e-26
7.64953e-07 3.48011e-26
7.65161e-07 3.458e-26
7.65368e-07 3.46233e-26
7.65575e-07 3.448e-26
7.65782e-07 3.46568e-26
7.65989e-07 3.45708e-26
7.66196e-07 3.43675e-26
7.66403e-07 3.43908e-26
7.66611e-07 3.44122e-26
7.66818e-07 3.44664e-26
7.67025e-07 3.44005e-26
7.67232e-07 3.4441e-26
7.67439e-07 3.42737e-26
7.67647e-07 3.43044e-26
7.67854e-07 3.40469e-26
7.68061e-07 3.4086e-26
7.68268e-07 3.42439e-26
7.68476e-07 3.43049e-26
7.68683e-07 3.44707e-26
7.6889e-07 3.43342e-26
7.69098e-07 3.42987e-26
7.69305e-07 3.4367e-26
7.69512e-07 3.42699e-26
7.6972e-07 3.43634e-26
7.69927e-07 3.44209e-26
7.70134e-07 3.47564e-26
7.70342e-07 3.47646e-26
7.70549e-07 3.46031e-26
7.70757e-07 3.47727e-26
7.70964e-07 3.47413e-26
7.71171e-07 3.50611e-26
7.71379e-07 3.50971e-26
7.71586e-07 3.51581e-26
7.71794e-07 3.52151e-26
7.72001e-07 3.54021e-26
7.72209e-07 3.56743e-26
7.72416e-07 3.57745e-26
7.72624e-07 3.5907e-26
7.72831e-07 3.60435e-26
7.73039e-07 3.62168e-26
7.73247e-07 3.63125e-26
7.73454e-07 3.65975e-26
7.73662e-07 3.69036e-26
7.73869e-07 3.74323e-26
7.74077e-07 3.76686e-26
7.74285e-07 3.76761e-26
7.74492e-07 3.78423e-26
7.747e-07 3.83006e-26
7.74908e-07 3.85234e-26
7.75115e-07 3.86101e-26
7.75323e-07 3.8719e-26
7.75531e-07 3.90796e-26
7.75738e-07 3.92482e-26
7.75946e-07 3.96529e-26
7.76154e-07 3.99756e-26
7.76362e-07 4.0069e-26
7.76569e-07 4.04141e-26
7.76777e-07 4.06545e-26
7.76985e-07 4.0929e-26
7.77193e-07 4.12009e-26
7.77401e-07 4.1389e-26
7.77609e-07 4.13432e-26
7.77816e-07 4.12071e-26
7.78024e-07 4.16221e-26
7.78232e-07 4.18004e-26
7.7844e-07 4.19375e-26
7.78648e-07 4.18246e-26
7.78856e-07 4.18089e-26
7.79064e-07 4.18318e-26
7.79272e-07 4.18413e-26
7.7948e-07 4.17837e-26
7.79688e-07 4.17615e-26
7.79896e-07 4.17007e-26
7.80104e-07 4.14411e-26
7.80312e-07 4.13701e-26
7.8052e-07 4.11351e-26
7.80728e-07 4.10818e-26
7.80936e-07 4.09514e-26
7.81144e-07 4.05768e-26
7.81352e-07 4.034e-26
7.8156e-07 4.00324e-26
7.81768e-07 3.99189e-26
7.81976e-07 3.95498e-26
7.82184e-07 3.92619e-26
7.82393e-07 3.8924e-26
7.82601e-07 3.86847e-26
7.82809e-07 3.81234e-26
7.83017e-07 3.77605e-26
7.83225e-07 3.76118e-26
7.83434e-07 3.71123e-26
7.83642e-07 3.67876e-26
7.8385e-07 3.6513e-26
7.84058e-07 3.61391e-26
7.84267e-07 3.59001e-26
7.84475e-07 3.57016e-26
7.84683e-07 3.53212e-26
7.84892e-07 3.47868e-26
7.851e-07 3.45068e-26
7.85308e-07 3.43146e-26
7.85517e-07 3.39758e-26
7.85725e-07 3.38198e-26
7.85933e-07 3.3446e-26
7.86142e-07 3.31317e-26
7.8635e-07 3.28232e-26
7.86559e-07 3.25671e-26
7.86767e-07 3.2435e-26
7.86975e-07 3.20618e-26
7.87184e-07 3.19654e-26
7.87392e-07 3.16573e-26
7.87601e-07 3.13958e-26
7.87809e-07 3.1332e-26
7.88018e-07 3.11385e-26
7.88227e-07 3.07882e-26
7.88435e-07 3.06296e-26
7.88644e-07 3.04691e-26
7.88852e-07 3.01606e-26
7.89061e-07 2.9962e-26
7.89269e-07 2.98832e-26
7.89478e-07 2.94869e-26
7.89687e-07 2.94144e-26
7.89895e-07 2.91525e-26
7.90104e-07 2.91756e-26
7.90313e-07 2.9e-26
7.90521e-07 2.89217e-26
7.9073e-07 2.85521e-26
7.90939e-07 2.84175e-26
7.91148e-07 2.83211e-26
7.91356e-07 2.82465e-26
7.91565e-07 2.80207e-26
7.91774e-07 2.77831e-26
7.91983e-07 2.76078e-26
7.92192e-07 2.75253e-26
7.924e-07 2.71041e-26
7.92609e-07 2.72758e-26
7.92818e-07 2.71424e-26
7.93027e-07 2.67284e-26
7.93236e-07 2.66155e-26
7.93445e-07 2.65947e-26
7.93654e-07 2.64163e-26
7.93863e-07 2.62736e-26
