/*
Absorption cross section of a ozone molecule at T = 241 K. Adapted from:

Burrows, J.P., Richter, A., Dehn, A., Deters, B., Himmelmann, S.,
Voigt, S. and Orphal, J., 1999. Atmospheric remote-sensing reference
data from GOME—2. Temperature-dependent absorption cross sections of
O3 in the 231–794 nm range. Journal of quantitative spectroscopy and
radiative transfer, 61(4), pp.509-517.

Column 1: wavelength [m]
Column 2: cross section [m^2]
*/

2.30864e-07 2.12681e-24
2.3099e-07 4.74674e-22
2.31117e-07 4.68209e-22
2.31243e-07 4.33801e-22
2.3137e-07 4.5727e-22
2.31496e-07 4.4504e-22
2.31622e-07 4.61296e-22
2.31748e-07 5.05445e-22
2.31875e-07 5.25799e-22
2.32001e-07 5.34865e-22
2.32127e-07 5.2148e-22
2.32253e-07 5.22646e-22
2.32378e-07 5.15654e-22
2.32504e-07 5.01783e-22
2.3263e-07 5.10304e-22
2.32756e-07 5.28766e-22
2.32881e-07 5.40618e-22
2.33007e-07 5.49048e-22
2.33132e-07 5.5714e-22
2.33258e-07 5.69217e-22
2.33383e-07 5.70616e-22
2.33508e-07 5.77721e-22
2.33633e-07 5.7918e-22
2.33758e-07 5.82851e-22
2.33883e-07 5.85777e-22
2.34008e-07 5.91696e-22
2.34133e-07 5.9777e-22
2.34258e-07 6.04807e-22
2.34383e-07 6.11842e-22
2.34508e-07 6.19164e-22
2.34632e-07 6.24262e-22
2.34757e-07 6.29545e-22
2.34881e-07 6.32386e-22
2.35006e-07 6.33958e-22
2.3513e-07 6.36251e-22
2.35255e-07 6.3757e-22
2.35379e-07 6.413e-22
2.35503e-07 6.47024e-22
2.35627e-07 6.52712e-22
2.35751e-07 6.59491e-22
2.35875e-07 6.67065e-22
2.35999e-07 6.74082e-22
2.36123e-07 6.80442e-22
2.36247e-07 6.84648e-22
2.36371e-07 6.87625e-22
2.36494e-07 6.9134e-22
2.36618e-07 6.94489e-22
2.36742e-07 6.9861e-22
2.36865e-07 7.03752e-22
2.36988e-07 7.099e-22
2.37112e-07 7.16178e-22
2.37235e-07 7.20243e-22
2.37358e-07 7.24585e-22
2.37482e-07 7.28747e-22
2.37605e-07 7.33354e-22
2.37728e-07 7.38173e-22
2.37851e-07 7.43185e-22
2.37974e-07 7.47939e-22
2.38097e-07 7.5338e-22
2.38219e-07 7.58272e-22
2.38342e-07 7.63177e-22
2.38465e-07 7.67208e-22
2.38588e-07 7.71483e-22
2.3871e-07 7.7473e-22
2.38833e-07 7.77583e-22
2.38955e-07 7.80492e-22
2.39078e-07 7.84742e-22
2.392e-07 7.90803e-22
2.39322e-07 7.97934e-22
2.39444e-07 8.05402e-22
2.39567e-07 8.13402e-22
2.39689e-07 8.2066e-22
2.39811e-07 8.26943e-22
2.39933e-07 8.31626e-22
2.40055e-07 8.34479e-22
2.40176e-07 8.34982e-22
2.40298e-07 8.35511e-22
2.4042e-07 8.37349e-22
2.40542e-07 8.40144e-22
2.40663e-07 8.44922e-22
2.40785e-07 8.50522e-22
2.40907e-07 8.56418e-22
2.41028e-07 8.61332e-22
2.41149e-07 8.66274e-22
2.41271e-07 8.72832e-22
2.41392e-07 8.79244e-22
2.41513e-07 8.86509e-22
2.41635e-07 8.91759e-22
2.41756e-07 8.94425e-22
2.41877e-07 8.95918e-22
2.41998e-07 8.97511e-22
2.42119e-07 9.00043e-22
2.4224e-07 9.04353e-22
2.4236e-07 9.0821e-22
2.42481e-07 9.11729e-22
2.42602e-07 9.14975e-22
2.42723e-07 9.18771e-22
2.42843e-07 9.23884e-22
2.42964e-07 9.30068e-22
2.43084e-07 9.36013e-22
2.43205e-07 9.41681e-22
2.43325e-07 9.46982e-22
2.43446e-07 9.52093e-22
2.43566e-07 9.57374e-22
2.43686e-07 9.62863e-22
2.43806e-07 9.67462e-22
2.43927e-07 9.71337e-22
2.44047e-07 9.72861e-22
2.44167e-07 9.7313e-22
2.44287e-07 9.7373e-22
2.44407e-07 9.73531e-22
2.44526e-07 9.74043e-22
2.44646e-07 9.74278e-22
2.44766e-07 9.75468e-22
2.44886e-07 9.79765e-22
2.45005e-07 9.87535e-22
2.45125e-07 9.97684e-22
2.45245e-07 1.00893e-21
2.45364e-07 1.01802e-21
2.45483e-07 1.02412e-21
2.45603e-07 1.02894e-21
2.45722e-07 1.03164e-21
2.45842e-07 1.03245e-21
2.45961e-07 1.03317e-21
2.4608e-07 1.03329e-21
2.46199e-07 1.0329e-21
2.46318e-07 1.03241e-21
2.46437e-07 1.03107e-21
2.46556e-07 1.0315e-21
2.46675e-07 1.03226e-21
2.46794e-07 1.03521e-21
2.46913e-07 1.03904e-21
2.47032e-07 1.046e-21
2.47151e-07 1.05291e-21
2.47269e-07 1.05913e-21
2.47388e-07 1.06442e-21
2.47506e-07 1.06792e-21
2.47625e-07 1.07103e-21
2.47744e-07 1.07379e-21
2.47862e-07 1.07449e-21
2.4798e-07 1.07236e-21
2.48099e-07 1.0694e-21
2.48217e-07 1.06819e-21
2.48335e-07 1.07004e-21
2.48454e-07 1.07517e-21
2.48572e-07 1.08305e-21
2.4869e-07 1.09288e-21
2.48808e-07 1.10202e-21
2.48926e-07 1.10892e-21
2.49044e-07 1.11202e-21
2.49162e-07 1.11172e-21
2.4928e-07 1.10924e-21
2.49398e-07 1.10739e-21
2.49515e-07 1.10846e-21
2.49633e-07 1.11243e-21
2.49751e-07 1.11679e-21
2.49868e-07 1.12101e-21
2.49986e-07 1.12266e-21
2.50104e-07 1.12197e-21
2.50221e-07 1.11895e-21
2.50339e-07 1.11457e-21
2.50456e-07 1.11046e-21
2.50573e-07 1.1081e-21
2.50691e-07 1.10754e-21
2.50808e-07 1.10881e-21
2.50925e-07 1.11073e-21
2.51042e-07 1.1133e-21
2.51159e-07 1.11643e-21
2.51277e-07 1.12207e-21
2.51394e-07 1.13174e-21
2.51511e-07 1.14411e-21
2.51628e-07 1.15553e-21
2.51744e-07 1.16088e-21
2.51861e-07 1.16139e-21
2.51978e-07 1.15816e-21
2.52095e-07 1.15302e-21
2.52212e-07 1.14806e-21
2.52328e-07 1.14257e-21
2.52445e-07 1.13824e-21
2.52562e-07 1.13441e-21
2.52678e-07 1.13244e-21
2.52795e-07 1.13295e-21
2.52911e-07 1.13581e-21
2.53028e-07 1.13862e-21
2.53144e-07 1.14067e-21
2.5326e-07 1.14344e-21
2.53377e-07 1.14738e-21
2.53493e-07 1.15238e-21
2.53609e-07 1.1562e-21
2.53725e-07 1.15821e-21
2.53842e-07 1.15922e-21
2.53958e-07 1.15927e-21
2.54074e-07 1.15817e-21
2.5419e-07 1.15486e-21
2.54306e-07 1.1487e-21
2.54422e-07 1.14212e-21
2.54538e-07 1.13649e-21
2.54653e-07 1.13495e-21
2.54769e-07 1.13822e-21
2.54885e-07 1.14581e-21
2.55001e-07 1.1556e-21
2.55116e-07 1.16607e-21
2.55232e-07 1.17481e-21
2.55348e-07 1.17933e-21
2.55463e-07 1.1778e-21
2.55579e-07 1.17285e-21
2.55694e-07 1.16746e-21
2.5581e-07 1.16139e-21
2.55925e-07 1.15628e-21
2.5604e-07 1.15139e-21
2.56156e-07 1.14556e-21
2.56271e-07 1.13956e-21
2.56386e-07 1.13296e-21
2.56502e-07 1.12574e-21
2.56617e-07 1.12257e-21
2.56732e-07 1.12261e-21
2.56847e-07 1.12581e-21
2.56962e-07 1.13137e-21
2.57077e-07 1.13627e-21
2.57192e-07 1.13828e-21
2.57307e-07 1.13614e-21
2.57422e-07 1.13108e-21
2.57537e-07 1.1264e-21
2.57652e-07 1.12284e-21
2.57766e-07 1.12161e-21
2.57881e-07 1.12055e-21
2.57996e-07 1.11896e-21
2.58111e-07 1.12035e-21
2.58225e-07 1.12641e-21
2.5834e-07 1.13585e-21
2.58454e-07 1.14786e-21
2.58569e-07 1.15749e-21
2.58683e-07 1.16217e-21
2.58798e-07 1.16086e-21
2.58912e-07 1.15562e-21
2.59027e-07 1.14652e-21
2.59141e-07 1.13364e-21
2.59255e-07 1.11835e-21
2.5937e-07 1.1025e-21
2.59484e-07 1.08806e-21
2.59598e-07 1.07683e-21
2.59712e-07 1.07041e-21
2.59826e-07 1.06765e-21
2.59941e-07 1.06871e-21
2.60055e-07 1.07406e-21
2.60169e-07 1.08359e-21
2.60283e-07 1.09503e-21
2.60397e-07 1.10552e-21
2.60511e-07 1.11354e-21
2.60624e-07 1.11695e-21
2.60738e-07 1.11578e-21
2.60852e-07 1.10994e-21
2.60966e-07 1.0994e-21
2.6108e-07 1.08691e-21
2.61193e-07 1.0743e-21
2.61307e-07 1.06306e-21
2.61421e-07 1.05465e-21
2.61534e-07 1.0493e-21
2.61648e-07 1.04704e-21
2.61762e-07 1.04702e-21
2.61875e-07 1.04868e-21
2.61989e-07 1.05137e-21
2.62102e-07 1.05518e-21
2.62215e-07 1.05974e-21
2.62329e-07 1.0648e-21
2.62442e-07 1.06697e-21
2.62556e-07 1.06455e-21
2.62669e-07 1.05638e-21
2.62782e-07 1.04459e-21
2.62895e-07 1.03091e-21
2.63009e-07 1.01741e-21
2.63122e-07 1.00598e-21
2.63235e-07 9.97778e-22
2.63348e-07 9.92208e-22
2.63461e-07 9.88134e-22
2.63574e-07 9.86934e-22
2.63687e-07 9.8847e-22
2.638e-07 9.92381e-22
2.63913e-07 9.97429e-22
2.64026e-07 1.00235e-21
2.64139e-07 1.00552e-21
2.64252e-07 1.00768e-21
2.64364e-07 1.00912e-21
2.64477e-07 1.00815e-21
2.6459e-07 1.00367e-21
2.64703e-07 9.94712e-22
2.64815e-07 9.81941e-22
2.64928e-07 9.67998e-22
2.65041e-07 9.56498e-22
2.65153e-07 9.51918e-22
2.65266e-07 9.5314e-22
2.65378e-07 9.56543e-22
2.65491e-07 9.59704e-22
2.65603e-07 9.60398e-22
2.65716e-07 9.58701e-22
2.65828e-07 9.55152e-22
2.65941e-07 9.49706e-22
2.66053e-07 9.42e-22
2.66165e-07 9.33557e-22
2.66278e-07 9.27009e-22
2.6639e-07 9.22828e-22
2.66502e-07 9.18552e-22
2.66614e-07 9.12048e-22
2.66727e-07 9.03276e-22
2.66839e-07 8.92103e-22
2.66951e-07 8.80486e-22
2.67063e-07 8.72321e-22
2.67175e-07 8.70435e-22
2.67287e-07 8.74945e-22
2.67399e-07 8.83091e-22
2.67511e-07 8.90048e-22
2.67623e-07 8.92461e-22
2.67735e-07 8.89597e-22
2.67847e-07 8.83739e-22
2.67959e-07 8.75723e-22
2.68071e-07 8.66694e-22
2.68183e-07 8.57102e-22
2.68295e-07 8.47123e-22
2.68406e-07 8.37435e-22
2.68518e-07 8.28838e-22
2.6863e-07 8.2257e-22
2.68741e-07 8.17644e-22
2.68853e-07 8.12156e-22
2.68965e-07 8.06113e-22
2.69076e-07 8.00178e-22
2.69188e-07 7.9692e-22
2.693e-07 7.97559e-22
2.69411e-07 8.02185e-22
2.69523e-07 8.09277e-22
2.69634e-07 8.15178e-22
2.69746e-07 8.16443e-22
2.69857e-07 8.11676e-22
2.69969e-07 8.03171e-22
2.7008e-07 7.93422e-22
2.70191e-07 7.83398e-22
2.70303e-07 7.74466e-22
2.70414e-07 7.66602e-22
2.70525e-07 7.58432e-22
2.70637e-07 7.51196e-22
2.70748e-07 7.45186e-22
2.70859e-07 7.40329e-22
2.7097e-07 7.37118e-22
2.71081e-07 7.3423e-22
2.71193e-07 7.30827e-22
2.71304e-07 7.26662e-22
2.71415e-07 7.23202e-22
2.71526e-07 7.21052e-22
2.71637e-07 7.20229e-22
2.71748e-07 7.19954e-22
2.71859e-07 7.19031e-22
2.7197e-07 7.15898e-22
2.72081e-07 7.09425e-22
2.72192e-07 7.00969e-22
2.72303e-07 6.93178e-22
2.72414e-07 6.87872e-22
2.72524e-07 6.8416e-22
2.72635e-07 6.79587e-22
2.72746e-07 6.73978e-22
2.72857e-07 6.68658e-22
2.72968e-07 6.64722e-22
2.73079e-07 6.62919e-22
2.73189e-07 6.60894e-22
2.733e-07 6.56216e-22
2.73411e-07 6.49658e-22
2.73521e-07 6.42061e-22
2.73632e-07 6.34891e-22
2.73742e-07 6.27792e-22
2.73853e-07 6.2083e-22
2.73964e-07 6.13368e-22
2.74074e-07 6.05555e-22
2.74185e-07 5.97782e-22
2.74295e-07 5.91412e-22
2.74406e-07 5.88537e-22
2.74516e-07 5.88797e-22
2.74627e-07 5.90994e-22
2.74737e-07 5.92205e-22
2.74848e-07 5.91889e-22
2.74958e-07 5.89086e-22
2.75068e-07 5.84271e-22
2.75179e-07 5.78444e-22
2.75289e-07 5.72196e-22
2.75399e-07 5.65751e-22
2.7551e-07 5.59601e-22
2.7562e-07 5.53253e-22
2.7573e-07 5.46737e-22
2.7584e-07 5.41345e-22
2.7595e-07 5.3778e-22
2.76061e-07 5.36445e-22
2.76171e-07 5.35734e-22
2.76281e-07 5.3337e-22
2.76391e-07 5.28292e-22
2.76501e-07 5.21638e-22
2.76611e-07 5.15574e-22
2.76721e-07 5.11494e-22
2.76831e-07 5.08346e-22
2.76941e-07 5.04981e-22
2.77051e-07 5.01797e-22
2.77161e-07 4.99598e-22
2.77271e-07 4.97982e-22
2.77381e-07 4.95556e-22
2.77491e-07 4.91849e-22
2.77601e-07 4.86298e-22
2.77711e-07 4.79719e-22
2.77821e-07 4.72817e-22
2.77931e-07 4.66698e-22
2.7804e-07 4.61331e-22
2.7815e-07 4.57187e-22
2.7826e-07 4.54002e-22
2.7837e-07 4.51172e-22
2.7848e-07 4.48234e-22
2.78589e-07 4.44875e-22
2.78699e-07 4.41379e-22
2.78809e-07 4.37068e-22
2.78918e-07 4.32136e-22
2.79028e-07 4.26556e-22
2.79138e-07 4.21361e-22
2.79247e-07 4.17175e-22
2.79357e-07 4.14139e-22
2.79467e-07 4.12265e-22
2.79576e-07 4.11106e-22
2.79686e-07 4.09877e-22
2.79795e-07 4.07988e-22
2.79905e-07 4.04939e-22
2.80014e-07 4.00235e-22
2.80124e-07 3.93733e-22
2.80233e-07 3.86406e-22
2.80343e-07 3.79774e-22
2.80452e-07 3.74618e-22
2.80562e-07 3.70761e-22
2.80671e-07 3.67695e-22
2.80781e-07 3.65739e-22
2.8089e-07 3.6453e-22
2.80999e-07 3.63182e-22
2.81109e-07 3.60828e-22
2.81218e-07 3.56666e-22
2.81327e-07 3.50373e-22
2.81436e-07 3.43467e-22
2.81546e-07 3.36591e-22
2.81655e-07 3.31146e-22
2.81764e-07 3.26651e-22
2.81874e-07 3.2326e-22
2.81983e-07 3.21133e-22
2.82092e-07 3.1974e-22
2.82201e-07 3.19076e-22
2.8231e-07 3.17685e-22
2.82419e-07 3.15267e-22
2.82529e-07 3.1161e-22
2.82638e-07 3.07155e-22
2.82747e-07 3.03345e-22
2.82856e-07 3.0048e-22
2.82965e-07 2.98582e-22
2.83074e-07 2.97967e-22
2.83184e-07 2.9829e-22
2.83293e-07 2.99143e-22
2.83402e-07 2.98916e-22
2.83511e-07 2.96135e-22
2.8362e-07 2.91014e-22
2.83729e-07 2.84706e-22
2.83838e-07 2.78405e-22
2.83947e-07 2.72303e-22
2.84056e-07 2.66915e-22
2.84165e-07 2.62794e-22
2.84273e-07 2.60181e-22
2.84382e-07 2.58575e-22
2.84491e-07 2.56734e-22
2.846e-07 2.54258e-22
2.84709e-07 2.51801e-22
2.84818e-07 2.49538e-22
2.84927e-07 2.46895e-22
2.85036e-07 2.43523e-22
2.85144e-07 2.39389e-22
2.85253e-07 2.3502e-22
2.85362e-07 2.30997e-22
2.85471e-07 2.27926e-22
2.8558e-07 2.26137e-22
2.85688e-07 2.25219e-22
2.85797e-07 2.24604e-22
2.85906e-07 2.23475e-22
2.86015e-07 2.21581e-22
2.86123e-07 2.19174e-22
2.86232e-07 2.16626e-22
2.86341e-07 2.13899e-22
2.86449e-07 2.1102e-22
2.86558e-07 2.08037e-22
2.86667e-07 2.0523e-22
2.86775e-07 2.02714e-22
2.86884e-07 2.00684e-22
2.86992e-07 1.99226e-22
2.87101e-07 1.97893e-22
2.8721e-07 1.96335e-22
2.87318e-07 1.94254e-22
2.87427e-07 1.91407e-22
2.87535e-07 1.87712e-22
2.87644e-07 1.8368e-22
2.87752e-07 1.79715e-22
2.87861e-07 1.76219e-22
2.87969e-07 1.73197e-22
2.88078e-07 1.7074e-22
2.88186e-07 1.68591e-22
2.88295e-07 1.66628e-22
2.88403e-07 1.64968e-22
2.88512e-07 1.63549e-22
2.8862e-07 1.62079e-22
2.88729e-07 1.60392e-22
2.88837e-07 1.58425e-22
2.88945e-07 1.56295e-22
2.89054e-07 1.54272e-22
2.89162e-07 1.52431e-22
2.8927e-07 1.50611e-22
2.89379e-07 1.48622e-22
2.89487e-07 1.46478e-22
2.89596e-07 1.44209e-22
2.89704e-07 1.42074e-22
2.89812e-07 1.40438e-22
2.89921e-07 1.39124e-22
2.90029e-07 1.37921e-22
2.90137e-07 1.36441e-22
2.90245e-07 1.34819e-22
2.90354e-07 1.33266e-22
2.90462e-07 1.3201e-22
2.9057e-07 1.30824e-22
2.90678e-07 1.29506e-22
2.90787e-07 1.27956e-22
2.90895e-07 1.26234e-22
2.91003e-07 1.24402e-22
2.91111e-07 1.22482e-22
2.91219e-07 1.20569e-22
2.91328e-07 1.18565e-22
2.91436e-07 1.1649e-22
2.91544e-07 1.14227e-22
2.91652e-07 1.11819e-22
2.9176e-07 1.09767e-22
2.91868e-07 1.08244e-22
2.91977e-07 1.06976e-22
2.92085e-07 1.05596e-22
2.92193e-07 1.04174e-22
2.92301e-07 1.02915e-22
2.92409e-07 1.02049e-22
2.92517e-07 1.01454e-22
2.92625e-07 1.00894e-22
2.92733e-07 1.00079e-22
2.92841e-07 9.88755e-23
2.92949e-07 9.73982e-23
2.93057e-07 9.57252e-23
2.93165e-07 9.4085e-23
2.93274e-07 9.24583e-23
2.93382e-07 9.08317e-23
2.93489e-07 8.91184e-23
2.93597e-07 8.74449e-23
2.93705e-07 8.58525e-23
2.93813e-07 8.44431e-23
2.93921e-07 8.34041e-23
2.94029e-07 8.26818e-23
2.94137e-07 8.21231e-23
2.94245e-07 8.14593e-23
2.94353e-07 8.04909e-23
2.94461e-07 7.94994e-23
2.94569e-07 7.8664e-23
2.94677e-07 7.76838e-23
2.94785e-07 7.66572e-23
2.94893e-07 7.55853e-23
2.95001e-07 7.44803e-23
2.95109e-07 7.32419e-23
2.95217e-07 7.18168e-23
2.95324e-07 7.03427e-23
2.95432e-07 6.8923e-23
2.9554e-07 6.76031e-23
2.95648e-07 6.66595e-23
2.95756e-07 6.5959e-23
2.95864e-07 6.52258e-23
2.95972e-07 6.43675e-23
2.96079e-07 6.32698e-23
2.96187e-07 6.19109e-23
2.96295e-07 6.06339e-23
2.96403e-07 5.97606e-23
2.96511e-07 5.92761e-23
2.96618e-07 5.89941e-23
2.96726e-07 5.87172e-23
2.96834e-07 5.8214e-23
2.96942e-07 5.73941e-23
2.9705e-07 5.62465e-23
2.97157e-07 5.50847e-23
2.97265e-07 5.41226e-23
2.97373e-07 5.32533e-23
2.97481e-07 5.23417e-23
2.97588e-07 5.14189e-23
2.97696e-07 5.05179e-23
2.97804e-07 4.96931e-23
2.97911e-07 4.88861e-23
2.98019e-07 4.81476e-23
2.98127e-07 4.75048e-23
2.98235e-07 4.69613e-23
2.98342e-07 4.64418e-23
2.9845e-07 4.57864e-23
2.98558e-07 4.52309e-23
2.98666e-07 4.48532e-23
2.98773e-07 4.45094e-23
2.98881e-07 4.4073e-23
2.98988e-07 4.34583e-23
2.99096e-07 4.26717e-23
2.99204e-07 4.17856e-23
2.99311e-07 4.0892e-23
2.99419e-07 4.00209e-23
2.99527e-07 3.92176e-23
2.99634e-07 3.84621e-23
2.99742e-07 3.78521e-23
2.9985e-07 3.74475e-23
2.99957e-07 3.71586e-23
3.00065e-07 3.68377e-23
3.00172e-07 3.64246e-23
3.0028e-07 3.58764e-23
3.00388e-07 3.53947e-23
3.00495e-07 3.50035e-23
3.00603e-07 3.46124e-23
3.00711e-07 3.41662e-23
3.00818e-07 3.35398e-23
3.00926e-07 3.28355e-23
3.01033e-07 3.21206e-23
3.01141e-07 3.13638e-23
3.01248e-07 3.07446e-23
3.01356e-07 3.02622e-23
3.01464e-07 2.97981e-23
3.01571e-07 2.93812e-23
3.01679e-07 2.90979e-23
3.01786e-07 2.89124e-23
3.01894e-07 2.87609e-23
3.02001e-07 2.85109e-23
3.02109e-07 2.82077e-23
3.02216e-07 2.78349e-23
3.02324e-07 2.74412e-23
3.02431e-07 2.69977e-23
3.02539e-07 2.64819e-23
3.02646e-07 2.59449e-23
3.02754e-07 2.54202e-23
3.02861e-07 2.48638e-23
3.02969e-07 2.43131e-23
3.03076e-07 2.38088e-23
3.03184e-07 2.34123e-23
3.03291e-07 2.31015e-23
3.03399e-07 2.28348e-23
3.03506e-07 2.25925e-23
3.03614e-07 2.23567e-23
3.03721e-07 2.21238e-23
3.03829e-07 2.20326e-23
3.03936e-07 2.19824e-23
3.04044e-07 2.19051e-23
3.04151e-07 2.16715e-23
3.04259e-07 2.12815e-23
3.04366e-07 2.09119e-23
3.04473e-07 2.05686e-23
3.04581e-07 2.02258e-23
3.04688e-07 1.97746e-23
3.04796e-07 1.92875e-23
3.04903e-07 1.88079e-23
3.05011e-07 1.83614e-23
3.05118e-07 1.7951e-23
3.05225e-07 1.75768e-23
3.05333e-07 1.72426e-23
3.0544e-07 1.69804e-23
3.05548e-07 1.6826e-23
3.05655e-07 1.67709e-23
3.05763e-07 1.67378e-23
3.0587e-07 1.6598e-23
3.05977e-07 1.64022e-23
3.06085e-07 1.62269e-23
3.06192e-07 1.62089e-23
3.063e-07 1.62098e-23
3.06407e-07 1.60594e-23
3.06514e-07 1.57299e-23
3.06622e-07 1.53647e-23
3.06729e-07 1.50797e-23
3.06837e-07 1.48348e-23
3.06944e-07 1.4524e-23
3.07051e-07 1.41034e-23
3.07159e-07 1.36741e-23
3.07266e-07 1.32929e-23
3.07373e-07 1.30189e-23
3.07481e-07 1.27495e-23
3.07588e-07 1.25365e-23
3.07695e-07 1.23633e-23
3.07803e-07 1.23128e-23
3.0791e-07 1.23497e-23
3.08018e-07 1.23333e-23
3.08125e-07 1.23047e-23
3.08232e-07 1.22378e-23
3.0834e-07 1.20034e-23
3.08447e-07 1.16969e-23
3.08554e-07 1.15214e-23
3.08662e-07 1.15751e-23
3.08769e-07 1.15605e-23
3.08876e-07 1.14532e-23
3.08984e-07 1.12715e-23
3.09091e-07 1.11501e-23
3.09198e-07 1.09088e-23
3.09306e-07 1.06207e-23
3.09413e-07 1.0261e-23
3.0952e-07 9.76944e-24
3.09628e-07 9.41293e-24
3.09735e-07 9.20939e-24
3.09842e-07 9.10731e-24
3.0995e-07 9.04087e-24
3.10057e-07 8.98635e-24
3.10164e-07 9.00866e-24
3.10272e-07 9.07654e-24
3.10379e-07 9.01966e-24
3.10486e-07 8.79049e-24
3.10594e-07 8.55526e-24
3.10701e-07 8.46539e-24
3.10808e-07 8.40384e-24
3.10916e-07 8.27329e-24
3.11023e-07 8.19087e-24
3.1113e-07 8.11152e-24
3.11237e-07 8.13343e-24
3.11345e-07 8.20873e-24
3.11452e-07 8.20421e-24
3.11559e-07 8.03465e-24
3.11667e-07 7.78557e-24
3.11774e-07 7.51127e-24
3.11881e-07 7.26053e-24
3.11989e-07 7.05284e-24
3.12096e-07 6.87747e-24
3.12203e-07 6.76276e-24
3.12311e-07 6.65128e-24
3.12418e-07 6.50512e-24
3.12525e-07 6.34826e-24
3.12632e-07 6.2195e-24
3.1274e-07 6.11901e-24
3.12847e-07 6.03223e-24
3.12954e-07 6.00839e-24
3.13062e-07 5.95861e-24
3.13169e-07 5.89005e-24
3.13276e-07 5.90061e-24
3.13383e-07 6.09596e-24
3.13491e-07 6.2653e-24
3.13598e-07 6.30542e-24
3.13705e-07 6.20415e-24
3.13813e-07 6.04589e-24
3.1392e-07 5.83748e-24
3.14027e-07 5.67169e-24
3.14134e-07 5.46272e-24
3.14242e-07 5.25806e-24
3.14349e-07 5.04821e-24
3.14456e-07 4.84588e-24
3.14563e-07 4.66803e-24
3.14671e-07 4.58654e-24
3.14742e-07 4.41282e-24
3.14858e-07 4.40319e-24
3.14974e-07 4.36585e-24
3.15091e-07 4.31885e-24
3.15207e-07 4.32453e-24
3.15323e-07 4.44725e-24
3.15439e-07 4.65196e-24
3.15556e-07 4.78154e-24
3.15672e-07 4.72643e-24
3.15788e-07 4.52685e-24
3.15904e-07 4.28044e-24
3.1602e-07 4.0501e-24
3.16136e-07 3.89845e-24
3.16252e-07 3.78378e-24
3.16369e-07 3.67715e-24
3.16485e-07 3.54334e-24
3.16601e-07 3.40231e-24
3.16717e-07 3.29069e-24
3.16833e-07 3.27777e-24
3.16949e-07 3.37593e-24
3.17065e-07 3.48411e-24
3.1718e-07 3.50084e-24
3.17296e-07 3.43154e-24
3.17412e-07 3.41427e-24
3.17528e-07 3.54559e-24
3.17644e-07 3.67049e-24
3.1776e-07 3.61951e-24
3.17876e-07 3.42262e-24
3.17991e-07 3.25864e-24
3.18107e-07 3.1463e-24
3.18223e-07 2.99327e-24
3.18339e-07 2.79279e-24
3.18454e-07 2.60497e-24
3.1857e-07 2.47823e-24
3.18686e-07 2.39747e-24
3.18802e-07 2.3221e-24
3.18917e-07 2.23243e-24
3.19033e-07 2.14566e-24
3.19148e-07 2.11775e-24
3.19264e-07 2.22299e-24
3.1938e-07 2.47024e-24
3.19495e-07 2.69276e-24
3.19611e-07 2.72615e-24
3.19726e-07 2.63039e-24
3.19842e-07 2.59769e-24
3.19957e-07 2.73752e-24
3.20073e-07 2.84113e-24
3.20188e-07 2.72169e-24
3.20304e-07 2.48072e-24
3.20419e-07 2.25344e-24
3.20534e-07 2.10973e-24
3.2065e-07 2.00176e-24
3.20765e-07 1.85729e-24
3.2088e-07 1.69494e-24
3.20996e-07 1.55701e-24
3.21111e-07 1.47005e-24
3.21226e-07 1.44186e-24
3.21342e-07 1.45698e-24
3.21457e-07 1.47402e-24
3.21572e-07 1.45546e-24
3.21687e-07 1.42856e-24
3.21803e-07 1.47829e-24
3.21918e-07 1.71128e-24
3.22033e-07 2.05435e-24
3.22148e-07 2.19436e-24
3.22263e-07 2.092e-24
3.22378e-07 1.92855e-24
3.22494e-07 1.85687e-24
3.22609e-07 1.99046e-24
3.22724e-07 2.11194e-24
3.22839e-07 2.01156e-24
3.22954e-07 1.81173e-24
3.23069e-07 1.60639e-24
3.23184e-07 1.41947e-24
3.23299e-07 1.26354e-24
3.23414e-07 1.137e-24
3.23529e-07 1.03076e-24
3.23643e-07 9.40245e-25
3.23758e-07 8.66428e-25
3.23873e-07 8.21696e-25
3.23988e-07 8.21639e-25
3.24103e-07 8.89699e-25
3.24218e-07 9.77845e-25
3.24333e-07 1.00983e-24
3.24448e-07 1.00029e-24
3.24562e-07 1.0033e-24
3.24677e-07 1.10466e-24
3.24792e-07 1.40449e-24
3.24907e-07 1.63397e-24
3.25021e-07 1.59209e-24
3.25136e-07 1.44586e-24
3.25251e-07 1.29507e-24
3.25366e-07 1.20688e-24
3.2548e-07 1.24412e-24
3.25595e-07 1.27164e-24
3.2571e-07 1.18659e-24
3.25824e-07 1.06042e-24
3.25939e-07 9.39983e-25
3.26053e-07 8.33721e-25
3.26168e-07 7.48759e-25
3.26282e-07 6.8168e-25
3.26397e-07 6.33032e-25
3.26512e-07 5.93558e-25
3.26626e-07 5.55321e-25
3.2674e-07 5.24749e-25
3.26855e-07 5.11026e-25
3.26969e-07 5.40286e-25
3.27084e-07 6.45544e-25
3.27198e-07 7.51868e-25
3.27313e-07 7.75554e-25
3.27427e-07 7.43139e-25
3.27542e-07 7.03757e-25
3.27656e-07 7.1544e-25
3.2777e-07 8.68049e-25
3.27885e-07 1.09554e-24
3.27999e-07 1.19813e-24
3.28113e-07 1.14477e-24
3.28228e-07 1.02806e-24
3.28342e-07 9.05613e-25
3.28456e-07 7.94662e-25
3.2857e-07 6.97863e-25
3.28685e-07 6.09304e-25
3.28799e-07 5.33551e-25
3.28913e-07 4.69753e-25
3.29027e-07 4.20959e-25
3.29141e-07 3.79255e-25
3.29256e-07 3.46535e-25
3.2937e-07 3.21185e-25
3.29484e-07 3.11267e-25
3.29598e-07 3.16316e-25
3.29712e-07 3.19372e-25
3.29826e-07 3.12564e-25
3.2994e-07 3.04688e-25
3.30054e-07 3.1745e-25
3.30168e-07 3.83204e-25
3.30282e-07 5.25428e-25
3.30396e-07 6.19242e-25
3.3051e-07 6.14506e-25
3.30624e-07 5.71218e-25
3.30738e-07 5.27926e-25
3.30852e-07 5.16674e-25
3.30966e-07 5.93138e-25
3.3108e-07 7.19617e-25
3.31194e-07 7.34114e-25
3.31308e-07 6.7388e-25
3.31422e-07 5.96233e-25
3.31536e-07 5.19997e-25
3.31649e-07 4.5565e-25
3.31763e-07 3.99494e-25
3.31877e-07 3.49369e-25
3.31991e-07 3.05241e-25
3.32105e-07 2.69316e-25
3.32219e-07 2.39491e-25
3.32332e-07 2.17184e-25
3.32446e-07 1.98844e-25
3.3256e-07 1.86527e-25
3.32674e-07 1.80459e-25
3.32787e-07 1.86711e-25
3.32901e-07 2.103e-25
3.33015e-07 2.31373e-25
3.33128e-07 2.43118e-25
3.33242e-07 2.47505e-25
3.33356e-07 2.49658e-25
3.33469e-07 2.7585e-25
3.33583e-07 3.69502e-25
3.33697e-07 4.83739e-25
3.3381e-07 5.11144e-25
3.33924e-07 4.85345e-25
3.34037e-07 4.35955e-25
3.34151e-07 3.81315e-25
3.34264e-07 3.3108e-25
3.34378e-07 2.87935e-25
3.34491e-07 2.55774e-25
3.34605e-07 2.35367e-25
3.34718e-07 2.15773e-25
3.34832e-07 1.93621e-25
3.34945e-07 1.71128e-25
3.35059e-07 1.5067e-25
3.35172e-07 1.33872e-25
3.35286e-07 1.19587e-25
3.35399e-07 1.10987e-25
3.35512e-07 1.0669e-25
3.35626e-07 1.05138e-25
3.35739e-07 1.03098e-25
3.35853e-07 9.93265e-26
3.35966e-07 9.64845e-26
3.36079e-07 1.00196e-25
3.36192e-07 1.15217e-25
3.36306e-07 1.4239e-25
3.36419e-07 1.78093e-25
3.36532e-07 1.96163e-25
3.36646e-07 1.92156e-25
3.36759e-07 1.82564e-25
3.36872e-07 1.8013e-25
3.36985e-07 1.95063e-25
3.37099e-07 2.4803e-25
3.37212e-07 3.21956e-25
3.37325e-07 3.40163e-25
3.37438e-07 3.18546e-25
3.37551e-07 2.85224e-25
3.37665e-07 2.50841e-25
3.37778e-07 2.18592e-25
3.37891e-07 1.90651e-25
3.38004e-07 1.65489e-25
3.38117e-07 1.42925e-25
3.38231e-07 1.24075e-25
3.38344e-07 1.07512e-25
3.38457e-07 9.49125e-26
3.3857e-07 8.54245e-26
3.38683e-07 7.93742e-26
3.38796e-07 7.57287e-26
3.38909e-07 7.28067e-26
3.39022e-07 7.02075e-26
3.39135e-07 6.81007e-26
3.39248e-07 6.97247e-26
3.39361e-07 7.74261e-26
3.39474e-07 8.39988e-26
3.39587e-07 8.50354e-26
3.397e-07 8.34722e-26
3.39813e-07 8.507e-26
3.39925e-07 9.79685e-26
3.40038e-07 1.33134e-25
3.40151e-07 1.67472e-25
3.40264e-07 1.72626e-25
3.40377e-07 1.61027e-25
3.4049e-07 1.43876e-25
3.40603e-07 1.25933e-25
3.40716e-07 1.09344e-25
3.40828e-07 9.47596e-26
3.40941e-07 8.22411e-26
3.41054e-07 7.16384e-26
3.41167e-07 6.26722e-26
3.41279e-07 5.52958e-26
3.41392e-07 4.93014e-26
3.41505e-07 4.42518e-26
3.41618e-07 4.05309e-26
3.41731e-07 3.77242e-26
3.41843e-07 3.63022e-26
3.41956e-07 3.61832e-26
3.42069e-07 3.71951e-26
3.42181e-07 3.68512e-26
3.42294e-07 3.46475e-26
3.42407e-07 3.20091e-26
3.42519e-07 3.02579e-26
3.42632e-07 2.97173e-26
3.42745e-07 3.16587e-26
3.42857e-07 3.65512e-26
3.4297e-07 4.11178e-26
3.43082e-07 4.62952e-26
3.43195e-07 5.26718e-26
3.43308e-07 5.4613e-26
3.4342e-07 5.32505e-26
3.43533e-07 5.26167e-26
3.43645e-07 5.53536e-26
3.43758e-07 6.59949e-26
3.4387e-07 9.26133e-26
3.43983e-07 1.20656e-25
3.44095e-07 1.25645e-25
3.44208e-07 1.17563e-25
3.4432e-07 1.05241e-25
3.44433e-07 9.23472e-26
3.44545e-07 8.02934e-26
3.44658e-07 6.97424e-26
3.4477e-07 6.09701e-26
3.44883e-07 5.37586e-26
3.44995e-07 4.7605e-26
3.45107e-07 4.21178e-26
3.4522e-07 3.79104e-26
3.45332e-07 3.53516e-26
3.45445e-07 3.35196e-26
3.45557e-07 3.32403e-26
3.45669e-07 3.39886e-26
3.45782e-07 3.33045e-26
3.45894e-07 3.08913e-26
3.46006e-07 2.78481e-26
3.46119e-07 2.50922e-26
3.46231e-07 2.31121e-26
3.46343e-07 2.21215e-26
3.46455e-07 2.16196e-26
3.46568e-07 2.08169e-26
3.4668e-07 1.9953e-26
3.46792e-07 1.95392e-26
3.46904e-07 2.04144e-26
3.47017e-07 2.42729e-26
3.47129e-07 3.29132e-26
3.47241e-07 4.0421e-26
3.47353e-07 4.09556e-26
3.47466e-07 3.8013e-26
3.47578e-07 3.40299e-26
3.4769e-07 2.99252e-26
3.47802e-07 2.61198e-26
3.47914e-07 2.27541e-26
3.48026e-07 1.98351e-26
3.48138e-07 1.73613e-26
3.48251e-07 1.54227e-26
3.48363e-07 1.37798e-26
3.48475e-07 1.2792e-26
3.48587e-07 1.23688e-26
3.48699e-07 1.21897e-26
3.48811e-07 1.15702e-26
3.48923e-07 1.06644e-26
3.49035e-07 9.87754e-27
3.49147e-07 9.34136e-27
3.49259e-07 9.57697e-27
3.49371e-07 1.12221e-26
3.49483e-07 1.34115e-26
3.49595e-07 1.40511e-26
3.49707e-07 1.34031e-26
3.49819e-07 1.24524e-26
3.49931e-07 1.15382e-26
3.50043e-07 1.09237e-26
3.50155e-07 1.09806e-26
3.50267e-07 1.1157e-26
3.50379e-07 1.10198e-26
3.50491e-07 1.0704e-26
3.50603e-07 1.05031e-26
3.50715e-07 1.03713e-26
3.50827e-07 1.02908e-26
3.50939e-07 1.0639e-26
3.51051e-07 1.21043e-26
3.51163e-07 1.60525e-26
3.51274e-07 2.40589e-26
3.51386e-07 3.27773e-26
3.51498e-07 3.55582e-26
3.5161e-07 3.41675e-26
3.51722e-07 3.1161e-26
3.51834e-07 2.77323e-26
3.51945e-07 2.43201e-26
3.52057e-07 2.12261e-26
3.52169e-07 1.86051e-26
3.52281e-07 1.66886e-26
3.52393e-07 1.55618e-26
3.52504e-07 1.52019e-26
3.52616e-07 1.48891e-26
3.52728e-07 1.39365e-26
3.5284e-07 1.25637e-26
3.52951e-07 1.11497e-26
3.53063e-07 9.91055e-27
3.53175e-07 8.86976e-27
3.53287e-07 8.25972e-27
3.53398e-07 7.80788e-27
3.5351e-07 7.11473e-27
3.53622e-07 6.41263e-27
3.53733e-07 5.70314e-27
3.53845e-07 5.05526e-27
3.53957e-07 4.52561e-27
3.54068e-07 4.08038e-27
3.5418e-07 3.77946e-27
3.54292e-07 3.58245e-27
3.54403e-07 3.5429e-27
3.54515e-07 3.57164e-27
3.54626e-07 3.74485e-27
3.54738e-07 4.18493e-27
3.5485e-07 4.88511e-27
3.54961e-07 5.58961e-27
3.55073e-07 5.81069e-27
3.55184e-07 5.65571e-27
3.55296e-07 5.33572e-27
3.55407e-07 4.84698e-27
3.55519e-07 4.33363e-27
3.5563e-07 3.90245e-27
3.55742e-07 3.55002e-27
3.55854e-07 3.38789e-27
3.55965e-07 3.2714e-27
3.56077e-07 3.0564e-27
3.56188e-07 2.76281e-27
3.563e-07 2.55459e-27
3.56411e-07 2.51175e-27
3.56522e-07 2.80967e-27
3.56634e-07 3.65153e-27
3.56745e-07 4.58165e-27
3.56857e-07 4.86799e-27
3.56968e-07 4.62361e-27
3.5708e-07 4.24422e-27
3.57191e-07 3.82205e-27
3.57302e-07 3.48081e-27
3.57414e-07 3.51226e-27
3.57525e-07 3.54958e-27
3.57637e-07 3.3896e-27
3.57748e-07 3.11269e-27
3.57859e-07 2.78577e-27
3.57971e-07 2.56394e-27
3.58082e-07 2.29001e-27
3.58194e-07 2.09494e-27
3.58305e-07 1.92993e-27
3.58416e-07 1.76911e-27
3.58528e-07 1.60824e-27
3.58639e-07 1.54489e-27
3.5875e-07 1.47232e-27
3.58861e-07 1.62397e-27
3.58973e-07 1.86713e-27
3.59084e-07 2.22155e-27
3.59195e-07 2.95772e-27
3.59307e-07 4.10411e-27
3.59418e-07 5.36933e-27
3.59529e-07 6.00043e-27
3.5964e-07 6.00769e-27
3.59752e-07 5.68167e-27
3.59863e-07 5.20806e-27
3.59974e-07 4.77786e-27
3.60085e-07 4.50167e-27
3.60196e-07 4.4292e-27
3.60308e-07 4.27869e-27
3.60419e-07 3.88825e-27
3.6053e-07 3.48068e-27
3.60641e-07 3.05356e-27
3.60752e-07 2.71636e-27
3.60863e-07 2.44813e-27
3.60975e-07 2.25335e-27
3.61086e-07 2.08167e-27
3.61197e-07 1.89948e-27
3.61308e-07 1.69753e-27
3.61419e-07 1.52398e-27
3.6153e-07 1.35037e-27
3.61642e-07 1.15591e-27
3.61753e-07 1.01731e-27
3.61864e-07 8.49146e-28
3.61975e-07 7.87707e-28
3.62086e-07 6.66835e-28
3.62197e-07 6.40885e-28
3.62308e-07 6.30013e-28
3.62419e-07 5.69824e-28
3.6253e-07 4.73088e-28
3.62641e-07 4.46277e-28
3.62752e-07 4.1821e-28
3.62863e-07 3.9831e-28
3.62974e-07 3.76462e-28
3.63085e-07 4.42438e-28
3.63196e-07 4.52084e-28
3.63307e-07 4.22607e-28
3.63418e-07 4.62625e-28
3.63529e-07 4.70443e-28
3.6364e-07 5.20997e-28
3.63751e-07 5.2397e-28
3.63862e-07 4.56775e-28
3.63973e-07 4.19701e-28
3.64084e-07 4.18951e-28
3.64195e-07 4.05866e-28
3.64306e-07 4.68147e-28
3.64417e-07 4.99238e-28
3.64528e-07 6.90689e-28
3.64639e-07 1.0136e-27
3.6475e-07 1.29088e-27
3.64861e-07 1.36779e-27
3.64972e-07 1.35191e-27
3.65082e-07 1.22384e-27
3.65193e-07 1.14433e-27
3.65304e-07 1.0503e-27
3.65415e-07 1.04326e-27
3.65526e-07 1.15325e-27
3.65637e-07 1.13729e-27
3.65748e-07 1.0727e-27
3.65859e-07 9.86918e-28
3.65969e-07 8.69218e-28
3.6608e-07 7.94815e-28
3.66191e-07 6.64685e-28
3.66302e-07 6.42273e-28
3.66413e-07 5.51734e-28
3.66523e-07 4.87196e-28
3.66634e-07 4.38155e-28
3.66745e-07 3.64216e-28
3.66856e-07 3.59404e-28
3.66967e-07 3.04405e-28
3.67077e-07 2.30264e-28
3.67188e-07 2.12396e-28
3.67299e-07 1.72068e-28
3.6741e-07 1.66442e-28
3.67521e-07 1.01055e-28
3.67631e-07 1.19738e-28
3.67742e-07 1.56588e-28
3.67853e-07 1.54879e-28
3.67963e-07 1.41287e-28
3.68074e-07 2.24213e-28
3.68185e-07 3.2048e-28
3.68296e-07 3.88836e-28
3.68406e-07 5.0735e-28
3.68517e-07 5.91676e-28
3.68628e-07 6.16699e-28
3.68738e-07 6.33003e-28
3.68849e-07 5.97312e-28
3.6896e-07 5.38659e-28
3.6907e-07 4.83463e-28
3.69181e-07 4.16114e-28
3.69292e-07 3.59494e-28
3.69402e-07 2.95387e-28
3.69513e-07 3.13516e-28
3.69623e-07 2.45049e-28
3.69734e-07 1.90453e-28
3.69845e-07 1.74618e-28
3.69955e-07 1.14539e-28
3.70066e-07 1.31236e-28
3.70177e-07 1.12312e-28
3.70287e-07 8.86705e-29
3.70398e-07 2.21195e-29
3.70508e-07 9.19714e-30
3.70619e-07 2.43282e-29
3.70951e-07 1.49875e-29
3.73381e-07 6.55282e-29
3.73492e-07 6.98105e-29
3.73602e-07 8.87285e-29
3.73712e-07 5.48213e-29
3.73823e-07 9.38488e-29
3.73933e-07 1.05127e-28
3.74044e-07 8.70976e-29
3.74154e-07 1.17639e-28
3.74264e-07 1.34739e-28
3.74375e-07 1.57576e-28
3.74485e-07 1.12913e-28
3.74595e-07 1.29191e-28
3.74706e-07 1.04314e-28
3.74816e-07 1.15119e-28
3.74926e-07 7.68002e-29
3.75037e-07 1.00255e-28
3.75147e-07 7.17477e-29
3.75257e-07 7.7801e-29
3.75368e-07 2.49546e-29
3.75478e-07 7.08298e-30
3.75588e-07 2.22998e-29
3.75699e-07 4.19471e-29
3.75809e-07 4.21258e-29
3.75919e-07 2.3271e-29
3.7625e-07 1.87862e-29
3.7636e-07 2.1698e-29
3.76471e-07 4.81665e-29
3.76581e-07 6.8276e-29
3.76691e-07 6.81192e-29
3.76801e-07 6.38923e-29
3.76911e-07 7.69962e-29
3.77022e-07 9.4053e-29
3.77132e-07 5.66388e-29
3.77242e-07 8.06623e-29
3.77352e-07 1.08766e-28
3.77463e-07 1.07046e-28
3.77573e-07 7.47275e-29
3.77683e-07 1.0277e-28
3.77793e-07 1.29964e-28
3.77903e-07 1.13503e-28
3.78014e-07 1.16414e-28
3.78124e-07 1.30518e-28
3.78234e-07 1.56516e-28
3.78344e-07 1.40862e-28
3.78454e-07 1.36352e-28
3.78564e-07 1.64229e-28
3.78675e-07 1.65363e-28
3.78785e-07 2.34326e-28
3.78895e-07 2.23452e-28
3.79005e-07 2.16953e-28
3.79115e-07 2.79369e-28
3.79225e-07 2.31136e-28
3.79335e-07 1.99026e-28
3.79445e-07 3.04528e-28
3.79555e-07 2.84228e-28
3.79666e-07 3.10398e-28
3.79776e-07 2.95682e-28
3.79886e-07 3.02288e-28
3.79996e-07 3.06614e-28
3.80106e-07 3.76124e-28
3.80216e-07 3.07061e-28
3.80326e-07 3.39209e-28
3.80436e-07 3.34718e-28
3.80546e-07 3.68671e-28
3.80656e-07 3.53573e-28
3.80766e-07 3.22254e-28
3.80876e-07 4.19717e-28
3.80986e-07 3.81101e-28
3.81096e-07 3.96556e-28
3.81206e-07 3.97618e-28
3.81316e-07 4.09153e-28
3.81426e-07 3.96345e-28
3.81536e-07 4.32067e-28
3.81646e-07 4.15371e-28
3.81756e-07 3.84317e-28
3.81866e-07 4.3336e-28
3.81976e-07 4.33152e-28
3.82086e-07 4.23578e-28
3.82196e-07 4.03448e-28
3.82306e-07 4.64708e-28
3.82416e-07 4.27865e-28
3.82526e-07 4.52025e-28
3.82636e-07 4.56026e-28
3.82746e-07 4.29837e-28
3.82856e-07 4.14782e-28
3.82966e-07 4.4546e-28
3.83076e-07 4.31998e-28
3.83186e-07 4.33526e-28
3.83296e-07 4.27225e-28
3.83406e-07 4.42189e-28
3.83515e-07 4.29187e-28
3.83625e-07 4.29024e-28
3.83735e-07 3.96738e-28
3.83845e-07 3.81838e-28
3.83955e-07 3.76894e-28
3.84065e-07 3.50298e-28
3.84175e-07 3.39047e-28
3.84285e-07 3.49552e-28
3.84395e-07 3.31175e-28
3.84504e-07 3.60902e-28
3.84614e-07 3.16466e-28
3.84724e-07 2.71818e-28
3.84834e-07 2.96728e-28
3.84944e-07 3.06199e-28
3.85054e-07 2.70916e-28
3.85163e-07 3.00541e-28
3.85273e-07 2.46682e-28
3.85383e-07 2.66911e-28
3.85493e-07 2.8537e-28
3.85603e-07 2.74064e-28
3.85712e-07 2.32391e-28
3.85822e-07 2.48268e-28
3.85932e-07 2.69796e-28
3.86042e-07 2.28355e-28
3.86152e-07 2.28389e-28
3.86261e-07 2.04631e-28
3.86371e-07 2.42122e-28
3.86481e-07 2.64872e-28
3.86591e-07 2.70875e-28
3.86701e-07 2.28483e-28
3.8681e-07 2.81317e-28
3.8692e-07 2.66747e-28
3.8703e-07 2.69075e-28
3.87139e-07 2.66591e-28
3.87249e-07 3.21847e-28
3.87359e-07 2.9671e-28
3.87469e-07 2.77078e-28
3.87578e-07 2.51655e-28
3.87688e-07 3.13446e-28
3.87798e-07 3.02446e-28
3.87907e-07 2.76884e-28
3.88017e-07 3.01308e-28
3.88127e-07 2.94434e-28
3.88236e-07 3.15683e-28
3.88346e-07 3.10511e-28
3.88456e-07 3.21776e-28
3.88565e-07 2.94869e-28
3.88675e-07 3.67683e-28
3.88785e-07 2.90013e-28
3.88894e-07 3.34096e-28
3.89004e-07 3.33779e-28
3.89114e-07 3.54773e-28
3.89223e-07 3.06427e-28
3.89333e-07 2.77094e-28
3.89443e-07 3.27288e-28
3.89552e-07 2.71615e-28
3.89662e-07 3.15754e-28
3.89771e-07 3.91856e-28
3.89881e-07 3.14312e-28
3.89991e-07 3.52236e-28
3.901e-07 3.87488e-28
3.9021e-07 3.67736e-28
3.90319e-07 3.76698e-28
3.90429e-07 3.96481e-28
3.90538e-07 3.73302e-28
3.90648e-07 3.67687e-28
3.90758e-07 3.86383e-28
3.90867e-07 3.97744e-28
3.90977e-07 4.46451e-28
3.91086e-07 4.47854e-28
3.91196e-07 4.57009e-28
3.91305e-07 4.49403e-28
3.91415e-07 4.52711e-28
3.91524e-07 4.49778e-28
3.91634e-07 4.80693e-28
3.91743e-07 4.77239e-28
3.91853e-07 4.87554e-28
3.91962e-07 5.60863e-28
3.92072e-07 5.53099e-28
3.92181e-07 5.84512e-28
3.92291e-07 5.69234e-28
3.924e-07 5.85458e-28
3.9251e-07 5.79274e-28
3.92619e-07 5.77115e-28
3.92729e-07 5.94249e-28
3.92838e-07 6.16547e-28
3.92948e-07 6.91522e-28
3.93057e-07 6.64751e-28
3.93167e-07 6.75571e-28
3.93276e-07 7.06374e-28
3.93385e-07 7.55238e-28
3.93495e-07 7.63027e-28
3.93604e-07 7.94265e-28
3.93714e-07 8.16677e-28
3.93823e-07 8.12744e-28
3.93933e-07 8.45222e-28
3.94042e-07 8.83826e-28
3.94151e-07 9.04788e-28
3.94261e-07 9.24095e-28
3.9437e-07 9.93424e-28
3.94479e-07 1.0128e-27
3.94589e-07 1.02818e-27
3.94698e-07 1.07592e-27
3.94808e-07 1.11901e-27
3.94917e-07 1.14832e-27
3.95026e-07 1.1191e-27
3.95136e-07 1.14167e-27
3.95245e-07 1.10621e-27
3.95354e-07 1.18534e-27
3.95464e-07 1.12296e-27
3.95573e-07 1.1518e-27
3.95682e-07 1.13352e-27
3.95792e-07 1.16698e-27
3.95901e-07 1.16135e-27
3.9601e-07 1.18416e-27
3.96119e-07 1.21709e-27
3.96229e-07 1.15391e-27
3.96338e-07 1.19851e-27
3.96447e-07 1.18753e-27
3.96557e-07 1.1717e-27
3.96666e-07 1.15874e-27
3.96775e-07 1.12138e-27
3.96884e-07 1.19384e-27
3.96994e-07 1.18395e-27
3.97103e-07 1.20179e-27
3.97212e-07 1.16948e-27
3.97321e-07 1.21497e-27
3.97431e-07 1.17633e-27
3.9754e-07 1.16367e-27
3.97649e-07 1.19719e-27
3.97758e-07 1.20009e-27
3.97868e-07 1.22895e-27
3.97977e-07 1.23588e-27
3.98086e-07 1.23568e-27
3.98195e-07 1.23894e-27
3.98304e-07 1.24334e-27
3.98414e-07 1.22321e-27
3.98523e-07 1.23753e-27
3.98632e-07 1.2333e-27
3.98741e-07 1.28986e-27
3.9885e-07 1.26656e-27
3.98959e-07 1.29792e-27
3.99069e-07 1.26098e-27
3.99178e-07 1.3007e-27
3.99287e-07 1.27636e-27
3.99396e-07 1.36027e-27
3.99505e-07 1.36092e-27
3.99614e-07 1.30728e-27
3.99723e-07 1.39256e-27
3.99832e-07 1.3656e-27
3.99942e-07 1.39443e-27
4.00051e-07 1.36153e-27
4.00142e-07 1.36144e-27
4.00443e-07 1.50992e-27
4.00743e-07 1.5472e-27
4.01043e-07 1.52222e-27
4.01343e-07 1.52847e-27
4.01643e-07 1.60595e-27
4.01943e-07 1.6508e-27
4.02243e-07 1.70228e-27
4.02543e-07 1.69887e-27
4.02843e-07 1.69904e-27
4.03143e-07 1.67298e-27
4.03443e-07 1.63125e-27
4.03743e-07 1.6133e-27
4.04043e-07 1.64647e-27
4.04344e-07 1.64982e-27
4.04644e-07 1.62901e-27
4.04944e-07 1.62451e-27
4.05244e-07 1.6307e-27
4.05544e-07 1.66956e-27
4.05844e-07 1.73223e-27
4.06144e-07 1.78708e-27
4.06444e-07 1.84152e-27
4.06744e-07 1.94483e-27
4.07044e-07 2.0896e-27
4.07344e-07 2.22268e-27
4.07644e-07 2.32983e-27
4.07944e-07 2.43921e-27
4.08245e-07 2.52825e-27
4.08545e-07 2.59663e-27
4.08845e-07 2.63813e-27
4.09145e-07 2.72697e-27
4.09445e-07 2.78059e-27
4.09745e-07 2.82077e-27
4.10045e-07 2.80782e-27
4.10345e-07 2.81253e-27
4.10645e-07 2.8206e-27
4.10945e-07 2.82569e-27
4.11245e-07 2.81765e-27
4.11545e-07 2.80948e-27
4.11845e-07 2.78523e-27
4.12146e-07 2.74432e-27
4.12446e-07 2.65623e-27
4.12746e-07 2.58469e-27
4.13046e-07 2.49897e-27
4.13346e-07 2.48312e-27
4.13646e-07 2.47254e-27
4.13946e-07 2.56975e-27
4.14246e-07 2.65348e-27
4.14546e-07 2.74598e-27
4.14846e-07 2.84538e-27
4.15146e-07 2.97985e-27
4.15446e-07 3.12119e-27
4.15746e-07 3.24405e-27
4.16047e-07 3.3614e-27
4.16347e-07 3.44698e-27
4.16647e-07 3.51987e-27
4.16947e-07 3.62344e-27
4.17247e-07 3.71025e-27
4.17547e-07 3.76971e-27
4.17847e-07 3.79637e-27
4.18147e-07 3.81013e-27
4.18447e-07 3.75401e-27
4.18747e-07 3.68167e-27
4.19047e-07 3.66096e-27
4.19347e-07 3.6459e-27
4.19648e-07 3.65501e-27
4.19948e-07 3.70346e-27
4.20248e-07 3.75503e-27
4.20548e-07 3.79455e-27
4.20848e-07 3.88101e-27
4.21148e-07 4.06398e-27
4.21448e-07 4.2683e-27
4.21748e-07 4.47782e-27
4.22048e-07 4.66213e-27
4.22348e-07 4.8767e-27
4.22648e-07 5.1566e-27
4.22948e-07 5.45037e-27
4.23248e-07 5.69282e-27
4.23549e-07 5.90036e-27
4.23849e-07 6.1425e-27
4.24149e-07 6.4056e-27
4.24449e-07 6.64597e-27
4.24749e-07 6.83304e-27
4.25049e-07 7.01829e-27
4.25349e-07 7.18187e-27
4.25649e-07 7.25338e-27
4.25949e-07 7.22031e-27
4.26249e-07 7.12621e-27
4.26549e-07 7.10877e-27
4.26849e-07 7.06979e-27
4.27149e-07 6.96185e-27
4.2745e-07 6.76835e-27
4.2775e-07 6.63646e-27
4.2805e-07 6.50462e-27
4.2835e-07 6.37655e-27
4.2865e-07 6.29558e-27
4.2895e-07 6.25309e-27
4.2925e-07 6.2132e-27
4.2955e-07 6.21206e-27
4.2985e-07 6.28233e-27
4.3015e-07 6.37521e-27
4.3045e-07 6.52264e-27
4.3075e-07 6.72715e-27
4.31051e-07 6.99799e-27
4.31351e-07 7.30126e-27
4.31651e-07 7.61232e-27
4.31951e-07 7.89782e-27
4.32251e-07 8.1606e-27
4.32551e-07 8.41765e-27
4.32851e-07 8.54852e-27
4.33151e-07 8.64718e-27
4.33451e-07 8.73915e-27
4.33751e-07 8.8059e-27
4.34051e-07 8.7566e-27
4.34351e-07 8.67261e-27
4.34651e-07 8.56813e-27
4.34952e-07 8.53246e-27
4.35252e-07 8.54326e-27
4.35552e-07 8.55574e-27
4.35852e-07 8.54532e-27
4.36152e-07 8.60562e-27
4.36452e-07 8.74685e-27
4.36752e-07 8.95109e-27
4.37052e-07 9.17872e-27
4.37352e-07 9.47953e-27
4.37652e-07 9.84632e-27
4.37952e-07 1.02584e-26
4.38252e-07 1.07073e-26
4.38552e-07 1.12376e-26
4.38853e-07 1.18199e-26
4.39153e-07 1.23588e-26
4.39453e-07 1.28506e-26
4.39753e-07 1.34045e-26
4.40053e-07 1.40218e-26
4.402e-07 1.43512e-26
4.40411e-07 1.4841e-26
4.40622e-07 1.52183e-26
4.40833e-07 1.55865e-26
4.41044e-07 1.58594e-26
4.41255e-07 1.63201e-26
4.41465e-07 1.66265e-26
4.41676e-07 1.70503e-26
4.41887e-07 1.73379e-26
4.42098e-07 1.74718e-26
4.42309e-07 1.77281e-26
4.4252e-07 1.78571e-26
4.4273e-07 1.80117e-26
4.42941e-07 1.79856e-26
4.43152e-07 1.79581e-26
4.43362e-07 1.80054e-26
4.43573e-07 1.78147e-26
4.43784e-07 1.77024e-26
4.43994e-07 1.74352e-26
4.44205e-07 1.72154e-26
4.44415e-07 1.69195e-26
4.44626e-07 1.66319e-26
4.44836e-07 1.64019e-26
4.45047e-07 1.60381e-26
4.45257e-07 1.59041e-26
4.45468e-07 1.54987e-26
4.45678e-07 1.52759e-26
4.45889e-07 1.51026e-26
4.46099e-07 1.49827e-26
4.46309e-07 1.47306e-26
4.4652e-07 1.46782e-26
4.4673e-07 1.46167e-26
4.4694e-07 1.45657e-26
4.4715e-07 1.46646e-26
4.47361e-07 1.4745e-26
4.47571e-07 1.49137e-26
4.47781e-07 1.50285e-26
4.47991e-07 1.52084e-26
4.48201e-07 1.5461e-26
4.48411e-07 1.59268e-26
4.48621e-07 1.64209e-26
4.48831e-07 1.6723e-26
4.49042e-07 1.71872e-26
4.49252e-07 1.75905e-26
4.49462e-07 1.80204e-26
4.49672e-07 1.83981e-26
4.49881e-07 1.87219e-26
4.50091e-07 1.91358e-26
4.50301e-07 1.93341e-26
4.50511e-07 1.95537e-26
4.50721e-07 1.96656e-26
4.50931e-07 1.9852e-26
4.51141e-07 1.98257e-26
4.51351e-07 1.98999e-26
4.5156e-07 1.98054e-26
4.5177e-07 1.97851e-26
4.5198e-07 1.97371e-26
4.52189e-07 1.95922e-26
4.52399e-07 1.95861e-26
4.52609e-07 1.94233e-26
4.52819e-07 1.93998e-26
4.53028e-07 1.93272e-26
4.53238e-07 1.91689e-26
4.53447e-07 1.91715e-26
4.53657e-07 1.90874e-26
4.53867e-07 1.91578e-26
4.54076e-07 1.91801e-26
4.54286e-07 1.94033e-26
4.54495e-07 1.95846e-26
4.54704e-07 1.97506e-26
4.54914e-07 2.00778e-26
4.55123e-07 2.05556e-26
4.55333e-07 2.09603e-26
4.55542e-07 2.13911e-26
4.55751e-07 2.18286e-26
4.55961e-07 2.23459e-26
4.5617e-07 2.29519e-26
4.56379e-07 2.35751e-26
4.56589e-07 2.43139e-26
4.56798e-07 2.5096e-26
4.57007e-07 2.58927e-26
4.57216e-07 2.67174e-26
4.57426e-07 2.74757e-26
4.57635e-07 2.82815e-26
4.57844e-07 2.9115e-26
4.58053e-07 2.99402e-26
4.58262e-07 3.07913e-26
4.58471e-07 3.16012e-26
4.58681e-07 3.25056e-26
4.5889e-07 3.33667e-26
4.59099e-07 3.42444e-26
4.59308e-07 3.50646e-26
4.59517e-07 3.58714e-26
4.59726e-07 3.67178e-26
4.59935e-07 3.75144e-26
4.60144e-07 3.82935e-26
4.60353e-07 3.88756e-26
4.60561e-07 3.95455e-26
4.6077e-07 4.01339e-26
4.60979e-07 4.05457e-26
4.61188e-07 4.09338e-26
4.61397e-07 4.12411e-26
4.61606e-07 4.14144e-26
4.61815e-07 4.14584e-26
4.62023e-07 4.14294e-26
4.62232e-07 4.13319e-26
4.62441e-07 4.11303e-26
4.6265e-07 4.07491e-26
4.62858e-07 4.03744e-26
4.63067e-07 3.98229e-26
4.63276e-07 3.94576e-26
4.63484e-07 3.8781e-26
4.63693e-07 3.82449e-26
4.63902e-07 3.76815e-26
4.6411e-07 3.72013e-26
4.64319e-07 3.66401e-26
4.64528e-07 3.60639e-26
4.64736e-07 3.54995e-26
4.64945e-07 3.50573e-26
4.65153e-07 3.46872e-26
4.65362e-07 3.43366e-26
4.6557e-07 3.41245e-26
4.65779e-07 3.3855e-26
4.65987e-07 3.37254e-26
4.66196e-07 3.37475e-26
4.66404e-07 3.37754e-26
4.66613e-07 3.39619e-26
4.66821e-07 3.41281e-26
4.67029e-07 3.44638e-26
4.67238e-07 3.48616e-26
4.67446e-07 3.5381e-26
4.67655e-07 3.59189e-26
4.67863e-07 3.65454e-26
4.68071e-07 3.71621e-26
4.6828e-07 3.77612e-26
4.68488e-07 3.84579e-26
4.68696e-07 3.90247e-26
4.68904e-07 3.96764e-26
4.69113e-07 4.01802e-26
4.69321e-07 4.05526e-26
4.69529e-07 4.1022e-26
4.69737e-07 4.14348e-26
4.69945e-07 4.17756e-26
4.70154e-07 4.19156e-26
4.70362e-07 4.21315e-26
4.7057e-07 4.21705e-26
4.70778e-07 4.22972e-26
4.70986e-07 4.22892e-26
4.71194e-07 4.23162e-26
4.71402e-07 4.23775e-26
4.7161e-07 4.22376e-26
4.71818e-07 4.21972e-26
4.72026e-07 4.21467e-26
4.72234e-07 4.21638e-26
4.72443e-07 4.20976e-26
4.72651e-07 4.20805e-26
4.72859e-07 4.20738e-26
4.73067e-07 4.20619e-26
4.73274e-07 4.21994e-26
4.73482e-07 4.23582e-26
4.7369e-07 4.25296e-26
4.73898e-07 4.28309e-26
4.74106e-07 4.31971e-26
4.74314e-07 4.367e-26
4.74522e-07 4.4203e-26
4.7473e-07 4.47643e-26
4.74938e-07 4.54616e-26
4.75146e-07 4.62319e-26
4.75353e-07 4.70574e-26
4.75561e-07 4.80091e-26
4.75769e-07 4.89754e-26
4.75977e-07 5.00675e-26
4.76185e-07 5.11494e-26
4.76392e-07 5.24225e-26
4.766e-07 5.36469e-26
4.76808e-07 5.49135e-26
4.77016e-07 5.62023e-26
4.77223e-07 5.75052e-26
4.77431e-07 5.89308e-26
4.77639e-07 6.02724e-26
4.77847e-07 6.16119e-26
4.78054e-07 6.311e-26
4.78262e-07 6.45172e-26
4.7847e-07 6.59668e-26
4.78677e-07 6.74878e-26
4.78885e-07 6.90146e-26
4.79093e-07 7.04183e-26
4.793e-07 7.19448e-26
4.79508e-07 7.3442e-26
4.79715e-07 7.487e-26
4.79923e-07 7.6371e-26
4.8013e-07 7.77339e-26
4.80338e-07 7.90473e-26
4.80546e-07 8.03842e-26
4.80753e-07 8.15615e-26
4.80961e-07 8.27066e-26
4.81168e-07 8.36543e-26
4.81376e-07 8.45375e-26
4.81583e-07 8.53965e-26
4.81791e-07 8.60344e-26
4.81998e-07 8.64796e-26
4.82206e-07 8.68913e-26
4.82413e-07 8.71216e-26
4.82621e-07 8.72104e-26
4.82828e-07 8.71057e-26
4.83036e-07 8.69324e-26
4.83243e-07 8.65723e-26
4.8345e-07 8.60853e-26
4.83658e-07 8.56844e-26
4.83865e-07 8.50593e-26
4.84073e-07 8.43187e-26
4.8428e-07 8.37426e-26
4.84487e-07 8.28615e-26
4.84695e-07 8.21294e-26
4.84902e-07 8.12639e-26
4.8511e-07 8.05316e-26
4.85317e-07 7.97713e-26
4.85524e-07 7.90238e-26
4.85732e-07 7.83192e-26
4.85939e-07 7.75969e-26
4.86146e-07 7.70552e-26
4.86354e-07 7.64378e-26
4.86561e-07 7.60057e-26
4.86768e-07 7.56396e-26
4.86975e-07 7.54109e-26
4.87183e-07 7.53035e-26
4.8739e-07 7.51502e-26
4.87597e-07 7.51494e-26
4.87805e-07 7.53306e-26
4.88012e-07 7.56578e-26
4.88219e-07 7.59478e-26
4.88426e-07 7.63625e-26
4.88634e-07 7.69776e-26
4.88841e-07 7.7566e-26
4.89048e-07 7.82211e-26
4.89255e-07 7.89082e-26
4.89462e-07 7.96931e-26
4.8967e-07 8.05215e-26
4.89877e-07 8.1236e-26
4.90084e-07 8.19378e-26
4.90291e-07 8.27108e-26
4.90498e-07 8.33455e-26
4.90706e-07 8.39571e-26
4.90913e-07 8.45157e-26
4.9112e-07 8.50899e-26
4.91327e-07 8.55572e-26
4.91534e-07 8.59332e-26
4.91741e-07 8.63931e-26
4.91949e-07 8.66475e-26
4.92156e-07 8.68954e-26
4.92363e-07 8.70557e-26
4.9257e-07 8.72008e-26
4.92777e-07 8.7397e-26
4.92984e-07 8.745e-26
4.93191e-07 8.75917e-26
4.93399e-07 8.7727e-26
4.93606e-07 8.78516e-26
4.93813e-07 8.79623e-26
4.9402e-07 8.80702e-26
4.94227e-07 8.82135e-26
4.94434e-07 8.84599e-26
4.94641e-07 8.86741e-26
4.94848e-07 8.89837e-26
4.95055e-07 8.93767e-26
4.95262e-07 8.97785e-26
4.9547e-07 9.02973e-26
4.95677e-07 9.08391e-26
4.95884e-07 9.15373e-26
4.96091e-07 9.22634e-26
4.96298e-07 9.30815e-26
4.96505e-07 9.39457e-26
4.96712e-07 9.50161e-26
4.96919e-07 9.6065e-26
4.97126e-07 9.72704e-26
4.97333e-07 9.85607e-26
4.9754e-07 9.99188e-26
4.97747e-07 1.01394e-25
4.97954e-07 1.02878e-25
4.98161e-07 1.04543e-25
4.98368e-07 1.06087e-25
4.98575e-07 1.0781e-25
4.98783e-07 1.09697e-25
4.9899e-07 1.11441e-25
4.99197e-07 1.13295e-25
4.99404e-07 1.1529e-25
4.99611e-07 1.17226e-25
4.99818e-07 1.1924e-25
5.00025e-07 1.21292e-25
5.00232e-07 1.23386e-25
5.00439e-07 1.25497e-25
5.00646e-07 1.27614e-25
5.00853e-07 1.29776e-25
5.0106e-07 1.31976e-25
5.01267e-07 1.34228e-25
5.01474e-07 1.36351e-25
5.01681e-07 1.38527e-25
5.01888e-07 1.40653e-25
5.02095e-07 1.42776e-25
5.02302e-07 1.4487e-25
5.02509e-07 1.46966e-25
5.02716e-07 1.48995e-25
5.02923e-07 1.50896e-25
5.0313e-07 1.52702e-25
5.03337e-07 1.5448e-25
5.03544e-07 1.5614e-25
5.03752e-07 1.57755e-25
5.03959e-07 1.592e-25
5.04166e-07 1.6055e-25
5.04373e-07 1.61729e-25
5.0458e-07 1.62791e-25
5.04787e-07 1.63705e-25
5.04994e-07 1.64526e-25
5.05201e-07 1.65138e-25
5.05408e-07 1.65764e-25
5.05615e-07 1.6616e-25
5.05822e-07 1.66409e-25
5.06029e-07 1.66491e-25
5.06236e-07 1.6644e-25
5.06443e-07 1.66322e-25
5.0665e-07 1.66101e-25
5.06857e-07 1.65721e-25
5.07064e-07 1.65279e-25
5.07271e-07 1.64765e-25
5.07479e-07 1.64158e-25
5.07686e-07 1.63468e-25
5.07893e-07 1.62835e-25
5.081e-07 1.62065e-25
5.08307e-07 1.61207e-25
5.08514e-07 1.60573e-25
5.08721e-07 1.59762e-25
5.08928e-07 1.59043e-25
5.09135e-07 1.58362e-25
5.09342e-07 1.57725e-25
5.0955e-07 1.57076e-25
5.09757e-07 1.5658e-25
5.09964e-07 1.56138e-25
5.10171e-07 1.55764e-25
5.10378e-07 1.55437e-25
5.10585e-07 1.55263e-25
5.10792e-07 1.55046e-25
5.10999e-07 1.55063e-25
5.11207e-07 1.55096e-25
5.11414e-07 1.55231e-25
5.11621e-07 1.55427e-25
5.11828e-07 1.55747e-25
5.12035e-07 1.56135e-25
5.12242e-07 1.56579e-25
5.1245e-07 1.57116e-25
5.12657e-07 1.57816e-25
5.12864e-07 1.58526e-25
5.13071e-07 1.59163e-25
5.13278e-07 1.59979e-25
5.13486e-07 1.60778e-25
5.13693e-07 1.6156e-25
5.139e-07 1.6249e-25
5.14107e-07 1.63302e-25
5.14314e-07 1.64176e-25
5.14522e-07 1.64978e-25
5.14729e-07 1.6578e-25
5.14936e-07 1.66591e-25
5.15143e-07 1.6742e-25
5.15351e-07 1.68257e-25
5.15558e-07 1.68983e-25
5.15765e-07 1.6969e-25
5.15973e-07 1.70471e-25
5.1618e-07 1.71169e-25
5.16387e-07 1.71886e-25
5.16594e-07 1.72506e-25
5.16802e-07 1.73196e-25
5.17009e-07 1.73757e-25
5.17216e-07 1.74509e-25
5.17424e-07 1.7508e-25
5.17631e-07 1.75666e-25
5.17838e-07 1.76309e-25
5.18046e-07 1.76927e-25
5.18253e-07 1.7751e-25
5.18461e-07 1.78197e-25
5.18668e-07 1.78824e-25
5.18875e-07 1.79506e-25
5.19083e-07 1.80214e-25
5.1929e-07 1.80896e-25
5.19498e-07 1.81692e-25
5.19705e-07 1.8251e-25
5.19913e-07 1.83323e-25
5.2012e-07 1.84203e-25
5.20328e-07 1.85181e-25
5.20535e-07 1.86129e-25
5.20742e-07 1.87117e-25
5.2095e-07 1.8824e-25
5.21157e-07 1.89326e-25
5.21365e-07 1.90623e-25
5.21573e-07 1.91872e-25
5.2178e-07 1.93187e-25
5.21988e-07 1.94534e-25
5.22195e-07 1.9598e-25
5.22403e-07 1.97453e-25
5.2261e-07 1.99081e-25
5.22818e-07 2.00625e-25
5.23026e-07 2.02259e-25
5.23233e-07 2.04031e-25
5.23441e-07 2.05862e-25
5.23648e-07 2.07724e-25
5.23856e-07 2.09545e-25
5.24064e-07 2.11483e-25
5.24271e-07 2.13402e-25
5.24479e-07 2.15401e-25
5.24687e-07 2.17437e-25
5.24895e-07 2.19555e-25
5.25102e-07 2.21556e-25
5.2531e-07 2.23683e-25
5.25518e-07 2.2574e-25
5.25726e-07 2.27887e-25
5.25933e-07 2.30017e-25
5.26141e-07 2.32215e-25
5.26349e-07 2.34391e-25
5.26557e-07 2.36659e-25
5.26765e-07 2.3878e-25
5.26972e-07 2.4098e-25
5.2718e-07 2.43164e-25
5.27388e-07 2.45313e-25
5.27596e-07 2.47503e-25
5.27804e-07 2.49643e-25
5.28012e-07 2.51753e-25
5.2822e-07 2.53914e-25
5.28428e-07 2.55948e-25
5.28636e-07 2.57982e-25
5.28844e-07 2.60001e-25
5.29052e-07 2.62022e-25
5.2926e-07 2.64004e-25
5.29468e-07 2.65934e-25
5.29676e-07 2.67671e-25
5.29884e-07 2.69553e-25
5.30092e-07 2.7126e-25
5.303e-07 2.72939e-25
5.30508e-07 2.74504e-25
5.30716e-07 2.76118e-25
5.30924e-07 2.77519e-25
5.31132e-07 2.78998e-25
5.3134e-07 2.80293e-25
5.31549e-07 2.81508e-25
5.31757e-07 2.82652e-25
5.31965e-07 2.83777e-25
5.32173e-07 2.84721e-25
5.32382e-07 2.85592e-25
5.3259e-07 2.86438e-25
5.32798e-07 2.87096e-25
5.33006e-07 2.87801e-25
5.33215e-07 2.88403e-25
5.33423e-07 2.88788e-25
5.33631e-07 2.89091e-25
5.3384e-07 2.89418e-25
5.34048e-07 2.89696e-25
5.34256e-07 2.89789e-25
5.34465e-07 2.89808e-25
5.34673e-07 2.89817e-25
5.34882e-07 2.89656e-25
5.3509e-07 2.89521e-25
5.35299e-07 2.89505e-25
5.35507e-07 2.89306e-25
5.35716e-07 2.89199e-25
5.35924e-07 2.89041e-25
5.36133e-07 2.88853e-25
5.36341e-07 2.88679e-25
5.3655e-07 2.88637e-25
5.36759e-07 2.88637e-25
5.36967e-07 2.8854e-25
5.37176e-07 2.88503e-25
5.37385e-07 2.88609e-25
5.37593e-07 2.88751e-25
5.37802e-07 2.88954e-25
5.38011e-07 2.89197e-25
5.38219e-07 2.89572e-25
5.38428e-07 2.90014e-25
5.38637e-07 2.90549e-25
5.38846e-07 2.91103e-25
5.39055e-07 2.91858e-25
5.39264e-07 2.92638e-25
5.39472e-07 2.93422e-25
5.39681e-07 2.94288e-25
5.3989e-07 2.95337e-25
5.40099e-07 2.96343e-25
5.40308e-07 2.97476e-25
5.40517e-07 2.98651e-25
5.40726e-07 2.99797e-25
5.40935e-07 3.0096e-25
5.41144e-07 3.02325e-25
5.41353e-07 3.03579e-25
5.41562e-07 3.04831e-25
5.41772e-07 3.06124e-25
5.41981e-07 3.07511e-25
5.4219e-07 3.08847e-25
5.42399e-07 3.1016e-25
5.42608e-07 3.11454e-25
5.42817e-07 3.12737e-25
5.43027e-07 3.14004e-25
5.43236e-07 3.15302e-25
5.43445e-07 3.16594e-25
5.43655e-07 3.1776e-25
5.43864e-07 3.1896e-25
5.44073e-07 3.2014e-25
5.44283e-07 3.2124e-25
5.44492e-07 3.2232e-25
5.44702e-07 3.23321e-25
5.44911e-07 3.24341e-25
5.45121e-07 3.25315e-25
5.4533e-07 3.26284e-25
5.4554e-07 3.2724e-25
5.45749e-07 3.2807e-25
5.45959e-07 3.28886e-25
5.46168e-07 3.29667e-25
5.46378e-07 3.30534e-25
5.46588e-07 3.31215e-25
5.46797e-07 3.31967e-25
5.47007e-07 3.32648e-25
5.47217e-07 3.3331e-25
5.47427e-07 3.34061e-25
5.47636e-07 3.34674e-25
5.47846e-07 3.35326e-25
5.48056e-07 3.36001e-25
5.48266e-07 3.3655e-25
5.48476e-07 3.37297e-25
5.48686e-07 3.37865e-25
5.48896e-07 3.38514e-25
5.49106e-07 3.39155e-25
5.49316e-07 3.39695e-25
5.49526e-07 3.40304e-25
5.49736e-07 3.4089e-25
5.49946e-07 3.41572e-25
5.50156e-07 3.42146e-25
5.50366e-07 3.42876e-25
5.50576e-07 3.4353e-25
5.50786e-07 3.44151e-25
5.50997e-07 3.44899e-25
5.51207e-07 3.45644e-25
5.51417e-07 3.46295e-25
5.51628e-07 3.47061e-25
5.51838e-07 3.47767e-25
5.52048e-07 3.48568e-25
5.52259e-07 3.49241e-25
5.52469e-07 3.50023e-25
5.5268e-07 3.50836e-25
5.5289e-07 3.51707e-25
5.53101e-07 3.52455e-25
5.53311e-07 3.5336e-25
5.53522e-07 3.5429e-25
5.53732e-07 3.55216e-25
5.53943e-07 3.56154e-25
5.54154e-07 3.57199e-25
5.54364e-07 3.58286e-25
5.54575e-07 3.593e-25
5.54786e-07 3.60375e-25
5.54997e-07 3.61436e-25
5.55207e-07 3.6258e-25
5.55418e-07 3.63838e-25
5.55629e-07 3.65072e-25
5.5584e-07 3.66424e-25
5.56051e-07 3.67848e-25
5.56262e-07 3.69324e-25
5.56473e-07 3.70641e-25
5.56684e-07 3.72248e-25
5.56895e-07 3.73821e-25
5.57106e-07 3.75508e-25
5.57317e-07 3.77203e-25
5.57529e-07 3.78896e-25
5.5774e-07 3.80763e-25
5.57951e-07 3.82641e-25
5.58162e-07 3.8455e-25
5.58373e-07 3.86595e-25
5.58585e-07 3.88588e-25
5.58796e-07 3.90612e-25
5.59008e-07 3.92642e-25
5.59219e-07 3.94838e-25
5.5943e-07 3.96957e-25
5.59642e-07 3.99115e-25
5.59853e-07 4.01318e-25
5.60065e-07 4.03528e-25
5.60277e-07 4.05736e-25
5.60488e-07 4.0786e-25
5.607e-07 4.10081e-25
5.60912e-07 4.12343e-25
5.61123e-07 4.14515e-25
5.61335e-07 4.16652e-25
5.61547e-07 4.18792e-25
5.61759e-07 4.20893e-25
5.61971e-07 4.2301e-25
5.62183e-07 4.25023e-25
5.62394e-07 4.27044e-25
5.62606e-07 4.28989e-25
5.62818e-07 4.3087e-25
5.6303e-07 4.32806e-25
5.63242e-07 4.34577e-25
5.63455e-07 4.36351e-25
5.63667e-07 4.38057e-25
5.63879e-07 4.39656e-25
5.64091e-07 4.413e-25
5.64304e-07 4.42894e-25
5.64516e-07 4.44486e-25
5.64728e-07 4.46001e-25
5.64941e-07 4.47482e-25
5.65153e-07 4.48822e-25
5.65365e-07 4.50205e-25
5.65578e-07 4.51616e-25
5.6579e-07 4.53044e-25
5.66003e-07 4.54386e-25
5.66216e-07 4.55659e-25
5.66428e-07 4.56974e-25
5.66641e-07 4.5822e-25
5.66854e-07 4.59504e-25
5.67066e-07 4.60595e-25
5.67279e-07 4.61807e-25
5.67492e-07 4.63119e-25
5.67705e-07 4.64359e-25
5.67918e-07 4.65579e-25
5.68131e-07 4.66913e-25
5.68344e-07 4.68105e-25
5.68557e-07 4.69432e-25
5.6877e-07 4.70626e-25
5.68983e-07 4.71921e-25
5.69196e-07 4.7324e-25
5.69409e-07 4.74439e-25
5.69623e-07 4.7582e-25
5.69836e-07 4.77119e-25
5.70049e-07 4.7839e-25
5.70263e-07 4.79591e-25
5.70476e-07 4.80776e-25
5.70689e-07 4.82067e-25
5.70903e-07 4.83266e-25
5.71116e-07 4.84411e-25
5.7133e-07 4.85493e-25
5.71544e-07 4.86578e-25
5.71757e-07 4.87659e-25
5.71971e-07 4.88678e-25
5.72185e-07 4.89588e-25
5.72398e-07 4.90435e-25
5.72612e-07 4.91219e-25
5.72826e-07 4.91818e-25
5.7304e-07 4.92481e-25
5.73254e-07 4.93081e-25
5.73468e-07 4.93428e-25
5.73682e-07 4.93911e-25
5.73896e-07 4.94132e-25
5.7411e-07 4.94366e-25
5.74324e-07 4.94366e-25
5.74538e-07 4.94394e-25
5.74753e-07 4.94345e-25
5.74967e-07 4.94068e-25
5.75181e-07 4.93745e-25
5.75396e-07 4.93414e-25
5.7561e-07 4.92951e-25
5.75824e-07 4.92515e-25
5.76039e-07 4.91813e-25
5.76254e-07 4.91292e-25
5.76468e-07 4.90567e-25
5.76683e-07 4.89836e-25
5.76897e-07 4.88976e-25
5.77112e-07 4.88138e-25
5.77327e-07 4.87306e-25
5.77542e-07 4.8643e-25
5.77757e-07 4.85526e-25
5.77972e-07 4.84576e-25
5.78186e-07 4.83613e-25
5.78402e-07 4.82631e-25
5.78617e-07 4.8144e-25
5.78832e-07 4.80571e-25
5.79047e-07 4.79467e-25
5.79262e-07 4.78397e-25
5.79477e-07 4.77319e-25
5.79693e-07 4.76289e-25
5.79908e-07 4.75214e-25
5.80123e-07 4.74148e-25
5.80339e-07 4.73124e-25
5.80554e-07 4.72082e-25
5.8077e-07 4.70936e-25
5.80985e-07 4.70014e-25
5.81201e-07 4.68965e-25
5.81417e-07 4.68027e-25
5.81632e-07 4.6711e-25
5.81848e-07 4.66144e-25
5.82064e-07 4.6523e-25
5.8228e-07 4.64346e-25
5.82496e-07 4.63493e-25
5.82712e-07 4.62657e-25
5.82928e-07 4.61864e-25
5.83144e-07 4.61112e-25
5.8336e-07 4.60442e-25
5.83576e-07 4.59754e-25
5.83792e-07 4.59094e-25
5.84009e-07 4.58383e-25
5.84225e-07 4.57755e-25
5.84441e-07 4.57132e-25
5.84658e-07 4.5663e-25
5.84874e-07 4.56109e-25
5.85091e-07 4.55631e-25
5.85307e-07 4.55166e-25
5.85524e-07 4.54772e-25
5.8574e-07 4.54422e-25
5.85957e-07 4.54095e-25
5.86174e-07 4.53847e-25
5.86391e-07 4.53702e-25
5.86608e-07 4.53475e-25
5.86825e-07 4.53294e-25
5.87042e-07 4.53147e-25
5.87259e-07 4.53e-25
5.87476e-07 4.53053e-25
5.87693e-07 4.5318e-25
5.8791e-07 4.53154e-25
5.88127e-07 4.53095e-25
5.88345e-07 4.53164e-25
5.88562e-07 4.53415e-25
5.88779e-07 4.53665e-25
5.88997e-07 4.53915e-25
5.89214e-07 4.54184e-25
5.89432e-07 4.54677e-25
5.89649e-07 4.55104e-25
5.89867e-07 4.55579e-25
5.90085e-07 4.56139e-25
5.90303e-07 4.56738e-25
5.9052e-07 4.57435e-25
5.90738e-07 4.58225e-25
5.90956e-07 4.5903e-25
5.91174e-07 4.60038e-25
5.91392e-07 4.60997e-25
5.91611e-07 4.62203e-25
5.91829e-07 4.63171e-25
5.92047e-07 4.64449e-25
5.92265e-07 4.65821e-25
5.92484e-07 4.67293e-25
5.92702e-07 4.68754e-25
5.9292e-07 4.70365e-25
5.93139e-07 4.7213e-25
5.93358e-07 4.73781e-25
5.93576e-07 4.75482e-25
5.93795e-07 4.77413e-25
5.94014e-07 4.79295e-25
5.94232e-07 4.8136e-25
5.94451e-07 4.83289e-25
5.9467e-07 4.85303e-25
5.94889e-07 4.87431e-25
5.95108e-07 4.89331e-25
5.95327e-07 4.91541e-25
5.95546e-07 4.93528e-25
5.95766e-07 4.95741e-25
5.95985e-07 4.97865e-25
5.96204e-07 4.99965e-25
5.96424e-07 5.02068e-25
5.96643e-07 5.04103e-25
5.96862e-07 5.0623e-25
5.97082e-07 5.08197e-25
5.97302e-07 5.10233e-25
5.97521e-07 5.1226e-25
5.97741e-07 5.14266e-25
5.97961e-07 5.16065e-25
5.98181e-07 5.179e-25
5.98401e-07 5.19756e-25
5.98621e-07 5.21377e-25
5.98841e-07 5.23155e-25
5.99061e-07 5.24619e-25
5.99281e-07 5.26095e-25
5.99501e-07 5.27613e-25
5.99722e-07 5.2902e-25
5.99942e-07 5.30176e-25
6.00162e-07 5.31323e-25
6.00383e-07 5.32375e-25
6.00603e-07 5.33429e-25
6.00824e-07 5.34209e-25
6.01045e-07 5.34899e-25
6.01265e-07 5.35396e-25
6.01486e-07 5.35947e-25
6.01707e-07 5.36358e-25
6.01928e-07 5.36719e-25
6.02149e-07 5.3685e-25
6.0237e-07 5.36818e-25
6.02591e-07 5.3686e-25
6.02812e-07 5.36676e-25
6.03033e-07 5.36286e-25
6.03255e-07 5.36042e-25
6.03476e-07 5.35566e-25
6.03697e-07 5.34953e-25
6.03919e-07 5.34252e-25
6.0414e-07 5.33631e-25
6.04362e-07 5.32675e-25
6.04584e-07 5.31749e-25
6.04806e-07 5.3071e-25
6.05027e-07 5.29575e-25
6.05249e-07 5.28459e-25
6.05471e-07 5.27222e-25
6.05693e-07 5.25837e-25
6.05915e-07 5.24364e-25
6.06137e-07 5.22969e-25
6.0636e-07 5.2145e-25
6.06582e-07 5.19736e-25
6.06804e-07 5.1818e-25
6.07027e-07 5.16493e-25
6.07249e-07 5.14617e-25
6.07472e-07 5.1277e-25
6.07694e-07 5.10815e-25
6.07917e-07 5.08973e-25
6.0814e-07 5.07084e-25
6.08362e-07 5.05241e-25
6.08585e-07 5.03045e-25
6.08808e-07 5.00986e-25
6.09031e-07 4.99176e-25
6.09254e-07 4.96995e-25
6.09478e-07 4.94938e-25
6.09701e-07 4.92899e-25
6.09924e-07 4.90777e-25
6.10147e-07 4.88724e-25
6.10371e-07 4.86711e-25
6.10482e-07 4.86576e-25
6.10701e-07 4.85071e-25
6.10921e-07 4.83106e-25
6.1114e-07 4.81514e-25
6.11359e-07 4.79499e-25
6.11579e-07 4.77622e-25
6.11798e-07 4.75907e-25
6.12017e-07 4.74094e-25
6.12236e-07 4.72415e-25
6.12455e-07 4.70572e-25
6.12674e-07 4.68897e-25
6.12893e-07 4.67033e-25
6.13111e-07 4.65347e-25
6.1333e-07 4.63764e-25
6.13549e-07 4.61822e-25
6.13767e-07 4.59938e-25
6.13986e-07 4.58471e-25
6.14204e-07 4.56878e-25
6.14423e-07 4.55051e-25
6.14641e-07 4.5337e-25
6.14859e-07 4.51848e-25
6.15078e-07 4.5011e-25
6.15296e-07 4.48684e-25
6.15514e-07 4.47053e-25
6.15732e-07 4.45581e-25
6.1595e-07 4.44062e-25
6.16168e-07 4.42486e-25
6.16386e-07 4.4093e-25
6.16604e-07 4.39546e-25
6.16822e-07 4.38077e-25
6.17039e-07 4.36814e-25
6.17257e-07 4.35226e-25
6.17475e-07 4.33857e-25
6.17692e-07 4.32586e-25
6.1791e-07 4.31184e-25
6.18127e-07 4.29893e-25
6.18345e-07 4.28555e-25
6.18562e-07 4.27245e-25
6.18779e-07 4.26053e-25
6.18996e-07 4.247e-25
6.19213e-07 4.23631e-25
6.19431e-07 4.22497e-25
6.19648e-07 4.21271e-25
6.19865e-07 4.20053e-25
6.20082e-07 4.18801e-25
6.20299e-07 4.17764e-25
6.20515e-07 4.1664e-25
6.20732e-07 4.1557e-25
6.20949e-07 4.14611e-25
6.21166e-07 4.13422e-25
6.21382e-07 4.12476e-25
6.21599e-07 4.11416e-25
6.21815e-07 4.10327e-25
6.22032e-07 4.09244e-25
6.22248e-07 4.08171e-25
6.22464e-07 4.07215e-25
6.22681e-07 4.06192e-25
6.22897e-07 4.05158e-25
6.23113e-07 4.04264e-25
6.23329e-07 4.03139e-25
6.23545e-07 4.02117e-25
6.23761e-07 4.00957e-25
6.23977e-07 3.99971e-25
6.24193e-07 3.99009e-25
6.24409e-07 3.97863e-25
6.24625e-07 3.96896e-25
6.24841e-07 3.9589e-25
6.25057e-07 3.94853e-25
6.25272e-07 3.9373e-25
6.25488e-07 3.92573e-25
6.25704e-07 3.91613e-25
6.25919e-07 3.90322e-25
6.26135e-07 3.89322e-25
6.2635e-07 3.88089e-25
6.26565e-07 3.87129e-25
6.26781e-07 3.85914e-25
6.26996e-07 3.84697e-25
6.27211e-07 3.83476e-25
6.27426e-07 3.82444e-25
6.27641e-07 3.81199e-25
6.27857e-07 3.80031e-25
6.28072e-07 3.78808e-25
6.28287e-07 3.7751e-25
6.28501e-07 3.76385e-25
6.28716e-07 3.75057e-25
6.28931e-07 3.74094e-25
6.29146e-07 3.72735e-25
6.29361e-07 3.71584e-25
6.29575e-07 3.70538e-25
6.2979e-07 3.69182e-25
6.30005e-07 3.68137e-25
6.30219e-07 3.66944e-25
6.30434e-07 3.65744e-25
6.30648e-07 3.64534e-25
6.30862e-07 3.63414e-25
6.31077e-07 3.62266e-25
6.31291e-07 3.61085e-25
6.31505e-07 3.59895e-25
6.3172e-07 3.58803e-25
6.31934e-07 3.57597e-25
6.32148e-07 3.56459e-25
6.32362e-07 3.55358e-25
6.32576e-07 3.54182e-25
6.3279e-07 3.52973e-25
6.33004e-07 3.51808e-25
6.33218e-07 3.50547e-25
6.33432e-07 3.49426e-25
6.33645e-07 3.48142e-25
6.33859e-07 3.46865e-25
6.34073e-07 3.45711e-25
6.34287e-07 3.44524e-25
6.345e-07 3.43141e-25
6.34714e-07 3.41904e-25
6.34927e-07 3.40575e-25
6.35141e-07 3.39262e-25
6.35354e-07 3.38e-25
6.35568e-07 3.36599e-25
6.35781e-07 3.35249e-25
6.35994e-07 3.3398e-25
6.36208e-07 3.3261e-25
6.36421e-07 3.31239e-25
6.36634e-07 3.29854e-25
6.36847e-07 3.28571e-25
6.3706e-07 3.2726e-25
6.37273e-07 3.25929e-25
6.37486e-07 3.24638e-25
6.37699e-07 3.23449e-25
6.37912e-07 3.22116e-25
6.38125e-07 3.20712e-25
6.38338e-07 3.19306e-25
6.38551e-07 3.17914e-25
6.38763e-07 3.16738e-25
6.38976e-07 3.15328e-25
6.39189e-07 3.13879e-25
6.39402e-07 3.12594e-25
6.39614e-07 3.11197e-25
6.39827e-07 3.09911e-25
6.40039e-07 3.08435e-25
6.40252e-07 3.07057e-25
6.40464e-07 3.05627e-25
6.40677e-07 3.0433e-25
6.40889e-07 3.03124e-25
6.41101e-07 3.01838e-25
6.41314e-07 3.00531e-25
6.41526e-07 2.99375e-25
6.41738e-07 2.98019e-25
6.4195e-07 2.96752e-25
6.42162e-07 2.95597e-25
6.42374e-07 2.94534e-25
6.42586e-07 2.93326e-25
6.42798e-07 2.92154e-25
6.4301e-07 2.91021e-25
6.43222e-07 2.8994e-25
6.43434e-07 2.88848e-25
6.43646e-07 2.87685e-25
6.43858e-07 2.86689e-25
6.44069e-07 2.8555e-25
6.44281e-07 2.84698e-25
6.44493e-07 2.83838e-25
6.44705e-07 2.82803e-25
6.44916e-07 2.81634e-25
6.45128e-07 2.80536e-25
6.45339e-07 2.79626e-25
6.45551e-07 2.78641e-25
6.45762e-07 2.77546e-25
6.45974e-07 2.76381e-25
6.46185e-07 2.75404e-25
6.46396e-07 2.74409e-25
6.46608e-07 2.73333e-25
6.46819e-07 2.72451e-25
6.4703e-07 2.71403e-25
6.47241e-07 2.70386e-25
6.47453e-07 2.69321e-25
6.47664e-07 2.68414e-25
6.47875e-07 2.67451e-25
6.48086e-07 2.66423e-25
6.48297e-07 2.65567e-25
6.48508e-07 2.64603e-25
6.48719e-07 2.6362e-25
6.4893e-07 2.62764e-25
6.49141e-07 2.61982e-25
6.49352e-07 2.61e-25
6.49562e-07 2.60108e-25
6.49773e-07 2.59232e-25
6.49984e-07 2.58434e-25
6.50195e-07 2.57515e-25
6.50405e-07 2.56642e-25
6.50616e-07 2.55881e-25
6.50827e-07 2.54918e-25
6.51037e-07 2.54147e-25
6.51248e-07 2.53329e-25
6.51458e-07 2.52564e-25
6.51669e-07 2.51654e-25
6.51879e-07 2.50855e-25
6.5209e-07 2.49819e-25
6.523e-07 2.49006e-25
6.5251e-07 2.48193e-25
6.52721e-07 2.47358e-25
6.52931e-07 2.46451e-25
6.53141e-07 2.45281e-25
6.53351e-07 2.44524e-25
6.53561e-07 2.4352e-25
6.53772e-07 2.42777e-25
6.53982e-07 2.41915e-25
6.54192e-07 2.40878e-25
6.54402e-07 2.39989e-25
6.54612e-07 2.39048e-25
6.54822e-07 2.38118e-25
6.55032e-07 2.3746e-25
6.55242e-07 2.36383e-25
6.55452e-07 2.35499e-25
6.55662e-07 2.34507e-25
6.55872e-07 2.33785e-25
6.56081e-07 2.32829e-25
6.56291e-07 2.31995e-25
6.56501e-07 2.31074e-25
6.56711e-07 2.30331e-25
6.5692e-07 2.29463e-25
6.5713e-07 2.28545e-25
6.5734e-07 2.27733e-25
6.57549e-07 2.26855e-25
6.57759e-07 2.26116e-25
6.57968e-07 2.25193e-25
6.58178e-07 2.24243e-25
6.58387e-07 2.23382e-25
6.58597e-07 2.2258e-25
6.58806e-07 2.21747e-25
6.59016e-07 2.20992e-25
6.59225e-07 2.20155e-25
6.59434e-07 2.19207e-25
6.59644e-07 2.18413e-25
6.59853e-07 2.17619e-25
6.60062e-07 2.1683e-25
6.60271e-07 2.16189e-25
6.60481e-07 2.15363e-25
6.6069e-07 2.14512e-25
6.60899e-07 2.13717e-25
6.61108e-07 2.12857e-25
6.61317e-07 2.12159e-25
6.61526e-07 2.11371e-25
6.61735e-07 2.10575e-25
6.61944e-07 2.09964e-25
6.62153e-07 2.09218e-25
6.62362e-07 2.08481e-25
6.62571e-07 2.07514e-25
6.6278e-07 2.06679e-25
6.62989e-07 2.05973e-25
6.63198e-07 2.05209e-25
6.63406e-07 2.04301e-25
6.63615e-07 2.03416e-25
6.63824e-07 2.02676e-25
6.64033e-07 2.01756e-25
6.64242e-07 2.00869e-25
6.6445e-07 2.00044e-25
6.64659e-07 1.9924e-25
6.64868e-07 1.98292e-25
6.65076e-07 1.97367e-25
6.65285e-07 1.96319e-25
6.65493e-07 1.95408e-25
6.65702e-07 1.94513e-25
6.6591e-07 1.93668e-25
6.66119e-07 1.92871e-25
6.66327e-07 1.91903e-25
6.66536e-07 1.90902e-25
6.66744e-07 1.90194e-25
6.66952e-07 1.8915e-25
6.67161e-07 1.8813e-25
6.67369e-07 1.87258e-25
6.67578e-07 1.86424e-25
6.67786e-07 1.85565e-25
6.67994e-07 1.84605e-25
6.68202e-07 1.83581e-25
6.68411e-07 1.82867e-25
6.68619e-07 1.8188e-25
6.68827e-07 1.80998e-25
6.69035e-07 1.80185e-25
6.69243e-07 1.79164e-25
6.69451e-07 1.78408e-25
6.69659e-07 1.77611e-25
6.69868e-07 1.76662e-25
6.70076e-07 1.75728e-25
6.70284e-07 1.74954e-25
6.70492e-07 1.73986e-25
6.707e-07 1.73206e-25
6.70908e-07 1.72428e-25
6.71116e-07 1.71741e-25
6.71323e-07 1.70819e-25
6.71531e-07 1.6982e-25
6.71739e-07 1.69123e-25
6.71947e-07 1.68157e-25
6.72155e-07 1.67423e-25
6.72363e-07 1.66486e-25
6.7257e-07 1.6577e-25
6.72778e-07 1.65027e-25
6.72986e-07 1.64137e-25
6.73194e-07 1.6346e-25
6.73401e-07 1.62709e-25
6.73609e-07 1.61816e-25
6.73817e-07 1.61179e-25
6.74024e-07 1.6053e-25
6.74232e-07 1.5978e-25
6.7444e-07 1.5908e-25
6.74647e-07 1.58344e-25
6.74855e-07 1.57565e-25
6.75062e-07 1.56913e-25
6.7527e-07 1.56215e-25
6.75477e-07 1.55433e-25
6.75685e-07 1.54764e-25
6.75892e-07 1.53985e-25
6.761e-07 1.53359e-25
6.76307e-07 1.5257e-25
6.76515e-07 1.51844e-25
6.76722e-07 1.51213e-25
6.76929e-07 1.50571e-25
6.77137e-07 1.49749e-25
6.77344e-07 1.49279e-25
6.77551e-07 1.48729e-25
6.77759e-07 1.48039e-25
6.77966e-07 1.47275e-25
6.78173e-07 1.46706e-25
6.7838e-07 1.46024e-25
6.78588e-07 1.45376e-25
6.78795e-07 1.44609e-25
6.79002e-07 1.44071e-25
6.79209e-07 1.4337e-25
6.79416e-07 1.42829e-25
6.79623e-07 1.42436e-25
6.79831e-07 1.4196e-25
6.80038e-07 1.41337e-25
6.80245e-07 1.40792e-25
6.80452e-07 1.40312e-25
6.80659e-07 1.39879e-25
6.80866e-07 1.39377e-25
6.81073e-07 1.38945e-25
6.8128e-07 1.38529e-25
6.81487e-07 1.38115e-25
6.81694e-07 1.37563e-25
6.81901e-07 1.37246e-25
6.82108e-07 1.3686e-25
6.82315e-07 1.36435e-25
6.82522e-07 1.36109e-25
6.82729e-07 1.35654e-25
6.82935e-07 1.35382e-25
6.83142e-07 1.34901e-25
6.83349e-07 1.34605e-25
6.83556e-07 1.34166e-25
6.83763e-07 1.3368e-25
6.8397e-07 1.33289e-25
6.84176e-07 1.32848e-25
6.84383e-07 1.3245e-25
6.8459e-07 1.32092e-25
6.84797e-07 1.31606e-25
6.85003e-07 1.31116e-25
6.8521e-07 1.30495e-25
6.85417e-07 1.30161e-25
6.85623e-07 1.2962e-25
6.8583e-07 1.29005e-25
6.86037e-07 1.28478e-25
6.86243e-07 1.27953e-25
6.8645e-07 1.27627e-25
6.86657e-07 1.26963e-25
6.86863e-07 1.26311e-25
6.8707e-07 1.25744e-25
6.87276e-07 1.25178e-25
6.87483e-07 1.24465e-25
6.8769e-07 1.23881e-25
6.87896e-07 1.23129e-25
6.88103e-07 1.22496e-25
6.88309e-07 1.21685e-25
6.88516e-07 1.21215e-25
6.88722e-07 1.20597e-25
6.88929e-07 1.19843e-25
6.89135e-07 1.19003e-25
6.89341e-07 1.18599e-25
6.89548e-07 1.17962e-25
6.89754e-07 1.17228e-25
6.89961e-07 1.16516e-25
6.90167e-07 1.16044e-25
6.90373e-07 1.15304e-25
6.9058e-07 1.14507e-25
6.90786e-07 1.14176e-25
6.90992e-07 1.1358e-25
6.91199e-07 1.1285e-25
6.91405e-07 1.12237e-25
6.91612e-07 1.11582e-25
6.91818e-07 1.10973e-25
6.92024e-07 1.10353e-25
6.9223e-07 1.09805e-25
6.92437e-07 1.09239e-25
6.92643e-07 1.08711e-25
6.92849e-07 1.0818e-25
6.93055e-07 1.07513e-25
6.93262e-07 1.06873e-25
6.93468e-07 1.06269e-25
6.93674e-07 1.05663e-25
6.9388e-07 1.05182e-25
6.94086e-07 1.04524e-25
6.94293e-07 1.03898e-25
6.94499e-07 1.03351e-25
6.94705e-07 1.02842e-25
6.94911e-07 1.02227e-25
6.95117e-07 1.01594e-25
6.95323e-07 1.01095e-25
6.95529e-07 1.00432e-25
6.95736e-07 9.97963e-26
6.95942e-07 9.91713e-26
6.96148e-07 9.8748e-26
6.96354e-07 9.81941e-26
6.9656e-07 9.76596e-26
6.96766e-07 9.71651e-26
6.96972e-07 9.65741e-26
6.97178e-07 9.60442e-26
6.97384e-07 9.5488e-26
6.9759e-07 9.52231e-26
6.97796e-07 9.45783e-26
6.98002e-07 9.39366e-26
6.98208e-07 9.33299e-26
6.98414e-07 9.30148e-26
6.9862e-07 9.25447e-26
6.98826e-07 9.2087e-26
6.99032e-07 9.14091e-26
6.99238e-07 9.1218e-26
6.99444e-07 9.08164e-26
6.9965e-07 9.01443e-26
6.99856e-07 8.97811e-26
7.00062e-07 8.91798e-26
7.00268e-07 8.89609e-26
7.00474e-07 8.84528e-26
7.0068e-07 8.79776e-26
7.00886e-07 8.76899e-26
7.01091e-07 8.72859e-26
7.01297e-07 8.71247e-26
7.01503e-07 8.64846e-26
7.01709e-07 8.61119e-26
7.01915e-07 8.58496e-26
7.02121e-07 8.55009e-26
7.02327e-07 8.49962e-26
7.02533e-07 8.46557e-26
7.02738e-07 8.42866e-26
7.02944e-07 8.39762e-26
7.0315e-07 8.37025e-26
7.03356e-07 8.34782e-26
7.03562e-07 8.32638e-26
7.03768e-07 8.28635e-26
7.03973e-07 8.28136e-26
7.04179e-07 8.26963e-26
7.04385e-07 8.22069e-26
7.04591e-07 8.17358e-26
7.04796e-07 8.14257e-26
7.05002e-07 8.13343e-26
7.05208e-07 8.10817e-26
7.05414e-07 8.09188e-26
7.0562e-07 8.05379e-26
7.05825e-07 8.03959e-26
7.06031e-07 8.00131e-26
7.06237e-07 7.97844e-26
7.06443e-07 7.96401e-26
7.06648e-07 7.94844e-26
7.06854e-07 7.92484e-26
7.0706e-07 7.89539e-26
7.07266e-07 7.85811e-26
7.07471e-07 7.84962e-26
7.07677e-07 7.83057e-26
7.07883e-07 7.80264e-26
7.08088e-07 7.78272e-26
7.08294e-07 7.74595e-26
7.085e-07 7.72016e-26
7.08705e-07 7.71119e-26
7.08911e-07 7.68785e-26
7.09117e-07 7.65126e-26
7.09323e-07 7.62921e-26
7.09528e-07 7.63271e-26
7.09734e-07 7.58145e-26
7.0994e-07 7.56755e-26
7.10145e-07 7.55431e-26
7.10351e-07 7.52777e-26
7.10557e-07 7.51272e-26
7.10762e-07 7.51544e-26
7.10968e-07 7.49376e-26
7.11174e-07 7.49326e-26
7.11379e-07 7.47003e-26
7.11585e-07 7.4553e-26
7.11791e-07 7.4448e-26
7.11996e-07 7.44348e-26
7.12202e-07 7.42325e-26
7.12407e-07 7.40893e-26
7.12613e-07 7.39012e-26
7.12819e-07 7.38882e-26
7.13024e-07 7.39401e-26
7.1323e-07 7.37262e-26
7.13436e-07 7.38066e-26
7.13641e-07 7.378e-26
7.13847e-07 7.37754e-26
7.14052e-07 7.35231e-26
7.14258e-07 7.35946e-26
7.14464e-07 7.35776e-26
7.14669e-07 7.34528e-26
7.14875e-07 7.35796e-26
7.15081e-07 7.32775e-26
7.15286e-07 7.31669e-26
7.15492e-07 7.31168e-26
7.15697e-07 7.29425e-26
7.15903e-07 7.28312e-26
7.16109e-07 7.26605e-26
7.16314e-07 7.23859e-26
7.1652e-07 7.22278e-26
7.16726e-07 7.19511e-26
7.16931e-07 7.18023e-26
7.17137e-07 7.13323e-26
7.17342e-07 7.08392e-26
7.17548e-07 7.07903e-26
7.17753e-07 7.05716e-26
7.17959e-07 7.01457e-26
7.18165e-07 6.95549e-26
7.1837e-07 6.91394e-26
7.18576e-07 6.86541e-26
7.18782e-07 6.81443e-26
7.18987e-07 6.78323e-26
7.19193e-07 6.75272e-26
7.19398e-07 6.70929e-26
7.19604e-07 6.64915e-26
7.1981e-07 6.58642e-26
7.20015e-07 6.55206e-26
7.20221e-07 6.49525e-26
7.20426e-07 6.44559e-26
7.20632e-07 6.39641e-26
7.20838e-07 6.3471e-26
7.21043e-07 6.31117e-26
7.21249e-07 6.27383e-26
7.21454e-07 6.23196e-26
7.2166e-07 6.16708e-26
7.21866e-07 6.14156e-26
7.22071e-07 6.10301e-26
7.22277e-07 6.0649e-26
7.22482e-07 6.02715e-26
7.22688e-07 5.99508e-26
7.22894e-07 5.95732e-26
7.23099e-07 5.95799e-26
7.23305e-07 5.90707e-26
7.23511e-07 5.87273e-26
7.23716e-07 5.86165e-26
7.23922e-07 5.82091e-26
7.24128e-07 5.78409e-26
7.24333e-07 5.76471e-26
7.24539e-07 5.74793e-26
7.24744e-07 5.72051e-26
7.2495e-07 5.69713e-26
7.25156e-07 5.67165e-26
7.25361e-07 5.65038e-26
7.25567e-07 5.62806e-26
7.25773e-07 5.60375e-26
7.25978e-07 5.5725e-26
7.26184e-07 5.53998e-26
7.2639e-07 5.52802e-26
7.26595e-07 5.49599e-26
7.26801e-07 5.47418e-26
7.27006e-07 5.4491e-26
7.27212e-07 5.39952e-26
7.27418e-07 5.36946e-26
7.27623e-07 5.34522e-26
7.27829e-07 5.313e-26
7.28035e-07 5.28332e-26
7.28241e-07 5.25252e-26
7.28446e-07 5.213e-26
7.28652e-07 5.18414e-26
7.28857e-07 5.15972e-26
7.29063e-07 5.12784e-26
7.29269e-07 5.10663e-26
7.29475e-07 5.0735e-26
7.2968e-07 5.05494e-26
7.29886e-07 5.03676e-26
7.30092e-07 4.9939e-26
7.30297e-07 4.98327e-26
7.30503e-07 4.9673e-26
7.30709e-07 4.93374e-26
7.30915e-07 4.92248e-26
7.3112e-07 4.90039e-26
7.31326e-07 4.87717e-26
7.31532e-07 4.87247e-26
7.31737e-07 4.83875e-26
7.31943e-07 4.80929e-26
7.32149e-07 4.81079e-26
7.32355e-07 4.77913e-26
7.3256e-07 4.77145e-26
7.32766e-07 4.77943e-26
7.32972e-07 4.75954e-26
7.33178e-07 4.73882e-26
7.33383e-07 4.73111e-26
7.33589e-07 4.7412e-26
7.33795e-07 4.69987e-26
7.34001e-07 4.71169e-26
7.34207e-07 4.70818e-26
7.34412e-07 4.71916e-26
7.34618e-07 4.70108e-26
7.34824e-07 4.67858e-26
7.3503e-07 4.68203e-26
7.35236e-07 4.65459e-26
7.35442e-07 4.64866e-26
7.35647e-07 4.65587e-26
7.35853e-07 4.66717e-26
7.36059e-07 4.661e-26
7.36265e-07 4.63673e-26
7.36471e-07 4.63207e-26
7.36677e-07 4.62626e-26
7.36882e-07 4.63596e-26
7.37088e-07 4.62596e-26
7.37294e-07 4.61857e-26
7.375e-07 4.60124e-26
7.37706e-07 4.59213e-26
7.37912e-07 4.60064e-26
7.38118e-07 4.59383e-26
7.38324e-07 4.59211e-26
7.3853e-07 4.60763e-26
7.38735e-07 4.58172e-26
7.38941e-07 4.56969e-26
7.39147e-07 4.57449e-26
7.39353e-07 4.58814e-26
7.39559e-07 4.60036e-26
7.39765e-07 4.5773e-26
7.39971e-07 4.57417e-26
7.40177e-07 4.58904e-26
7.40383e-07 4.58509e-26
7.40589e-07 4.58747e-26
7.40795e-07 4.59342e-26
7.41001e-07 4.57685e-26
7.41207e-07 4.58969e-26
7.41413e-07 4.60824e-26
7.41619e-07 4.6096e-26
7.41825e-07 4.6306e-26
7.42031e-07 4.63836e-26
7.42237e-07 4.64255e-26
7.42443e-07 4.65968e-26
7.42649e-07 4.65434e-26
7.42855e-07 4.64914e-26
7.43061e-07 4.67086e-26
7.43267e-07 4.69976e-26
7.43473e-07 4.72579e-26
7.43679e-07 4.73705e-26
7.43885e-07 4.73867e-26
7.44092e-07 4.75831e-26
7.44298e-07 4.76188e-26
7.44504e-07 4.78365e-26
7.4471e-07 4.80076e-26
7.44916e-07 4.8318e-26
7.45122e-07 4.8425e-26
7.45328e-07 4.8671e-26
7.45534e-07 4.88483e-26
7.45741e-07 4.87277e-26
7.45947e-07 4.87697e-26
7.46153e-07 4.91654e-26
7.46359e-07 4.91315e-26
7.46565e-07 4.90749e-26
7.46771e-07 4.89417e-26
7.46978e-07 4.9218e-26
7.47184e-07 4.91755e-26
7.4739e-07 4.9113e-26
7.47596e-07 4.90434e-26
7.47802e-07 4.90615e-26
7.48009e-07 4.88984e-26
7.48215e-07 4.86222e-26
7.48421e-07 4.85654e-26
7.48628e-07 4.84156e-26
7.48834e-07 4.83023e-26
7.4904e-07 4.80589e-26
7.49247e-07 4.7765e-26
7.49453e-07 4.77038e-26
7.49659e-07 4.72164e-26
7.49865e-07 4.67228e-26
7.50072e-07 4.65221e-26
7.50278e-07 4.61561e-26
7.50484e-07 4.56848e-26
7.50691e-07 4.53254e-26
7.50897e-07 4.48789e-26
7.51104e-07 4.44106e-26
7.5131e-07 4.38522e-26
7.51516e-07 4.34795e-26
7.51723e-07 4.29795e-26
7.51929e-07 4.24968e-26
7.52135e-07 4.21603e-26
7.52342e-07 4.15678e-26
7.52548e-07 4.09905e-26
7.52755e-07 4.05145e-26
7.52961e-07 4.00406e-26
7.53168e-07 3.96841e-26
7.53374e-07 3.91156e-26
7.53581e-07 3.89157e-26
7.53787e-07 3.85021e-26
7.53994e-07 3.82358e-26
7.542e-07 3.76772e-26
7.54407e-07 3.73222e-26
7.54613e-07 3.70094e-26
7.5482e-07 3.66454e-26
7.55026e-07 3.61513e-26
7.55233e-07 3.58506e-26
7.5544e-07 3.56632e-26
7.55646e-07 3.53395e-26
7.55853e-07 3.52045e-26
7.56059e-07 3.46878e-26
7.56266e-07 3.4563e-26
7.56472e-07 3.45001e-26
7.56679e-07 3.39723e-26
7.56886e-07 3.37524e-26
7.57093e-07 3.35286e-26
7.57299e-07 3.32592e-26
7.57506e-07 3.30736e-26
7.57713e-07 3.30381e-26
7.57919e-07 3.26731e-26
7.58126e-07 3.27124e-26
7.58333e-07 3.23195e-26
7.58539e-07 3.2304e-26
7.58746e-07 3.2139e-26
7.58953e-07 3.20331e-26
7.5916e-07 3.17483e-26
7.59366e-07 3.17381e-26
7.59573e-07 3.16097e-26
7.5978e-07 3.1354e-26
7.59987e-07 3.11841e-26
7.60194e-07 3.10404e-26
7.60401e-07 3.08728e-26
7.60607e-07 3.06162e-26
7.60814e-07 3.04025e-26
7.61021e-07 3.03411e-26
7.61228e-07 3.06302e-26
7.61435e-07 3.0595e-26
7.61642e-07 3.04399e-26
7.61849e-07 3.02505e-26
7.62056e-07 3.03405e-26
7.62262e-07 3.02687e-26
7.62469e-07 3.00468e-26
7.62676e-07 2.96892e-26
7.62883e-07 2.95059e-26
7.6309e-07 2.97269e-26
7.63297e-07 2.97617e-26
7.63504e-07 2.97433e-26
7.63711e-07 2.9726e-26
7.63918e-07 2.93436e-26
7.64125e-07 2.95533e-26
7.64332e-07 2.94507e-26
7.64539e-07 2.93011e-26
7.64746e-07 2.92562e-26
7.64953e-07 2.93839e-26
7.65161e-07 2.92818e-26
7.65368e-07 2.92168e-26
7.65575e-07 2.90347e-26
7.65782e-07 2.9026e-26
7.65989e-07 2.90685e-26
7.66196e-07 2.89584e-26
7.66403e-07 2.90383e-26
7.66611e-07 2.88591e-26
7.66818e-07 2.90598e-26
7.67025e-07 2.90504e-26
7.67232e-07 2.8996e-26
7.67439e-07 2.88359e-26
7.67647e-07 2.8799e-26
7.67854e-07 2.88376e-26
7.68061e-07 2.89529e-26
7.68268e-07 2.86771e-26
7.68476e-07 2.87892e-26
7.68683e-07 2.8864e-26
7.6889e-07 2.88863e-26
7.69098e-07 2.90495e-26
7.69305e-07 2.91157e-26
7.69512e-07 2.92275e-26
7.6972e-07 2.90486e-26
7.69927e-07 2.90202e-26
7.70134e-07 2.91952e-26
7.70342e-07 2.93083e-26
7.70549e-07 2.91692e-26
7.70757e-07 2.94205e-26
7.70964e-07 2.94637e-26
7.71171e-07 2.97222e-26
7.71379e-07 3.0083e-26
7.71586e-07 3.01085e-26
7.71794e-07 3.01044e-26
7.72001e-07 3.02561e-26
7.72209e-07 3.03108e-26
7.72416e-07 3.05534e-26
7.72624e-07 3.07424e-26
7.72831e-07 3.07408e-26
7.73039e-07 3.10353e-26
7.73247e-07 3.13319e-26
7.73454e-07 3.17596e-26
7.73662e-07 3.19587e-26
7.73869e-07 3.20175e-26
7.74077e-07 3.23075e-26
7.74285e-07 3.26604e-26
7.74492e-07 3.29192e-26
7.747e-07 3.26924e-26
7.74908e-07 3.30266e-26
7.75115e-07 3.34297e-26
7.75323e-07 3.38565e-26
7.75531e-07 3.40123e-26
7.75738e-07 3.42582e-26
7.75946e-07 3.49342e-26
7.76154e-07 3.50289e-26
7.76362e-07 3.48037e-26
7.76569e-07 3.55308e-26
7.76777e-07 3.57651e-26
7.76985e-07 3.60354e-26
7.77193e-07 3.60796e-26
7.77401e-07 3.61744e-26
7.77609e-07 3.62431e-26
7.77816e-07 3.64412e-26
7.78024e-07 3.67417e-26
7.78232e-07 3.72552e-26
7.7844e-07 3.7325e-26
7.78648e-07 3.71325e-26
7.78856e-07 3.71292e-26
7.79064e-07 3.68249e-26
7.79272e-07 3.69436e-26
7.7948e-07 3.70803e-26
7.79688e-07 3.68884e-26
7.79896e-07 3.6867e-26
7.80104e-07 3.65503e-26
7.80312e-07 3.64504e-26
7.8052e-07 3.67434e-26
7.80728e-07 3.61424e-26
7.80936e-07 3.60145e-26
7.81144e-07 3.57011e-26
7.81352e-07 3.53928e-26
7.8156e-07 3.52305e-26
7.81768e-07 3.50975e-26
7.81976e-07 3.44435e-26
7.82184e-07 3.41274e-26
7.82393e-07 3.41677e-26
7.82601e-07 3.37024e-26
7.82809e-07 3.34432e-26
7.83017e-07 3.30683e-26
7.83225e-07 3.26083e-26
7.83434e-07 3.21376e-26
7.83642e-07 3.1939e-26
7.8385e-07 3.15298e-26
7.84058e-07 3.12365e-26
7.84267e-07 3.0639e-26
7.84475e-07 3.03849e-26
7.84683e-07 2.98449e-26
7.84892e-07 2.94883e-26
7.851e-07 2.94019e-26
7.85308e-07 2.91558e-26
7.85517e-07 2.90876e-26
7.85725e-07 2.8917e-26
7.85933e-07 2.82909e-26
7.86142e-07 2.78012e-26
7.8635e-07 2.77828e-26
7.86559e-07 2.73945e-26
7.86767e-07 2.73889e-26
7.86975e-07 2.7008e-26
7.87184e-07 2.68673e-26
7.87392e-07 2.64478e-26
7.87601e-07 2.59147e-26
7.87809e-07 2.5801e-26
7.88018e-07 2.5406e-26
7.88227e-07 2.53786e-26
7.88435e-07 2.55524e-26
7.88644e-07 2.51522e-26
7.88852e-07 2.51594e-26
7.89061e-07 2.51032e-26
7.89269e-07 2.47574e-26
7.89478e-07 2.44086e-26
7.89687e-07 2.4399e-26
7.89895e-07 2.42723e-26
7.90104e-07 2.40326e-26
7.90313e-07 2.38876e-26
7.90521e-07 2.34883e-26
7.9073e-07 2.33447e-26
7.90939e-07 2.29785e-26
7.91148e-07 2.30573e-26
7.91356e-07 2.28772e-26
7.91565e-07 2.2685e-26
7.91774e-07 2.25631e-26
7.91983e-07 2.21217e-26
7.92192e-07 2.20981e-26
7.924e-07 2.20359e-26
7.92609e-07 2.2005e-26
7.92818e-07 2.18623e-26
7.93027e-07 2.1508e-26
7.93236e-07 2.11812e-26
7.93445e-07 2.10912e-26
7.93654e-07 2.10471e-26
7.93863e-07 2.09018e-26
7.94072e-07 2.07404e-26
