/*
Absorption cross section of a ozone molecule at T = 221 K. Adapted from:

Burrows, J.P., Richter, A., Dehn, A., Deters, B., Himmelmann, S.,
Voigt, S. and Orphal, J., 1999. Atmospheric remote-sensing reference
data from GOME—2. Temperature-dependent absorption cross sections of
O3 in the 231–794 nm range. Journal of quantitative spectroscopy and
radiative transfer, 61(4), pp.509-517.

Column 1: wavelength [m]
Column 2: cross section [m^2]
*/

2.30984e-07 5.02701e-22
2.3111e-07 5.26369e-22
2.31237e-07 5.80462e-22
2.31363e-07 5.68342e-22
2.3149e-07 5.39051e-22
2.31616e-07 5.23825e-22
2.31742e-07 5.61867e-22
2.31869e-07 5.60572e-22
2.31995e-07 5.54878e-22
2.32121e-07 5.44582e-22
2.32247e-07 5.69529e-22
2.32373e-07 5.88162e-22
2.32498e-07 6.0537e-22
2.32624e-07 6.02865e-22
2.3275e-07 5.87839e-22
2.32876e-07 5.87405e-22
2.33001e-07 5.94184e-22
2.33127e-07 5.88471e-22
2.33252e-07 5.81198e-22
2.33377e-07 5.86617e-22
2.33503e-07 5.88822e-22
2.33628e-07 5.89116e-22
2.33753e-07 5.93029e-22
2.33878e-07 5.95052e-22
2.34003e-07 6.00656e-22
2.34128e-07 6.05978e-22
2.34253e-07 6.1315e-22
2.34378e-07 6.20211e-22
2.34503e-07 6.2636e-22
2.34628e-07 6.30723e-22
2.34752e-07 6.33891e-22
2.34877e-07 6.37088e-22
2.35001e-07 6.39409e-22
2.35126e-07 6.40292e-22
2.3525e-07 6.41855e-22
2.35374e-07 6.46208e-22
2.35499e-07 6.51666e-22
2.35623e-07 6.5739e-22
2.35747e-07 6.64973e-22
2.35871e-07 6.72565e-22
2.35995e-07 6.79787e-22
2.36119e-07 6.84738e-22
2.36243e-07 6.89802e-22
2.36367e-07 6.92753e-22
2.3649e-07 6.95243e-22
2.36614e-07 6.98424e-22
2.36738e-07 7.03088e-22
2.36861e-07 7.0835e-22
2.36985e-07 7.14836e-22
2.37108e-07 7.19768e-22
2.37231e-07 7.24411e-22
2.37355e-07 7.28544e-22
2.37478e-07 7.31562e-22
2.37601e-07 7.36576e-22
2.37724e-07 7.41638e-22
2.37847e-07 7.46286e-22
2.3797e-07 7.52225e-22
2.38093e-07 7.57287e-22
2.38216e-07 7.62067e-22
2.38339e-07 7.66739e-22
2.38462e-07 7.7121e-22
2.38584e-07 7.75084e-22
2.38707e-07 7.77536e-22
2.38829e-07 7.79398e-22
2.38952e-07 7.8325e-22
2.39074e-07 7.88108e-22
2.39197e-07 7.93963e-22
2.39319e-07 8.01307e-22
2.39441e-07 8.09274e-22
2.39564e-07 8.16955e-22
2.39686e-07 8.24548e-22
2.39808e-07 8.3048e-22
2.3993e-07 8.35163e-22
2.40052e-07 8.3725e-22
2.40174e-07 8.36749e-22
2.40296e-07 8.37256e-22
2.40417e-07 8.38607e-22
2.40539e-07 8.43237e-22
2.40661e-07 8.47975e-22
2.40782e-07 8.53774e-22
2.40904e-07 8.59617e-22
2.41025e-07 8.64242e-22
2.41147e-07 8.7009e-22
2.41268e-07 8.75641e-22
2.4139e-07 8.82797e-22
2.41511e-07 8.89458e-22
2.41632e-07 8.94881e-22
2.41753e-07 8.97322e-22
2.41874e-07 8.98506e-22
2.41995e-07 8.99963e-22
2.42116e-07 9.0308e-22
2.42237e-07 9.06753e-22
2.42358e-07 9.11e-22
2.42479e-07 9.14192e-22
2.426e-07 9.17754e-22
2.4272e-07 9.20919e-22
2.42841e-07 9.2589e-22
2.42962e-07 9.33121e-22
2.43082e-07 9.38544e-22
2.43203e-07 9.44274e-22
2.43323e-07 9.49288e-22
2.43444e-07 9.55127e-22
2.43564e-07 9.60265e-22
2.43684e-07 9.65584e-22
2.43804e-07 9.70662e-22
2.43925e-07 9.73906e-22
2.44045e-07 9.74958e-22
2.44165e-07 9.743e-22
2.44285e-07 9.74732e-22
2.44405e-07 9.7469e-22
2.44525e-07 9.75176e-22
2.44644e-07 9.75385e-22
2.44764e-07 9.76852e-22
2.44884e-07 9.8149e-22
2.45004e-07 9.89595e-22
2.45123e-07 1.00074e-21
2.45243e-07 1.01262e-21
2.45362e-07 1.02193e-21
2.45482e-07 1.02728e-21
2.45601e-07 1.03132e-21
2.45721e-07 1.03344e-21
2.4584e-07 1.03423e-21
2.45959e-07 1.03443e-21
2.46078e-07 1.03464e-21
2.46198e-07 1.03418e-21
2.46317e-07 1.03315e-21
2.46436e-07 1.0324e-21
2.46555e-07 1.03235e-21
2.46674e-07 1.03383e-21
2.46793e-07 1.0359e-21
2.46912e-07 1.04079e-21
2.4703e-07 1.04733e-21
2.47149e-07 1.05453e-21
2.47268e-07 1.06145e-21
2.47387e-07 1.06695e-21
2.47505e-07 1.06943e-21
2.47624e-07 1.07294e-21
2.47742e-07 1.07573e-21
2.47861e-07 1.07648e-21
2.47979e-07 1.07357e-21
2.48097e-07 1.0696e-21
2.48216e-07 1.06831e-21
2.48334e-07 1.0703e-21
2.48452e-07 1.07642e-21
2.48571e-07 1.08497e-21
2.48689e-07 1.09494e-21
2.48807e-07 1.10495e-21
2.48925e-07 1.11205e-21
2.49043e-07 1.11468e-21
2.49161e-07 1.11313e-21
2.49279e-07 1.10981e-21
2.49396e-07 1.10756e-21
2.49514e-07 1.10863e-21
2.49632e-07 1.11304e-21
2.4975e-07 1.11788e-21
2.49867e-07 1.1215e-21
2.49985e-07 1.124e-21
2.50103e-07 1.12267e-21
2.5022e-07 1.11936e-21
2.50338e-07 1.11411e-21
2.50455e-07 1.10979e-21
2.50572e-07 1.10736e-21
2.5069e-07 1.1066e-21
2.50807e-07 1.10811e-21
2.50924e-07 1.11045e-21
2.51041e-07 1.11319e-21
2.51159e-07 1.11706e-21
2.51276e-07 1.12341e-21
2.51393e-07 1.13367e-21
2.5151e-07 1.14667e-21
2.51627e-07 1.15802e-21
2.51744e-07 1.16334e-21
2.5186e-07 1.16296e-21
2.51977e-07 1.15852e-21
2.52094e-07 1.15299e-21
2.52211e-07 1.14714e-21
2.52328e-07 1.14168e-21
2.52444e-07 1.13698e-21
2.52561e-07 1.1332e-21
2.52677e-07 1.13173e-21
2.52794e-07 1.13313e-21
2.52911e-07 1.13661e-21
2.53027e-07 1.13908e-21
2.53143e-07 1.14137e-21
2.5326e-07 1.14361e-21
2.53376e-07 1.14746e-21
2.53492e-07 1.1522e-21
2.53609e-07 1.15634e-21
2.53725e-07 1.15833e-21
2.53841e-07 1.15913e-21
2.53957e-07 1.15964e-21
2.54073e-07 1.15833e-21
2.54189e-07 1.15446e-21
2.54305e-07 1.14784e-21
2.54421e-07 1.14064e-21
2.54537e-07 1.13504e-21
2.54653e-07 1.13366e-21
2.54769e-07 1.13728e-21
2.54884e-07 1.14513e-21
2.55e-07 1.15595e-21
2.55116e-07 1.16697e-21
2.55231e-07 1.17655e-21
2.55347e-07 1.18013e-21
2.55463e-07 1.17887e-21
2.55578e-07 1.17263e-21
2.55694e-07 1.16618e-21
2.55809e-07 1.16016e-21
2.55925e-07 1.15465e-21
2.5604e-07 1.14932e-21
2.56155e-07 1.14326e-21
2.56271e-07 1.13716e-21
2.56386e-07 1.13e-21
2.56501e-07 1.12302e-21
2.56616e-07 1.11985e-21
2.56731e-07 1.12094e-21
2.56847e-07 1.12528e-21
2.56962e-07 1.13074e-21
2.57077e-07 1.13575e-21
2.57192e-07 1.13837e-21
2.57307e-07 1.13519e-21
2.57421e-07 1.13005e-21
2.57536e-07 1.12496e-21
2.57651e-07 1.12144e-21
2.57766e-07 1.12045e-21
2.57881e-07 1.11904e-21
2.57996e-07 1.11811e-21
2.5811e-07 1.11996e-21
2.58225e-07 1.12629e-21
2.58339e-07 1.13686e-21
2.58454e-07 1.14964e-21
2.58569e-07 1.15927e-21
2.58683e-07 1.16315e-21
2.58798e-07 1.16154e-21
2.58912e-07 1.15536e-21
2.59026e-07 1.14552e-21
2.59141e-07 1.13153e-21
2.59255e-07 1.11539e-21
2.59369e-07 1.09877e-21
2.59484e-07 1.08394e-21
2.59598e-07 1.07284e-21
2.59712e-07 1.06663e-21
2.59826e-07 1.06433e-21
2.5994e-07 1.06585e-21
2.60054e-07 1.07243e-21
2.60168e-07 1.08326e-21
2.60282e-07 1.09581e-21
2.60396e-07 1.10686e-21
2.6051e-07 1.11514e-21
2.60624e-07 1.11806e-21
2.60738e-07 1.11633e-21
2.60852e-07 1.1089e-21
2.60966e-07 1.09757e-21
2.61079e-07 1.08384e-21
2.61193e-07 1.07043e-21
2.61307e-07 1.05898e-21
2.6142e-07 1.05044e-21
2.61534e-07 1.04552e-21
2.61648e-07 1.04371e-21
2.61761e-07 1.04419e-21
2.61875e-07 1.04608e-21
2.61988e-07 1.04955e-21
2.62102e-07 1.05361e-21
2.62215e-07 1.05882e-21
2.62329e-07 1.06383e-21
2.62442e-07 1.06596e-21
2.62555e-07 1.06284e-21
2.62669e-07 1.05388e-21
2.62782e-07 1.04133e-21
2.62895e-07 1.02637e-21
2.63008e-07 1.01261e-21
2.63121e-07 1.00072e-21
2.63234e-07 9.9274e-22
2.63348e-07 9.87688e-22
2.63461e-07 9.84396e-22
2.63574e-07 9.83375e-22
2.63687e-07 9.85581e-22
2.638e-07 9.90464e-22
2.63913e-07 9.96139e-22
2.64026e-07 1.00165e-21
2.64138e-07 1.00535e-21
2.64251e-07 1.0079e-21
2.64364e-07 1.0089e-21
2.64477e-07 1.00756e-21
2.6459e-07 1.00264e-21
2.64702e-07 9.92572e-22
2.64815e-07 9.78738e-22
2.64928e-07 9.63806e-22
2.6504e-07 9.52636e-22
2.65153e-07 9.48336e-22
2.65266e-07 9.50492e-22
2.65378e-07 9.55131e-22
2.65491e-07 9.5909e-22
2.65603e-07 9.59936e-22
2.65716e-07 9.58069e-22
2.65828e-07 9.5445e-22
2.6594e-07 9.48526e-22
2.66053e-07 9.40164e-22
2.66165e-07 9.31004e-22
2.66278e-07 9.24504e-22
2.6639e-07 9.20776e-22
2.66502e-07 9.16614e-22
2.66614e-07 9.09777e-22
2.66726e-07 9.00823e-22
2.66839e-07 8.89013e-22
2.66951e-07 8.77079e-22
2.67063e-07 8.693e-22
2.67175e-07 8.67697e-22
2.67287e-07 8.73469e-22
2.67399e-07 8.8235e-22
2.67511e-07 8.89708e-22
2.67623e-07 8.92127e-22
2.67735e-07 8.89064e-22
2.67847e-07 8.81984e-22
2.67959e-07 8.73828e-22
2.68071e-07 8.63767e-22
2.68183e-07 8.53247e-22
2.68294e-07 8.43425e-22
2.68406e-07 8.3311e-22
2.68518e-07 8.24248e-22
2.6863e-07 8.17837e-22
2.68741e-07 8.13179e-22
2.68853e-07 8.07934e-22
2.68965e-07 8.02082e-22
2.69076e-07 7.96038e-22
2.69188e-07 7.92765e-22
2.693e-07 7.93936e-22
2.69411e-07 7.99682e-22
2.69523e-07 8.07654e-22
2.69634e-07 8.13876e-22
2.69746e-07 8.14823e-22
2.69857e-07 8.09147e-22
2.69968e-07 7.99919e-22
2.7008e-07 7.89433e-22
2.70191e-07 7.79069e-22
2.70303e-07 7.69891e-22
2.70414e-07 7.61702e-22
2.70525e-07 7.53666e-22
2.70637e-07 7.46729e-22
2.70748e-07 7.40565e-22
2.70859e-07 7.36121e-22
2.7097e-07 7.33227e-22
2.71081e-07 7.30433e-22
2.71193e-07 7.2733e-22
2.71304e-07 7.23167e-22
2.71415e-07 7.1999e-22
2.71526e-07 7.18413e-22
2.71637e-07 7.17999e-22
2.71748e-07 7.18033e-22
2.71859e-07 7.17162e-22
2.7197e-07 7.14042e-22
2.72081e-07 7.07085e-22
2.72192e-07 6.98037e-22
2.72303e-07 6.89878e-22
2.72414e-07 6.84659e-22
2.72524e-07 6.81237e-22
2.72635e-07 6.76765e-22
2.72746e-07 6.71616e-22
2.72857e-07 6.66294e-22
2.72968e-07 6.62414e-22
2.73079e-07 6.60718e-22
2.73189e-07 6.58918e-22
2.733e-07 6.54447e-22
2.73411e-07 6.47499e-22
2.73521e-07 6.39642e-22
2.73632e-07 6.31923e-22
2.73743e-07 6.24921e-22
2.73853e-07 6.17802e-22
2.73964e-07 6.10115e-22
2.74074e-07 6.02282e-22
2.74185e-07 5.94306e-22
2.74295e-07 5.87952e-22
2.74406e-07 5.85316e-22
2.74516e-07 5.86326e-22
2.74627e-07 5.88836e-22
2.74737e-07 5.90302e-22
2.74848e-07 5.90106e-22
2.74958e-07 5.8701e-22
2.75068e-07 5.81635e-22
2.75179e-07 5.75571e-22
2.75289e-07 5.68819e-22
2.75399e-07 5.62079e-22
2.7551e-07 5.55536e-22
2.7562e-07 5.48687e-22
2.7573e-07 5.42223e-22
2.7584e-07 5.3666e-22
2.75951e-07 5.33273e-22
2.76061e-07 5.32141e-22
2.76171e-07 5.31588e-22
2.76281e-07 5.29169e-22
2.76391e-07 5.23861e-22
2.76501e-07 5.16934e-22
2.76611e-07 5.10767e-22
2.76721e-07 5.06737e-22
2.76832e-07 5.03554e-22
2.76942e-07 5.00444e-22
2.77051e-07 4.97217e-22
2.77162e-07 4.95246e-22
2.77271e-07 4.93747e-22
2.77381e-07 4.91525e-22
2.77491e-07 4.87461e-22
2.77601e-07 4.81704e-22
2.77711e-07 4.75016e-22
2.77821e-07 4.68144e-22
2.77931e-07 4.61811e-22
2.78041e-07 4.56619e-22
2.78151e-07 4.52801e-22
2.7826e-07 4.49833e-22
2.7837e-07 4.47135e-22
2.7848e-07 4.44267e-22
2.7859e-07 4.41202e-22
2.78699e-07 4.37759e-22
2.78809e-07 4.33587e-22
2.78919e-07 4.28762e-22
2.79028e-07 4.23016e-22
2.79138e-07 4.18012e-22
2.79248e-07 4.13692e-22
2.79357e-07 4.10972e-22
2.79467e-07 4.09426e-22
2.79577e-07 4.08424e-22
2.79686e-07 4.07407e-22
2.79796e-07 4.05564e-22
2.79905e-07 4.02551e-22
2.80015e-07 3.97675e-22
2.80124e-07 3.90904e-22
2.80234e-07 3.83347e-22
2.80343e-07 3.76423e-22
2.80453e-07 3.71429e-22
2.80562e-07 3.67608e-22
2.80672e-07 3.64651e-22
2.80781e-07 3.62797e-22
2.8089e-07 3.62109e-22
2.81e-07 3.60986e-22
2.81109e-07 3.58421e-22
2.81218e-07 3.53992e-22
2.81328e-07 3.4762e-22
2.81437e-07 3.40223e-22
2.81546e-07 3.3303e-22
2.81656e-07 3.27574e-22
2.81765e-07 3.23081e-22
2.81874e-07 3.19959e-22
2.81983e-07 3.17843e-22
2.82093e-07 3.16565e-22
2.82202e-07 3.15848e-22
2.82311e-07 3.14671e-22
2.8242e-07 3.11958e-22
2.82529e-07 3.07589e-22
2.82638e-07 3.02917e-22
2.82747e-07 2.99362e-22
2.82856e-07 2.96457e-22
2.82965e-07 2.94844e-22
2.83074e-07 2.94313e-22
2.83183e-07 2.9486e-22
2.83292e-07 2.95857e-22
2.83401e-07 2.95845e-22
2.8351e-07 2.92968e-22
2.83619e-07 2.87546e-22
2.83728e-07 2.80976e-22
2.83837e-07 2.74336e-22
2.83946e-07 2.67969e-22
2.84055e-07 2.62489e-22
2.84164e-07 2.58423e-22
2.84273e-07 2.56031e-22
2.84382e-07 2.54705e-22
2.84491e-07 2.53117e-22
2.846e-07 2.50739e-22
2.84709e-07 2.48328e-22
2.84818e-07 2.46138e-22
2.84926e-07 2.43519e-22
2.85035e-07 2.40046e-22
2.85144e-07 2.35821e-22
2.85253e-07 2.31341e-22
2.85362e-07 2.27305e-22
2.8547e-07 2.24265e-22
2.85579e-07 2.22609e-22
2.85688e-07 2.21966e-22
2.85797e-07 2.21535e-22
2.85905e-07 2.20495e-22
2.86014e-07 2.18639e-22
2.86123e-07 2.16216e-22
2.86232e-07 2.13577e-22
2.8634e-07 2.10827e-22
2.86449e-07 2.07892e-22
2.86558e-07 2.04923e-22
2.86666e-07 2.02087e-22
2.86775e-07 1.99532e-22
2.86883e-07 1.9762e-22
2.86992e-07 1.96281e-22
2.87101e-07 1.95037e-22
2.87209e-07 1.93588e-22
2.87318e-07 1.91489e-22
2.87426e-07 1.88527e-22
2.87535e-07 1.8472e-22
2.87643e-07 1.80529e-22
2.87752e-07 1.76564e-22
2.87861e-07 1.73006e-22
2.87969e-07 1.70033e-22
2.88078e-07 1.6765e-22
2.88186e-07 1.65609e-22
2.88294e-07 1.6374e-22
2.88403e-07 1.62138e-22
2.88511e-07 1.60816e-22
2.8862e-07 1.59442e-22
2.88728e-07 1.57803e-22
2.88837e-07 1.55804e-22
2.88945e-07 1.53679e-22
2.89053e-07 1.51681e-22
2.89162e-07 1.49892e-22
2.8927e-07 1.48112e-22
2.89379e-07 1.46151e-22
2.89487e-07 1.43983e-22
2.89595e-07 1.41716e-22
2.89703e-07 1.39604e-22
2.89812e-07 1.37964e-22
2.8992e-07 1.36745e-22
2.90028e-07 1.35609e-22
2.90137e-07 1.3417e-22
2.90245e-07 1.32539e-22
2.90353e-07 1.31017e-22
2.90461e-07 1.29807e-22
2.9057e-07 1.28664e-22
2.90678e-07 1.27374e-22
2.90786e-07 1.25851e-22
2.90894e-07 1.24122e-22
2.91003e-07 1.22267e-22
2.91111e-07 1.20353e-22
2.91219e-07 1.18396e-22
2.91327e-07 1.16406e-22
2.91435e-07 1.1429e-22
2.91544e-07 1.12021e-22
2.91652e-07 1.09578e-22
2.9176e-07 1.07515e-22
2.91868e-07 1.061e-22
2.91976e-07 1.04873e-22
2.92084e-07 1.03536e-22
2.92192e-07 1.02138e-22
2.923e-07 1.00897e-22
2.92409e-07 1.0008e-22
2.92517e-07 9.96067e-23
2.92625e-07 9.90976e-23
2.92733e-07 9.83159e-23
2.92841e-07 9.71674e-23
2.92949e-07 9.56573e-23
2.93057e-07 9.39445e-23
2.93165e-07 9.22746e-23
2.93273e-07 9.0636e-23
2.93381e-07 8.89931e-23
2.93489e-07 8.73071e-23
2.93597e-07 8.56282e-23
2.93705e-07 8.40353e-23
2.93813e-07 8.26563e-23
2.93921e-07 8.16314e-23
2.94029e-07 8.09869e-23
2.94137e-07 8.05369e-23
2.94245e-07 7.99185e-23
2.94353e-07 7.89498e-23
2.94461e-07 7.79758e-23
2.94569e-07 7.71675e-23
2.94677e-07 7.61962e-23
2.94784e-07 7.5148e-23
2.94892e-07 7.40716e-23
2.95e-07 7.29864e-23
2.95108e-07 7.17256e-23
2.95216e-07 7.02976e-23
2.95324e-07 6.87978e-23
2.95432e-07 6.7329e-23
2.9554e-07 6.60167e-23
2.95647e-07 6.51044e-23
2.95755e-07 6.44743e-23
2.95863e-07 6.37856e-23
2.95971e-07 6.29485e-23
2.96079e-07 6.18545e-23
2.96187e-07 6.04662e-23
2.96294e-07 5.92e-23
2.96402e-07 5.83579e-23
2.9651e-07 5.79287e-23
2.96618e-07 5.76887e-23
2.96726e-07 5.74472e-23
2.96833e-07 5.69726e-23
2.96941e-07 5.61523e-23
2.97049e-07 5.49608e-23
2.97157e-07 5.38023e-23
2.97264e-07 5.28592e-23
2.97372e-07 5.20308e-23
2.9748e-07 5.11177e-23
2.97588e-07 5.01741e-23
2.97696e-07 4.92597e-23
2.97803e-07 4.84543e-23
2.97911e-07 4.76588e-23
2.98019e-07 4.69438e-23
2.98126e-07 4.63306e-23
2.98234e-07 4.57939e-23
2.98342e-07 4.53071e-23
2.98449e-07 4.46867e-23
2.98557e-07 4.41395e-23
2.98665e-07 4.37785e-23
2.98772e-07 4.34619e-23
2.9888e-07 4.30626e-23
2.98988e-07 4.24413e-23
2.99095e-07 4.16468e-23
2.99203e-07 4.07454e-23
2.99311e-07 3.98407e-23
2.99418e-07 3.89827e-23
2.99526e-07 3.81361e-23
2.99634e-07 3.74075e-23
2.99741e-07 3.6797e-23
2.99849e-07 3.64238e-23
2.99957e-07 3.62015e-23
3.00064e-07 3.58874e-23
3.00172e-07 3.54683e-23
3.00279e-07 3.49649e-23
3.00387e-07 3.44828e-23
3.00495e-07 3.41178e-23
3.00602e-07 3.37558e-23
3.0071e-07 3.33029e-23
3.00817e-07 3.26748e-23
3.00925e-07 3.19623e-23
3.01032e-07 3.1218e-23
3.0114e-07 3.04889e-23
3.01248e-07 2.98519e-23
3.01355e-07 2.93689e-23
3.01463e-07 2.89541e-23
3.0157e-07 2.8568e-23
3.01678e-07 2.82861e-23
3.01785e-07 2.8132e-23
3.01893e-07 2.80185e-23
3.02e-07 2.77903e-23
3.02108e-07 2.74885e-23
3.02215e-07 2.7117e-23
3.02323e-07 2.67277e-23
3.0243e-07 2.62886e-23
3.02538e-07 2.57696e-23
3.02645e-07 2.52426e-23
3.02753e-07 2.46921e-23
3.0286e-07 2.41523e-23
3.02968e-07 2.35818e-23
3.03075e-07 2.30738e-23
3.03183e-07 2.27041e-23
3.0329e-07 2.24287e-23
3.03398e-07 2.21607e-23
3.03505e-07 2.19161e-23
3.03613e-07 2.17119e-23
3.0372e-07 2.15241e-23
3.03828e-07 2.14269e-23
3.03935e-07 2.14274e-23
3.04043e-07 2.1371e-23
3.0415e-07 2.11197e-23
3.04258e-07 2.07255e-23
3.04365e-07 2.03247e-23
3.04472e-07 2.00052e-23
3.0458e-07 1.96695e-23
3.04687e-07 1.92013e-23
3.04795e-07 1.86863e-23
3.04902e-07 1.8208e-23
3.0501e-07 1.77779e-23
3.05117e-07 1.73746e-23
3.05224e-07 1.69953e-23
3.05332e-07 1.66677e-23
3.05439e-07 1.64145e-23
3.05547e-07 1.62795e-23
3.05654e-07 1.62508e-23
3.05762e-07 1.62417e-23
3.05869e-07 1.61108e-23
3.05976e-07 1.59244e-23
3.06084e-07 1.57573e-23
3.06191e-07 1.57583e-23
3.06299e-07 1.57854e-23
3.06406e-07 1.56369e-23
3.06513e-07 1.52977e-23
3.06621e-07 1.49167e-23
3.06728e-07 1.46263e-23
3.06835e-07 1.43861e-23
3.06943e-07 1.40729e-23
3.0705e-07 1.36409e-23
3.07158e-07 1.31961e-23
3.07265e-07 1.28107e-23
3.07372e-07 1.25411e-23
3.0748e-07 1.22765e-23
3.07587e-07 1.20734e-23
3.07694e-07 1.19152e-23
3.07802e-07 1.18892e-23
3.07909e-07 1.19573e-23
3.08016e-07 1.19648e-23
3.08124e-07 1.1951e-23
3.08231e-07 1.18981e-23
3.08339e-07 1.16553e-23
3.08446e-07 1.1331e-23
3.08553e-07 1.11472e-23
3.0866e-07 1.12232e-23
3.08768e-07 1.12151e-23
3.08875e-07 1.11023e-23
3.08983e-07 1.09186e-23
3.0909e-07 1.08007e-23
3.09197e-07 1.05598e-23
3.09305e-07 1.02767e-23
3.09412e-07 9.91386e-24
3.09519e-07 9.40746e-24
3.09627e-07 9.03585e-24
3.09734e-07 8.82945e-24
3.09841e-07 8.73703e-24
3.09949e-07 8.68124e-24
3.10056e-07 8.63732e-24
3.10163e-07 8.67432e-24
3.1027e-07 8.76653e-24
3.10378e-07 8.73025e-24
3.10485e-07 8.50581e-24
3.10592e-07 8.27037e-24
3.107e-07 8.18308e-24
3.10807e-07 8.12162e-24
3.10914e-07 7.98256e-24
3.11022e-07 7.89481e-24
3.11129e-07 7.81651e-24
3.11236e-07 7.84809e-24
3.11343e-07 7.95211e-24
3.11451e-07 7.96053e-24
3.11558e-07 7.79107e-24
3.11665e-07 7.52628e-24
3.11773e-07 7.23634e-24
3.1188e-07 6.97951e-24
3.11987e-07 6.7705e-24
3.12095e-07 6.59713e-24
3.12202e-07 6.48992e-24
3.12309e-07 6.38337e-24
3.12416e-07 6.23662e-24
3.12524e-07 6.07656e-24
3.12631e-07 5.94365e-24
3.12738e-07 5.84791e-24
3.12846e-07 5.76514e-24
3.12953e-07 5.75099e-24
3.1306e-07 5.71377e-24
3.13167e-07 5.65072e-24
3.13275e-07 5.66921e-24
3.13382e-07 5.89247e-24
3.13489e-07 6.08471e-24
3.13596e-07 6.12981e-24
3.13704e-07 6.02043e-24
3.13811e-07 5.84266e-24
3.13918e-07 5.62553e-24
3.14026e-07 5.4451e-24
3.14133e-07 5.22744e-24
3.1424e-07 5.00693e-24
3.14347e-07 4.79057e-24
3.14455e-07 4.56048e-24
3.14562e-07 4.36542e-24
3.14669e-07 4.24359e-24
3.14742e-07 4.19074e-24
3.14858e-07 4.19716e-24
3.14974e-07 4.16721e-24
3.15091e-07 4.12625e-24
3.15207e-07 4.13992e-24
3.15323e-07 4.27741e-24
3.15439e-07 4.49987e-24
3.15556e-07 4.64554e-24
3.15672e-07 4.58972e-24
3.15788e-07 4.37221e-24
3.15904e-07 4.10999e-24
3.1602e-07 3.87227e-24
3.16136e-07 3.72169e-24
3.16252e-07 3.60811e-24
3.16368e-07 3.50055e-24
3.16485e-07 3.36301e-24
3.16601e-07 3.21785e-24
3.16717e-07 3.10573e-24
3.16833e-07 3.10005e-24
3.16949e-07 3.21559e-24
3.17064e-07 3.34227e-24
3.1718e-07 3.36852e-24
3.17296e-07 3.29818e-24
3.17412e-07 3.28321e-24
3.17528e-07 3.42972e-24
3.17644e-07 3.5723e-24
3.1776e-07 3.51785e-24
3.17876e-07 3.30431e-24
3.17991e-07 3.13173e-24
3.18107e-07 3.01736e-24
3.18223e-07 2.85489e-24
3.18339e-07 2.64127e-24
3.18454e-07 2.44592e-24
3.1857e-07 2.31995e-24
3.18686e-07 2.24386e-24
3.18801e-07 2.17111e-24
3.18917e-07 2.08067e-24
3.19033e-07 1.99397e-24
3.19148e-07 1.97159e-24
3.19264e-07 2.09182e-24
3.1938e-07 2.3644e-24
3.19495e-07 2.61234e-24
3.19611e-07 2.64727e-24
3.19726e-07 2.53997e-24
3.19842e-07 2.5064e-24
3.19957e-07 2.6639e-24
3.20073e-07 2.78134e-24
3.20188e-07 2.64699e-24
3.20303e-07 2.38274e-24
3.20419e-07 2.1403e-24
3.20534e-07 1.99305e-24
3.2065e-07 1.88449e-24
3.20765e-07 1.73402e-24
3.2088e-07 1.56504e-24
3.20996e-07 1.42358e-24
3.21111e-07 1.33858e-24
3.21226e-07 1.31777e-24
3.21342e-07 1.34344e-24
3.21457e-07 1.36974e-24
3.21572e-07 1.35473e-24
3.21687e-07 1.32724e-24
3.21803e-07 1.3824e-24
3.21918e-07 1.63538e-24
3.22033e-07 2.01415e-24
3.22148e-07 2.16851e-24
3.22263e-07 2.0476e-24
3.22378e-07 1.86388e-24
3.22493e-07 1.78491e-24
3.22608e-07 1.93312e-24
3.22724e-07 2.07099e-24
3.22839e-07 1.95875e-24
3.22954e-07 1.73905e-24
3.23069e-07 1.51672e-24
3.23184e-07 1.31889e-24
3.23299e-07 1.15722e-24
3.23414e-07 1.02821e-24
3.23529e-07 9.22459e-25
3.23643e-07 8.33954e-25
3.23758e-07 7.62859e-25
3.23873e-07 7.21599e-25
3.23988e-07 7.27722e-25
3.24103e-07 8.07143e-25
3.24218e-07 9.09145e-25
3.24333e-07 9.46759e-25
3.24448e-07 9.36921e-25
3.24562e-07 9.38972e-25
3.24677e-07 1.04615e-24
3.24792e-07 1.37154e-24
3.24907e-07 1.62596e-24
3.25021e-07 1.573e-24
3.25136e-07 1.40829e-24
3.25251e-07 1.24269e-24
3.25365e-07 1.14742e-24
3.2548e-07 1.19281e-24
3.25595e-07 1.2279e-24
3.25709e-07 1.13579e-24
3.25824e-07 1.00041e-24
3.25939e-07 8.7225e-25
3.26053e-07 7.59627e-25
3.26168e-07 6.70857e-25
3.26282e-07 6.03365e-25
3.26397e-07 5.57265e-25
3.26511e-07 5.21668e-25
3.26626e-07 4.86562e-25
3.2674e-07 4.57859e-25
3.26855e-07 4.4685e-25
3.26969e-07 4.82037e-25
3.27084e-07 6.00082e-25
3.27198e-07 7.20101e-25
3.27313e-07 7.44691e-25
3.27427e-07 7.0734e-25
3.27542e-07 6.63586e-25
3.27656e-07 6.75459e-25
3.2777e-07 8.4147e-25
3.27885e-07 1.08991e-24
3.27999e-07 1.19685e-24
3.28113e-07 1.13133e-24
3.28227e-07 9.99533e-25
3.28342e-07 8.63838e-25
3.28456e-07 7.42103e-25
3.2857e-07 6.38281e-25
3.28684e-07 5.47205e-25
3.28799e-07 4.71957e-25
3.28913e-07 4.09238e-25
3.29027e-07 3.61225e-25
3.29141e-07 3.20829e-25
3.29255e-07 2.90662e-25
3.2937e-07 2.69154e-25
3.29484e-07 2.63659e-25
3.29598e-07 2.73644e-25
3.29712e-07 2.80021e-25
3.29826e-07 2.74807e-25
3.2994e-07 2.6855e-25
3.30054e-07 2.8283e-25
3.30168e-07 3.53604e-25
3.30282e-07 5.0876e-25
3.30396e-07 6.08708e-25
3.3051e-07 5.97978e-25
3.30624e-07 5.47699e-25
3.30738e-07 5.00473e-25
3.30852e-07 4.8841e-25
3.30966e-07 5.70718e-25
3.3108e-07 7.07862e-25
3.31194e-07 7.2052e-25
3.31308e-07 6.53103e-25
3.31422e-07 5.69131e-25
3.31536e-07 4.88263e-25
3.31649e-07 4.20021e-25
3.31763e-07 3.60942e-25
3.31877e-07 3.10574e-25
3.31991e-07 2.67841e-25
3.32105e-07 2.33784e-25
3.32218e-07 2.05753e-25
3.32332e-07 1.85135e-25
3.32446e-07 1.67424e-25
3.3256e-07 1.56295e-25
3.32673e-07 1.52232e-25
3.32787e-07 1.61633e-25
3.32901e-07 1.88961e-25
3.33015e-07 2.11167e-25
3.33128e-07 2.19371e-25
3.33242e-07 2.19563e-25
3.33356e-07 2.21514e-25
3.33469e-07 2.50939e-25
3.33583e-07 3.54972e-25
3.33696e-07 4.81076e-25
3.3381e-07 5.05447e-25
3.33924e-07 4.70045e-25
3.34037e-07 4.14273e-25
3.34151e-07 3.56206e-25
3.34264e-07 3.03998e-25
3.34378e-07 2.60595e-25
3.34491e-07 2.28498e-25
3.34605e-07 2.08565e-25
3.34718e-07 1.90284e-25
3.34832e-07 1.69491e-25
3.34945e-07 1.48091e-25
3.35059e-07 1.28765e-25
3.35172e-07 1.13171e-25
3.35286e-07 1.00022e-25
3.35399e-07 9.14934e-26
3.35512e-07 8.73503e-26
3.35626e-07 8.60874e-26
3.35739e-07 8.48467e-26
3.35853e-07 8.15909e-26
3.35966e-07 7.93876e-26
3.36079e-07 8.24971e-26
3.36192e-07 9.54934e-26
3.36306e-07 1.23973e-25
3.36419e-07 1.63943e-25
3.36532e-07 1.84294e-25
3.36646e-07 1.80022e-25
3.36759e-07 1.69237e-25
3.36872e-07 1.64613e-25
3.36985e-07 1.78833e-25
3.37099e-07 2.37009e-25
3.37212e-07 3.19698e-25
3.37325e-07 3.39342e-25
3.37438e-07 3.14862e-25
3.37551e-07 2.7779e-25
3.37665e-07 2.4022e-25
3.37778e-07 2.05521e-25
3.37891e-07 1.75402e-25
3.38004e-07 1.4989e-25
3.38117e-07 1.28996e-25
3.3823e-07 1.10372e-25
3.38343e-07 9.41257e-26
3.38456e-07 8.17258e-26
3.38569e-07 7.20648e-26
3.38682e-07 6.53836e-26
3.38795e-07 6.11023e-26
3.38908e-07 5.79315e-26
3.39021e-07 5.5538e-26
3.39134e-07 5.39911e-26
3.39247e-07 5.60286e-26
3.3936e-07 6.29362e-26
3.39473e-07 6.77952e-26
3.39586e-07 6.80167e-26
3.39699e-07 6.70093e-26
3.39812e-07 7.01292e-26
3.39925e-07 8.56547e-26
3.40038e-07 1.25076e-25
3.40151e-07 1.62652e-25
3.40264e-07 1.67121e-25
3.40376e-07 1.54038e-25
3.40489e-07 1.35644e-25
3.40602e-07 1.17031e-25
3.40715e-07 1.00036e-25
3.40828e-07 8.53913e-26
3.40941e-07 7.29879e-26
3.41053e-07 6.25917e-26
3.41166e-07 5.38996e-26
3.41279e-07 4.67994e-26
3.41392e-07 4.11401e-26
3.41505e-07 3.63034e-26
3.41617e-07 3.2837e-26
3.4173e-07 3.0323e-26
3.41843e-07 2.88929e-26
3.41955e-07 2.83718e-26
3.42068e-07 2.842e-26
3.42181e-07 2.75085e-26
3.42294e-07 2.54367e-26
3.42406e-07 2.32756e-26
3.42519e-07 2.17933e-26
3.42632e-07 2.12867e-26
3.42744e-07 2.2638e-26
3.42857e-07 2.61733e-26
3.42969e-07 3.02976e-26
3.43082e-07 3.63805e-26
3.43195e-07 4.42608e-26
3.43307e-07 4.70062e-26
3.4342e-07 4.60325e-26
3.43532e-07 4.5434e-26
3.43645e-07 4.84983e-26
3.43757e-07 6.04839e-26
3.4387e-07 9.03062e-26
3.43982e-07 1.21334e-25
3.44095e-07 1.26315e-25
3.44207e-07 1.17027e-25
3.4432e-07 1.03318e-25
3.44432e-07 8.93537e-26
3.44545e-07 7.6444e-26
3.44657e-07 6.52985e-26
3.4477e-07 5.59263e-26
3.44882e-07 4.81828e-26
3.44995e-07 4.17433e-26
3.45107e-07 3.61929e-26
3.45219e-07 3.19466e-26
3.45332e-07 2.91147e-26
3.45444e-07 2.68336e-26
3.45556e-07 2.57712e-26
3.45669e-07 2.53794e-26
3.45781e-07 2.42289e-26
3.45893e-07 2.20894e-26
3.46006e-07 1.95958e-26
3.46118e-07 1.75242e-26
3.4623e-07 1.60407e-26
3.46343e-07 1.52774e-26
3.46455e-07 1.49396e-26
3.46567e-07 1.45148e-26
3.4668e-07 1.41146e-26
3.46792e-07 1.42399e-26
3.46904e-07 1.57917e-26
3.47016e-07 2.04674e-26
3.47128e-07 3.05272e-26
3.47241e-07 3.90091e-26
3.47353e-07 3.94861e-26
3.47465e-07 3.62033e-26
3.47577e-07 3.17825e-26
3.4769e-07 2.74135e-26
3.47802e-07 2.35029e-26
3.47914e-07 2.00956e-26
3.48026e-07 1.71202e-26
3.48138e-07 1.46512e-26
3.4825e-07 1.25918e-26
3.48362e-07 1.10817e-26
3.48474e-07 1.00339e-26
3.48587e-07 9.31265e-27
3.48699e-07 8.8921e-27
3.48811e-07 8.26025e-27
3.48923e-07 7.41497e-27
3.49035e-07 6.71757e-27
3.49147e-07 6.22718e-27
3.49259e-07 6.27862e-27
3.49371e-07 7.27017e-27
3.49483e-07 8.63671e-27
3.49595e-07 8.86777e-27
3.49707e-07 8.37136e-27
3.49819e-07 7.7936e-27
3.49931e-07 7.23995e-27
3.50043e-07 7.03461e-27
3.50155e-07 7.08985e-27
3.50267e-07 7.27002e-27
3.50379e-07 7.28723e-27
3.50491e-07 7.37102e-27
3.50603e-07 7.54046e-27
3.50715e-07 7.59237e-27
3.50827e-07 7.84962e-27
3.50938e-07 8.43443e-27
3.5105e-07 1.01857e-26
3.51162e-07 1.45495e-26
3.51274e-07 2.35041e-26
3.51386e-07 3.31093e-26
3.51498e-07 3.59339e-26
3.5161e-07 3.40451e-26
3.51721e-07 3.05358e-26
3.51833e-07 2.66447e-26
3.51945e-07 2.28523e-26
3.52057e-07 1.95439e-26
3.52169e-07 1.67484e-26
3.52281e-07 1.45803e-26
3.52392e-07 1.3117e-26
3.52504e-07 1.21838e-26
3.52616e-07 1.15273e-26
3.52728e-07 1.04729e-26
3.52839e-07 9.15223e-27
3.52951e-07 7.93022e-27
3.53063e-07 6.93485e-27
3.53175e-07 6.0379e-27
3.53286e-07 5.41775e-27
3.53398e-07 4.94613e-27
3.5351e-07 4.41023e-27
3.53621e-07 3.86075e-27
3.53733e-07 3.37153e-27
3.53845e-07 2.80338e-27
3.53956e-07 2.43918e-27
3.54068e-07 2.21182e-27
3.5418e-07 1.96129e-27
3.54291e-07 1.9375e-27
3.54403e-07 1.96374e-27
3.54515e-07 1.97822e-27
3.54626e-07 2.26417e-27
3.54738e-07 2.8292e-27
3.54849e-07 3.56047e-27
3.54961e-07 4.29665e-27
3.55073e-07 4.65417e-27
3.55184e-07 4.41602e-27
3.55296e-07 4.03853e-27
3.55407e-07 3.6415e-27
3.55519e-07 3.03155e-27
3.5563e-07 2.58896e-27
3.55742e-07 2.14173e-27
3.55853e-07 1.90849e-27
3.55965e-07 1.74782e-27
3.56076e-07 1.41356e-27
3.56188e-07 1.22384e-27
3.56299e-07 1.07919e-27
3.56411e-07 9.93436e-28
3.56522e-07 1.09071e-27
3.56634e-07 1.62767e-27
3.56745e-07 2.24293e-27
3.56857e-07 2.32573e-27
3.56968e-07 2.11742e-27
3.57079e-07 1.85443e-27
3.57191e-07 1.5553e-27
3.57302e-07 1.32973e-27
3.57414e-07 1.32563e-27
3.57525e-07 1.3108e-27
3.57636e-07 1.21845e-27
3.57748e-07 1.1895e-27
3.57859e-07 8.92174e-28
3.57971e-07 6.75739e-28
3.58082e-07 5.24357e-28
3.58193e-07 3.95036e-28
3.58305e-07 3.88158e-28
3.58416e-07 3.63372e-28
3.58527e-07 2.23743e-28
3.58639e-07 2.58767e-28
3.5875e-07 5.04362e-28
3.58861e-07 6.04976e-28
3.58973e-07 9.13035e-28
3.59084e-07 1.41709e-27
3.59195e-07 2.21132e-27
3.59306e-07 3.52672e-27
3.59418e-07 5.0247e-27
3.59529e-07 5.64093e-27
3.5964e-07 5.56809e-27
3.59751e-07 5.15094e-27
3.59863e-07 4.75805e-27
3.59974e-07 4.39181e-27
3.60085e-07 4.03474e-27
3.60196e-07 3.75584e-27
3.60308e-07 3.45708e-27
3.60419e-07 3.14401e-27
3.6053e-07 2.561e-27
3.60641e-07 2.30072e-27
3.60752e-07 1.95735e-27
3.60863e-07 1.78885e-27
3.60975e-07 1.61892e-27
3.61086e-07 1.406e-27
3.61197e-07 1.31532e-27
3.61308e-07 1.07476e-27
3.61419e-07 8.54595e-28
3.6153e-07 7.26301e-28
3.61641e-07 7.82029e-28
3.61753e-07 6.20063e-28
3.61864e-07 5.73952e-28
3.61975e-07 4.65578e-28
3.62086e-07 3.88636e-28
3.62197e-07 4.61135e-28
3.62308e-07 5.14308e-28
3.62419e-07 4.49046e-28
3.6253e-07 4.20863e-28
3.62641e-07 3.00196e-28
3.62752e-07 2.49685e-28
3.62863e-07 2.52796e-28
3.62974e-07 2.51889e-28
3.63085e-07 2.22005e-28
3.63196e-07 2.7248e-28
3.63307e-07 2.85594e-28
3.63418e-07 3.36899e-28
3.63529e-07 3.46249e-28
3.6364e-07 3.89691e-28
3.63751e-07 4.76718e-28
3.63862e-07 2.83754e-28
3.63973e-07 1.7082e-28
3.64084e-07 1.78538e-28
3.64195e-07 1.58506e-28
3.64306e-07 1.03315e-28
3.64417e-07 1.53361e-28
3.64528e-07 2.92783e-28
3.64639e-07 4.24613e-28
3.6475e-07 6.3817e-28
3.64861e-07 5.58948e-28
3.64972e-07 5.54058e-28
3.65082e-07 4.20728e-28
3.65193e-07 4.13287e-28
3.65304e-07 2.34787e-28
3.65415e-07 2.29259e-28
3.65526e-07 4.41434e-28
3.65637e-07 3.955e-28
3.65748e-07 2.07222e-29
3.65859e-07 4.13654e-29
3.6597e-07 4.75345e-29
3.6608e-07 0
3.66191e-07 0
3.66302e-07 0
3.66413e-07 0
3.66524e-07 0
3.66634e-07 0
3.66745e-07 0
3.66856e-07 0
3.66967e-07 0
3.67078e-07 0
3.67188e-07 0
3.67299e-07 0
3.6741e-07 0
3.67521e-07 0
3.67631e-07 0
3.67742e-07 0
3.67853e-07 0
3.67964e-07 0
3.68074e-07 0
3.68185e-07 0
3.68296e-07 0
3.68406e-07 0
3.68517e-07 0
3.68628e-07 0
3.68739e-07 0
3.68849e-07 0
3.6896e-07 0
3.69071e-07 0
3.69181e-07 0
3.69292e-07 0
3.69402e-07 0
3.69513e-07 0
3.69624e-07 0
3.69734e-07 0
3.69845e-07 0
3.69956e-07 0
3.70066e-07 0
3.70177e-07 0
3.70287e-07 0
3.70398e-07 0
3.70509e-07 0
3.70619e-07 0
3.7073e-07 0
3.7084e-07 0
3.70951e-07 0
3.71061e-07 0
3.71172e-07 0
3.71283e-07 0
3.71393e-07 0
3.71504e-07 0
3.71614e-07 0
3.71725e-07 0
3.71835e-07 0
3.71946e-07 0
3.72056e-07 0
3.72167e-07 0
3.72277e-07 0
3.72387e-07 0
3.72498e-07 0
3.72608e-07 0
3.72719e-07 0
3.72829e-07 0
3.7294e-07 0
3.7305e-07 0
3.73161e-07 0
3.73271e-07 0
3.73382e-07 0
3.73492e-07 0
3.73602e-07 1.07262e-28
3.73713e-07 4.60052e-29
3.73823e-07 2.10032e-28
3.73934e-07 0
3.74044e-07 4.73459e-29
3.74154e-07 4.0153e-29
3.74265e-07 7.18823e-29
3.74375e-07 3.83164e-29
3.74486e-07 3.1322e-28
3.74596e-07 4.40611e-30
3.74706e-07 6.14821e-30
3.74817e-07 0
3.74927e-07 1.99129e-28
3.75037e-07 0
3.75148e-07 6.82954e-29
3.75258e-07 0
3.75368e-07 3.91535e-28
3.75478e-07 4.84883e-28
3.75589e-07 3.83519e-28
3.75699e-07 4.00316e-28
3.75809e-07 3.7629e-29
3.7592e-07 4.88992e-28
3.7603e-07 2.98991e-28
3.7614e-07 6.83064e-29
3.7625e-07 3.84338e-28
3.76361e-07 3.15923e-28
3.76471e-07 1.82306e-28
3.76581e-07 5.27207e-28
3.76692e-07 1.66988e-28
3.76802e-07 1.14928e-28
3.76912e-07 1.66187e-28
3.77022e-07 4.91809e-28
3.77133e-07 4.292e-28
3.77243e-07 4.60021e-28
3.77353e-07 2.12632e-28
3.77463e-07 0
3.77573e-07 1.75526e-28
3.77684e-07 4.4844e-28
3.77794e-07 1.87039e-28
3.77904e-07 2.81989e-28
3.78014e-07 7.40261e-29
3.78124e-07 1.81796e-28
3.78234e-07 4.40816e-29
3.78345e-07 3.11188e-28
3.78455e-07 0
3.78565e-07 1.44655e-28
3.78675e-07 2.08564e-28
3.78785e-07 1.09636e-29
3.78895e-07 0
3.79005e-07 0
3.79116e-07 2.95089e-29
3.79226e-07 0
3.79336e-07 0
3.79446e-07 0
3.79556e-07 0
3.79666e-07 1.06517e-29
3.79776e-07 0
3.79886e-07 0
3.79996e-07 0
3.80106e-07 0
3.80217e-07 0
3.80327e-07 5.79338e-29
3.80437e-07 0
3.80547e-07 0
3.80657e-07 2.76378e-29
3.80767e-07 0
3.80877e-07 0
3.80987e-07 0
3.81097e-07 0
3.81207e-07 0
3.81317e-07 4.77526e-29
3.81427e-07 0
3.81537e-07 0
3.81647e-07 0
3.81757e-07 0
3.81867e-07 0
3.81977e-07 0
3.82087e-07 0
3.82197e-07 0
3.82307e-07 0
3.82417e-07 0
3.82527e-07 0
3.82637e-07 0
3.82746e-07 0
3.82856e-07 0
3.82966e-07 0
3.83076e-07 0
3.83186e-07 0
3.83296e-07 0
3.83406e-07 0
3.83516e-07 0
3.83626e-07 0
3.83736e-07 0
3.83846e-07 0
3.83955e-07 0
3.84065e-07 0
3.84175e-07 0
3.84285e-07 0
3.84395e-07 0
3.84505e-07 0
3.84615e-07 0
3.84724e-07 0
3.84834e-07 0
3.84944e-07 0
3.85054e-07 0
3.85164e-07 0
3.85274e-07 0
3.85383e-07 1.32675e-28
3.85493e-07 0
3.85603e-07 0
3.85713e-07 0
3.85823e-07 0
3.85932e-07 0
3.86042e-07 0
3.86152e-07 0
3.86262e-07 1.42046e-28
3.86371e-07 0
3.86481e-07 0
3.86591e-07 2.51815e-28
3.86701e-07 0
3.8681e-07 4.44164e-28
3.8692e-07 1.22367e-28
3.8703e-07 1.04805e-28
3.8714e-07 2.41278e-28
3.87249e-07 1.29761e-28
3.87359e-07 5.79843e-29
3.87469e-07 3.67519e-28
3.87578e-07 9.15852e-29
3.87688e-07 3.32158e-28
3.87798e-07 6.41402e-28
3.87908e-07 6.15714e-28
3.88017e-07 3.11398e-28
3.88127e-07 3.61764e-28
3.88237e-07 3.80297e-28
3.88346e-07 5.22404e-28
3.88456e-07 3.02589e-28
3.88565e-07 4.16491e-28
3.88675e-07 1.48315e-28
3.88785e-07 2.89402e-28
3.88894e-07 2.26514e-28
3.89004e-07 3.91651e-28
3.89114e-07 7.01226e-28
3.89223e-07 8.07229e-28
3.89333e-07 6.95207e-28
3.89443e-07 5.50326e-28
3.89552e-07 7.8774e-28
3.89662e-07 4.1347e-28
3.89771e-07 2.71079e-28
3.89881e-07 7.57708e-28
3.8999e-07 4.38762e-28
3.901e-07 7.16077e-28
3.9021e-07 7.69317e-28
3.90319e-07 7.14483e-28
3.90429e-07 8.4026e-28
3.90538e-07 7.71637e-28
3.90648e-07 3.90973e-28
3.90757e-07 4.75022e-28
3.90867e-07 6.85889e-28
3.90976e-07 3.50939e-28
3.91086e-07 8.35928e-28
3.91195e-07 6.6261e-28
3.91305e-07 4.15399e-28
3.91414e-07 3.94478e-28
3.91524e-07 9.05104e-28
3.91634e-07 6.46156e-28
3.91743e-07 6.8887e-28
3.91852e-07 6.26961e-28
3.91962e-07 9.35655e-28
3.92071e-07 8.18265e-28
3.92181e-07 9.21646e-28
3.9229e-07 6.18952e-28
3.924e-07 6.07673e-28
3.92509e-07 6.98524e-28
3.92619e-07 6.85578e-28
3.92728e-07 3.51159e-28
3.92837e-07 5.48933e-28
3.92947e-07 1.13116e-27
3.93056e-07 3.28415e-28
3.93166e-07 6.16399e-28
3.93275e-07 5.6223e-28
3.93385e-07 3.29558e-28
3.93494e-07 4.90906e-28
3.93603e-07 4.72396e-28
3.93713e-07 7.06393e-28
3.93822e-07 9.54494e-28
3.93932e-07 2.12728e-28
3.94041e-07 7.60055e-28
3.9415e-07 7.19573e-28
3.9426e-07 6.54947e-28
3.94369e-07 8.17555e-28
3.94478e-07 5.89455e-28
3.94588e-07 6.2902e-28
3.94697e-07 8.58658e-28
3.94806e-07 9.81753e-28
3.94916e-07 6.56448e-28
3.95025e-07 5.76757e-28
3.95134e-07 4.43476e-28
3.95244e-07 5.75558e-28
3.95353e-07 8.17595e-28
3.95462e-07 8.61805e-28
3.95572e-07 8.04861e-28
3.95681e-07 6.60651e-28
3.9579e-07 4.85449e-28
3.95899e-07 3.3173e-28
3.96009e-07 6.07549e-28
3.96118e-07 6.7788e-28
3.96227e-07 6.98877e-28
3.96336e-07 6.0457e-28
3.96446e-07 4.73001e-28
3.96555e-07 4.16079e-28
3.96664e-07 4.51351e-28
3.96773e-07 7.31632e-28
3.96883e-07 7.26209e-28
3.96992e-07 6.62961e-28
3.97101e-07 4.00147e-28
3.9721e-07 5.52943e-28
3.97319e-07 6.83105e-28
3.97429e-07 5.75248e-28
3.97538e-07 5.50745e-28
3.97647e-07 8.013e-28
3.97756e-07 6.03224e-28
3.97865e-07 4.6962e-28
3.97975e-07 5.33712e-28
3.98084e-07 3.2444e-28
3.98193e-07 3.41462e-28
3.98302e-07 1.0979e-28
3.98411e-07 2.86417e-28
3.9852e-07 4.11801e-28
3.98629e-07 3.79401e-28
3.98739e-07 1.58404e-28
3.98848e-07 5.93358e-28
3.98957e-07 6.91641e-28
3.99066e-07 5.46254e-28
3.99175e-07 6.40864e-28
3.99284e-07 6.21989e-28
3.99393e-07 6.25192e-28
3.99502e-07 4.46276e-28
3.99611e-07 4.4404e-28
3.9972e-07 5.89936e-28
3.99829e-07 5.72629e-28
3.99939e-07 3.0064e-28
4.00048e-07 4.11135e-28
4.00142e-07 4.11159e-28
4.00443e-07 5.63993e-28
4.00743e-07 6.0236e-28
4.01043e-07 5.76648e-28
4.01343e-07 5.83083e-28
4.01643e-07 6.62841e-28
4.01943e-07 7.09003e-28
4.02243e-07 7.61999e-28
4.02543e-07 7.58482e-28
4.02843e-07 7.58659e-28
4.03143e-07 7.31837e-28
4.03443e-07 6.88878e-28
4.03743e-07 6.70401e-28
4.04043e-07 7.04544e-28
4.04344e-07 7.07998e-28
4.04644e-07 6.8658e-28
4.04944e-07 6.81948e-28
4.05244e-07 6.88315e-28
4.05544e-07 7.28315e-28
4.05844e-07 7.92827e-28
4.06144e-07 8.49279e-28
4.06444e-07 9.05324e-28
4.06744e-07 1.01167e-27
4.07044e-07 1.16068e-27
4.07344e-07 1.29767e-27
4.07644e-07 1.40796e-27
4.07944e-07 1.52054e-27
4.08245e-07 1.6122e-27
4.08545e-07 1.68259e-27
4.08845e-07 1.72531e-27
4.09145e-07 1.81675e-27
4.09445e-07 1.87194e-27
4.09745e-07 1.9133e-27
4.10045e-07 1.89997e-27
4.10345e-07 1.90482e-27
4.10645e-07 1.91313e-27
4.10945e-07 1.91837e-27
4.11245e-07 1.91009e-27
4.11545e-07 1.90169e-27
4.11845e-07 1.87672e-27
4.12146e-07 1.83461e-27
4.12446e-07 1.74393e-27
4.12746e-07 1.6703e-27
4.13046e-07 1.58206e-27
4.13346e-07 1.56574e-27
4.13646e-07 1.55485e-27
4.13946e-07 1.65492e-27
4.14246e-07 1.7411e-27
4.14546e-07 1.83632e-27
4.14846e-07 1.93864e-27
4.15146e-07 2.07705e-27
4.15446e-07 2.22254e-27
4.15746e-07 2.349e-27
4.16047e-07 2.4698e-27
4.16347e-07 2.55789e-27
4.16647e-07 2.63292e-27
4.16947e-07 2.73952e-27
4.17247e-07 2.82888e-27
4.17547e-07 2.89008e-27
4.17847e-07 2.91753e-27
4.18147e-07 2.93169e-27
4.18447e-07 2.87392e-27
4.18747e-07 2.79946e-27
4.19047e-07 2.77815e-27
4.19347e-07 2.76265e-27
4.19648e-07 2.77202e-27
4.19948e-07 2.8219e-27
4.20248e-07 2.87497e-27
4.20548e-07 2.91565e-27
4.20848e-07 3.00465e-27
4.21148e-07 3.193e-27
4.21448e-07 3.4033e-27
4.21748e-07 3.61898e-27
4.22048e-07 3.80869e-27
4.22348e-07 4.02956e-27
4.22648e-07 4.31767e-27
4.22948e-07 4.62006e-27
4.23248e-07 4.86962e-27
4.23549e-07 5.08325e-27
4.23849e-07 5.33249e-27
4.24149e-07 5.60332e-27
4.24449e-07 5.85074e-27
4.24749e-07 6.0433e-27
4.25049e-07 6.23398e-27
4.25349e-07 6.40237e-27
4.25649e-07 6.47597e-27
4.25949e-07 6.44193e-27
4.26249e-07 6.34507e-27
4.26549e-07 6.32712e-27
4.26849e-07 6.28699e-27
4.27149e-07 6.17588e-27
4.2745e-07 5.97671e-27
4.2775e-07 5.84095e-27
4.2805e-07 5.70525e-27
4.2835e-07 5.57341e-27
4.2865e-07 5.49007e-27
4.2895e-07 5.44633e-27
4.2925e-07 5.40528e-27
4.2955e-07 5.40409e-27
4.2985e-07 5.47644e-27
4.3015e-07 5.57204e-27
4.3045e-07 5.72379e-27
4.3075e-07 5.9343e-27
4.31051e-07 6.21309e-27
4.31351e-07 6.52526e-27
4.31651e-07 6.84544e-27
4.31951e-07 7.13932e-27
4.32251e-07 7.40981e-27
4.32551e-07 7.67441e-27
4.32851e-07 7.80911e-27
4.33151e-07 7.91067e-27
4.33451e-07 8.00534e-27
4.33751e-07 8.07405e-27
4.34051e-07 8.0233e-27
4.34351e-07 7.93685e-27
4.34651e-07 7.8293e-27
4.34952e-07 7.79258e-27
4.35252e-07 7.8037e-27
4.35552e-07 7.81654e-27
4.35852e-07 7.80582e-27
4.36152e-07 7.86789e-27
4.36452e-07 8.01326e-27
4.36752e-07 8.2235e-27
4.37052e-07 8.45781e-27
4.37352e-07 8.76744e-27
4.37652e-07 9.14499e-27
4.37952e-07 9.56914e-27
4.38252e-07 1.00312e-26
4.38552e-07 1.05771e-26
4.38853e-07 1.11765e-26
4.39153e-07 1.17312e-26
4.39453e-07 1.22374e-26
4.39753e-07 1.28075e-26
4.40053e-07 1.3443e-26
4.40353e-07 1.40635e-26
4.40653e-07 1.46463e-26
4.40953e-07 1.51945e-26
4.41253e-07 1.5677e-26
4.41465e-07 1.60279e-26
4.41676e-07 1.63521e-26
4.41887e-07 1.66689e-26
4.42098e-07 1.69116e-26
4.42309e-07 1.7104e-26
4.42519e-07 1.72605e-26
4.4273e-07 1.73838e-26
4.42941e-07 1.74196e-26
4.43151e-07 1.74378e-26
4.43362e-07 1.73902e-26
4.43573e-07 1.73032e-26
4.43783e-07 1.7182e-26
4.43994e-07 1.69875e-26
4.44205e-07 1.67485e-26
4.44415e-07 1.6499e-26
4.44626e-07 1.62127e-26
4.44836e-07 1.59681e-26
4.45047e-07 1.5677e-26
4.45257e-07 1.54052e-26
4.45468e-07 1.50641e-26
4.45678e-07 1.48002e-26
4.45888e-07 1.4542e-26
4.46099e-07 1.43304e-26
4.46309e-07 1.41552e-26
4.46519e-07 1.40309e-26
4.4673e-07 1.39687e-26
4.4694e-07 1.3954e-26
4.4715e-07 1.40178e-26
4.4736e-07 1.41034e-26
4.4757e-07 1.4259e-26
4.47781e-07 1.44661e-26
4.47991e-07 1.47192e-26
4.48201e-07 1.50346e-26
4.48411e-07 1.54146e-26
4.48621e-07 1.58467e-26
4.48831e-07 1.62748e-26
4.49041e-07 1.67226e-26
4.49251e-07 1.71384e-26
4.49461e-07 1.7558e-26
4.49671e-07 1.7952e-26
4.49881e-07 1.8321e-26
4.50091e-07 1.86636e-26
4.50301e-07 1.89394e-26
4.50511e-07 1.9158e-26
4.50721e-07 1.93364e-26
4.50931e-07 1.94668e-26
4.5114e-07 1.94972e-26
4.5135e-07 1.94958e-26
4.5156e-07 1.94355e-26
4.5177e-07 1.93758e-26
4.51979e-07 1.93245e-26
4.52189e-07 1.92905e-26
4.52399e-07 1.92588e-26
4.52608e-07 1.92205e-26
4.52818e-07 1.9202e-26
4.53028e-07 1.92096e-26
4.53237e-07 1.90637e-26
4.53447e-07 1.89241e-26
4.53656e-07 1.88197e-26
4.53866e-07 1.88171e-26
4.54075e-07 1.89667e-26
4.54285e-07 1.92552e-26
4.54494e-07 1.963e-26
4.54704e-07 2.00456e-26
4.54913e-07 2.04532e-26
4.55123e-07 2.1163e-26
4.55332e-07 2.15516e-26
4.55542e-07 2.17694e-26
4.55751e-07 2.18942e-26
4.5596e-07 2.21228e-26
4.5617e-07 2.26425e-26
4.56379e-07 2.32835e-26
4.56588e-07 2.39923e-26
4.56797e-07 2.47483e-26
4.57007e-07 2.55175e-26
4.57216e-07 2.63336e-26
4.57425e-07 2.71311e-26
4.57634e-07 2.79654e-26
4.57843e-07 2.87859e-26
4.58053e-07 2.96459e-26
4.58262e-07 3.05051e-26
4.58471e-07 3.13724e-26
4.5868e-07 3.2222e-26
4.58889e-07 3.30854e-26
4.59098e-07 3.39517e-26
4.59307e-07 3.48045e-26
4.59516e-07 3.56268e-26
4.59725e-07 3.64415e-26
4.59934e-07 3.72124e-26
4.60143e-07 3.79423e-26
4.60352e-07 3.86363e-26
4.60561e-07 3.92512e-26
4.6077e-07 3.97951e-26
4.60978e-07 4.02574e-26
4.61187e-07 4.06386e-26
4.61396e-07 4.08987e-26
4.61605e-07 4.10703e-26
4.61814e-07 4.11203e-26
4.62023e-07 4.1093e-26
4.62231e-07 4.09278e-26
4.6244e-07 4.06858e-26
4.62649e-07 4.03292e-26
4.62858e-07 3.99151e-26
4.63066e-07 3.94306e-26
4.63275e-07 3.88976e-26
4.63484e-07 3.83188e-26
4.63692e-07 3.77371e-26
4.63901e-07 3.71351e-26
4.6411e-07 3.65524e-26
4.64318e-07 3.59656e-26
4.64527e-07 3.53974e-26
4.64735e-07 3.48654e-26
4.64944e-07 3.44015e-26
4.65152e-07 3.40005e-26
4.65361e-07 3.36533e-26
4.65569e-07 3.33816e-26
4.65778e-07 3.32036e-26
4.65986e-07 3.30966e-26
4.66195e-07 3.30956e-26
4.66403e-07 3.31724e-26
4.66612e-07 3.33558e-26
4.6682e-07 3.36244e-26
4.67029e-07 3.39982e-26
4.67237e-07 3.44343e-26
4.67445e-07 3.4968e-26
4.67654e-07 3.55543e-26
4.67862e-07 3.61839e-26
4.6807e-07 3.6837e-26
4.68279e-07 3.75117e-26
4.68487e-07 3.81823e-26
4.68695e-07 3.88067e-26
4.68903e-07 3.9406e-26
4.69112e-07 3.9954e-26
4.6932e-07 4.04567e-26
4.69528e-07 4.08964e-26
4.69736e-07 4.1257e-26
4.69944e-07 4.15619e-26
4.70153e-07 4.17881e-26
4.70361e-07 4.19484e-26
4.70569e-07 4.20662e-26
4.70777e-07 4.2135e-26
4.70985e-07 4.21669e-26
4.71193e-07 4.21519e-26
4.71401e-07 4.21204e-26
4.71609e-07 4.20522e-26
4.71817e-07 4.20011e-26
4.72025e-07 4.19587e-26
4.72233e-07 4.19015e-26
4.72441e-07 4.18759e-26
4.7265e-07 4.18705e-26
4.72857e-07 4.18959e-26
4.73065e-07 4.19691e-26
4.73273e-07 4.20871e-26
4.73481e-07 4.22518e-26
4.73689e-07 4.24492e-26
4.73897e-07 4.27544e-26
4.74105e-07 4.3134e-26
4.74313e-07 4.35985e-26
4.74521e-07 4.41413e-26
4.74729e-07 4.47648e-26
4.74937e-07 4.54815e-26
4.75144e-07 4.62727e-26
4.75352e-07 4.71538e-26
4.7556e-07 4.81088e-26
4.75768e-07 4.91406e-26
4.75976e-07 5.02364e-26
4.76184e-07 5.1397e-26
4.76391e-07 5.25929e-26
4.76599e-07 5.38406e-26
4.76807e-07 5.51356e-26
4.77014e-07 5.64583e-26
4.77222e-07 5.78083e-26
4.7743e-07 5.91832e-26
4.77638e-07 6.05923e-26
4.77845e-07 6.20143e-26
4.78053e-07 6.34615e-26
4.78261e-07 6.49243e-26
4.78468e-07 6.64109e-26
4.78676e-07 6.78863e-26
4.78884e-07 6.93911e-26
4.79091e-07 7.0891e-26
4.79299e-07 7.23792e-26
4.79507e-07 7.38549e-26
4.79714e-07 7.53174e-26
4.79922e-07 7.67756e-26
4.80129e-07 7.81915e-26
4.80337e-07 7.95515e-26
4.80544e-07 8.08379e-26
4.80752e-07 8.20473e-26
4.80959e-07 8.31645e-26
4.81167e-07 8.41649e-26
4.81374e-07 8.50334e-26
4.81582e-07 8.57718e-26
4.81789e-07 8.63746e-26
4.81997e-07 8.682e-26
4.82204e-07 8.71401e-26
4.82412e-07 8.7287e-26
4.82619e-07 8.73072e-26
4.82827e-07 8.71857e-26
4.83034e-07 8.69482e-26
4.83242e-07 8.65757e-26
4.83449e-07 8.61035e-26
4.83656e-07 8.55347e-26
4.83864e-07 8.48872e-26
4.84071e-07 8.41591e-26
4.84279e-07 8.33832e-26
4.84486e-07 8.25781e-26
4.84693e-07 8.17557e-26
4.84901e-07 8.09155e-26
4.85108e-07 8.00633e-26
4.85316e-07 7.92522e-26
4.85523e-07 7.84858e-26
4.8573e-07 7.77499e-26
4.85938e-07 7.70585e-26
4.86145e-07 7.64421e-26
4.86352e-07 7.59166e-26
4.86559e-07 7.54957e-26
4.86767e-07 7.51481e-26
4.86974e-07 7.49183e-26
4.87181e-07 7.48009e-26
4.87389e-07 7.47868e-26
4.87596e-07 7.48688e-26
4.87803e-07 7.50747e-26
4.8801e-07 7.53729e-26
4.88218e-07 7.57718e-26
4.88425e-07 7.62337e-26
4.88632e-07 7.6802e-26
4.88839e-07 7.74323e-26
4.89047e-07 7.81377e-26
4.89254e-07 7.88892e-26
4.89461e-07 7.96425e-26
4.89668e-07 8.04286e-26
4.89875e-07 8.12123e-26
4.90083e-07 8.1972e-26
4.9029e-07 8.26766e-26
4.90497e-07 8.33633e-26
4.90704e-07 8.40101e-26
4.90911e-07 8.45968e-26
4.91119e-07 8.51169e-26
4.91326e-07 8.55922e-26
4.91533e-07 8.59913e-26
4.9174e-07 8.63311e-26
4.91947e-07 8.66209e-26
4.92154e-07 8.68662e-26
4.92361e-07 8.7064e-26
4.92568e-07 8.7229e-26
4.92776e-07 8.73678e-26
4.92983e-07 8.74887e-26
4.9319e-07 8.75882e-26
4.93397e-07 8.7707e-26
4.93604e-07 8.78099e-26
4.93811e-07 8.79399e-26
4.94018e-07 8.809e-26
4.94225e-07 8.82665e-26
4.94432e-07 8.84792e-26
4.9464e-07 8.87292e-26
4.94847e-07 8.90392e-26
4.95054e-07 8.94182e-26
4.95261e-07 8.98691e-26
4.95468e-07 9.03859e-26
4.95675e-07 9.0988e-26
4.95882e-07 9.1675e-26
4.96089e-07 9.24411e-26
4.96296e-07 9.33031e-26
4.96503e-07 9.42551e-26
4.9671e-07 9.53103e-26
4.96917e-07 9.6458e-26
4.97124e-07 9.7687e-26
4.97332e-07 9.90126e-26
4.97539e-07 1.00403e-25
4.97746e-07 1.0189e-25
4.97953e-07 1.03448e-25
4.9816e-07 1.05068e-25
4.98367e-07 1.06749e-25
4.98574e-07 1.08501e-25
4.98781e-07 1.10316e-25
4.98988e-07 1.12171e-25
4.99195e-07 1.14074e-25
4.99402e-07 1.16048e-25
4.99609e-07 1.18053e-25
4.99816e-07 1.20081e-25
5.00023e-07 1.22161e-25
5.0023e-07 1.24266e-25
5.00437e-07 1.264e-25
5.00644e-07 1.28583e-25
5.00851e-07 1.3077e-25
5.01058e-07 1.32967e-25
5.01265e-07 1.35181e-25
5.01472e-07 1.37392e-25
5.01679e-07 1.39586e-25
5.01886e-07 1.4178e-25
5.02093e-07 1.43932e-25
5.023e-07 1.46024e-25
5.02508e-07 1.48081e-25
5.02715e-07 1.5006e-25
5.02922e-07 1.51989e-25
5.03129e-07 1.53838e-25
5.03336e-07 1.55604e-25
5.03543e-07 1.57264e-25
5.0375e-07 1.58812e-25
5.03957e-07 1.60242e-25
5.04164e-07 1.61553e-25
5.04371e-07 1.62715e-25
5.04578e-07 1.63761e-25
5.04785e-07 1.6467e-25
5.04992e-07 1.65435e-25
5.05199e-07 1.66049e-25
5.05406e-07 1.6655e-25
5.05613e-07 1.66886e-25
5.0582e-07 1.67103e-25
5.06027e-07 1.67153e-25
5.06234e-07 1.67082e-25
5.06441e-07 1.669e-25
5.06648e-07 1.66593e-25
5.06855e-07 1.66192e-25
5.07063e-07 1.65692e-25
5.0727e-07 1.65144e-25
5.07477e-07 1.64495e-25
5.07684e-07 1.63824e-25
5.07891e-07 1.63082e-25
5.08098e-07 1.62321e-25
5.08305e-07 1.6155e-25
5.08512e-07 1.60799e-25
5.08719e-07 1.60039e-25
5.08926e-07 1.59311e-25
5.09133e-07 1.58609e-25
5.09341e-07 1.57968e-25
5.09548e-07 1.57374e-25
5.09755e-07 1.56851e-25
5.09962e-07 1.56396e-25
5.10169e-07 1.56017e-25
5.10376e-07 1.55712e-25
5.10583e-07 1.55509e-25
5.1079e-07 1.55386e-25
5.10998e-07 1.55366e-25
5.11205e-07 1.55441e-25
5.11412e-07 1.55604e-25
5.11619e-07 1.55858e-25
5.11826e-07 1.56193e-25
5.12033e-07 1.56618e-25
5.1224e-07 1.57123e-25
5.12448e-07 1.57711e-25
5.12655e-07 1.5835e-25
5.12862e-07 1.59057e-25
5.13069e-07 1.59815e-25
5.13276e-07 1.60618e-25
5.13484e-07 1.61427e-25
5.13691e-07 1.62272e-25
5.13898e-07 1.63119e-25
5.14105e-07 1.6398e-25
5.14313e-07 1.64844e-25
5.1452e-07 1.65696e-25
5.14727e-07 1.66536e-25
5.14934e-07 1.67344e-25
5.15141e-07 1.68158e-25
5.15349e-07 1.68955e-25
5.15556e-07 1.69707e-25
5.15763e-07 1.70441e-25
5.15971e-07 1.71158e-25
5.16178e-07 1.7186e-25
5.16385e-07 1.72534e-25
5.16592e-07 1.73184e-25
5.168e-07 1.7384e-25
5.17007e-07 1.74487e-25
5.17214e-07 1.75097e-25
5.17422e-07 1.757e-25
5.17629e-07 1.7632e-25
5.17836e-07 1.7694e-25
5.18044e-07 1.77564e-25
5.18251e-07 1.78188e-25
5.18459e-07 1.78824e-25
5.18666e-07 1.79477e-25
5.18873e-07 1.80169e-25
5.19081e-07 1.8089e-25
5.19288e-07 1.81626e-25
5.19496e-07 1.82378e-25
5.19703e-07 1.83176e-25
5.19911e-07 1.84028e-25
5.20118e-07 1.84937e-25
5.20326e-07 1.85862e-25
5.20533e-07 1.86852e-25
5.2074e-07 1.87883e-25
5.20948e-07 1.88996e-25
5.21155e-07 1.90152e-25
5.21363e-07 1.91391e-25
5.21571e-07 1.92665e-25
5.21778e-07 1.93996e-25
5.21986e-07 1.95394e-25
5.22193e-07 1.96874e-25
5.22401e-07 1.98416e-25
5.22608e-07 1.99997e-25
5.22816e-07 2.0163e-25
5.23024e-07 2.03319e-25
5.23231e-07 2.05073e-25
5.23439e-07 2.06881e-25
5.23646e-07 2.08741e-25
5.23854e-07 2.10646e-25
5.24062e-07 2.1259e-25
5.24269e-07 2.14553e-25
5.24477e-07 2.16556e-25
5.24685e-07 2.186e-25
5.24893e-07 2.20687e-25
5.251e-07 2.22773e-25
5.25308e-07 2.2492e-25
5.25516e-07 2.27069e-25
5.25724e-07 2.29211e-25
5.25931e-07 2.3137e-25
5.26139e-07 2.33557e-25
5.26347e-07 2.35741e-25
5.26555e-07 2.37943e-25
5.26763e-07 2.40168e-25
5.2697e-07 2.42362e-25
5.27178e-07 2.44558e-25
5.27386e-07 2.46728e-25
5.27594e-07 2.489e-25
5.27802e-07 2.51038e-25
5.2801e-07 2.5317e-25
5.28218e-07 2.55298e-25
5.28426e-07 2.57391e-25
5.28634e-07 2.59476e-25
5.28842e-07 2.61493e-25
5.2905e-07 2.6346e-25
5.29258e-07 2.65388e-25
5.29466e-07 2.673e-25
5.29674e-07 2.6913e-25
5.29882e-07 2.7093e-25
5.3009e-07 2.72682e-25
5.30298e-07 2.74322e-25
5.30506e-07 2.75914e-25
5.30714e-07 2.7743e-25
5.30922e-07 2.78878e-25
5.3113e-07 2.80256e-25
5.31338e-07 2.81538e-25
5.31547e-07 2.82758e-25
5.31755e-07 2.83887e-25
5.31963e-07 2.84955e-25
5.32171e-07 2.85924e-25
5.32379e-07 2.86814e-25
5.32588e-07 2.87614e-25
5.32796e-07 2.88323e-25
5.33004e-07 2.88922e-25
5.33213e-07 2.8943e-25
5.33421e-07 2.89858e-25
5.33629e-07 2.90222e-25
5.33838e-07 2.9047e-25
5.34046e-07 2.9066e-25
5.34254e-07 2.90773e-25
5.34463e-07 2.90807e-25
5.34671e-07 2.90786e-25
5.3488e-07 2.90707e-25
5.35088e-07 2.90567e-25
5.35297e-07 2.90442e-25
5.35505e-07 2.90282e-25
5.35714e-07 2.90113e-25
5.35922e-07 2.89959e-25
5.36131e-07 2.89794e-25
5.36339e-07 2.89657e-25
5.36548e-07 2.89555e-25
5.36757e-07 2.8948e-25
5.36965e-07 2.89446e-25
5.37174e-07 2.8946e-25
5.37383e-07 2.89548e-25
5.37591e-07 2.89702e-25
5.378e-07 2.89944e-25
5.38009e-07 2.90209e-25
5.38217e-07 2.90606e-25
5.38426e-07 2.91081e-25
5.38635e-07 2.91641e-25
5.38844e-07 2.92255e-25
5.39053e-07 2.92981e-25
5.39261e-07 2.93781e-25
5.3947e-07 2.9465e-25
5.39679e-07 2.95576e-25
5.39888e-07 2.96599e-25
5.40097e-07 2.97652e-25
5.40306e-07 2.98786e-25
5.40515e-07 2.99952e-25
5.40724e-07 3.01181e-25
5.40933e-07 3.0244e-25
5.41142e-07 3.03735e-25
5.41351e-07 3.0504e-25
5.4156e-07 3.06386e-25
5.41769e-07 3.07703e-25
5.41979e-07 3.09033e-25
5.42188e-07 3.10367e-25
5.42397e-07 3.11712e-25
5.42606e-07 3.13027e-25
5.42815e-07 3.14345e-25
5.43025e-07 3.15632e-25
5.43234e-07 3.1691e-25
5.43443e-07 3.18171e-25
5.43652e-07 3.19437e-25
5.43862e-07 3.20612e-25
5.44071e-07 3.21748e-25
5.44281e-07 3.22851e-25
5.4449e-07 3.23919e-25
5.44699e-07 3.24963e-25
5.44909e-07 3.25931e-25
5.45118e-07 3.26864e-25
5.45328e-07 3.27784e-25
5.45537e-07 3.28666e-25
5.45747e-07 3.29514e-25
5.45957e-07 3.30335e-25
5.46166e-07 3.31135e-25
5.46376e-07 3.31892e-25
5.46586e-07 3.32637e-25
5.46795e-07 3.33356e-25
5.47005e-07 3.34043e-25
5.47215e-07 3.34716e-25
5.47424e-07 3.35382e-25
5.47634e-07 3.36007e-25
5.47844e-07 3.3664e-25
5.48054e-07 3.37267e-25
5.48264e-07 3.37895e-25
5.48474e-07 3.38485e-25
5.48684e-07 3.39066e-25
5.48893e-07 3.39653e-25
5.49104e-07 3.40267e-25
5.49313e-07 3.40857e-25
5.49524e-07 3.41458e-25
5.49734e-07 3.42084e-25
5.49944e-07 3.42702e-25
5.50154e-07 3.43317e-25
5.50364e-07 3.43957e-25
5.50574e-07 3.44643e-25
5.50784e-07 3.45312e-25
5.50995e-07 3.45983e-25
5.51205e-07 3.46676e-25
5.51415e-07 3.47377e-25
5.51625e-07 3.48109e-25
5.51836e-07 3.48826e-25
5.52046e-07 3.49572e-25
5.52256e-07 3.50362e-25
5.52467e-07 3.51127e-25
5.52677e-07 3.51907e-25
5.52888e-07 3.52728e-25
5.53098e-07 3.53595e-25
5.53309e-07 3.54473e-25
5.53519e-07 3.55364e-25
5.5373e-07 3.5629e-25
5.53941e-07 3.57236e-25
5.54151e-07 3.58233e-25
5.54362e-07 3.59267e-25
5.54573e-07 3.60311e-25
5.54784e-07 3.61418e-25
5.54994e-07 3.62567e-25
5.55205e-07 3.63755e-25
5.55416e-07 3.65005e-25
5.55627e-07 3.66266e-25
5.55838e-07 3.67612e-25
5.56049e-07 3.69021e-25
5.5626e-07 3.70469e-25
5.56471e-07 3.71962e-25
5.56682e-07 3.73533e-25
5.56893e-07 3.7515e-25
5.57104e-07 3.7682e-25
5.57315e-07 3.7856e-25
5.57526e-07 3.80359e-25
5.57737e-07 3.82189e-25
5.57949e-07 3.84095e-25
5.5816e-07 3.86024e-25
5.58371e-07 3.88012e-25
5.58582e-07 3.9003e-25
5.58794e-07 3.92107e-25
5.59005e-07 3.94232e-25
5.59217e-07 3.96393e-25
5.59428e-07 3.98547e-25
5.5964e-07 4.00749e-25
5.59851e-07 4.0293e-25
5.60063e-07 4.0515e-25
5.60274e-07 4.07386e-25
5.60486e-07 4.09606e-25
5.60698e-07 4.11825e-25
5.60909e-07 4.14017e-25
5.61121e-07 4.1623e-25
5.61333e-07 4.18364e-25
5.61544e-07 4.20511e-25
5.61756e-07 4.22634e-25
5.61968e-07 4.24719e-25
5.6218e-07 4.26744e-25
5.62392e-07 4.28724e-25
5.62604e-07 4.30681e-25
5.62816e-07 4.32543e-25
5.63028e-07 4.34421e-25
5.6324e-07 4.36223e-25
5.63452e-07 4.37956e-25
5.63665e-07 4.39658e-25
5.63877e-07 4.41341e-25
5.64089e-07 4.4294e-25
5.64301e-07 4.44499e-25
5.64513e-07 4.46028e-25
5.64726e-07 4.47532e-25
5.64938e-07 4.48987e-25
5.65151e-07 4.50413e-25
5.65363e-07 4.51817e-25
5.65576e-07 4.53178e-25
5.65788e-07 4.54507e-25
5.66001e-07 4.55824e-25
5.66213e-07 4.5713e-25
5.66426e-07 4.5841e-25
5.66639e-07 4.59653e-25
5.66851e-07 4.60894e-25
5.67064e-07 4.62123e-25
5.67277e-07 4.63372e-25
5.6749e-07 4.64607e-25
5.67702e-07 4.65856e-25
5.67915e-07 4.67109e-25
5.68128e-07 4.68358e-25
5.68341e-07 4.6961e-25
5.68554e-07 4.70914e-25
5.68767e-07 4.72174e-25
5.68981e-07 4.73491e-25
5.69194e-07 4.74771e-25
5.69407e-07 4.76063e-25
5.6962e-07 4.77397e-25
5.69833e-07 4.78651e-25
5.70047e-07 4.79961e-25
5.7026e-07 4.81182e-25
5.70473e-07 4.82481e-25
5.70687e-07 4.83737e-25
5.709e-07 4.84939e-25
5.71114e-07 4.86103e-25
5.71327e-07 4.8726e-25
5.71541e-07 4.88376e-25
5.71755e-07 4.89418e-25
5.71968e-07 4.90411e-25
5.72182e-07 4.91328e-25
5.72396e-07 4.92181e-25
5.7261e-07 4.93014e-25
5.72823e-07 4.93702e-25
5.73037e-07 4.94344e-25
5.73251e-07 4.94904e-25
5.73465e-07 4.95346e-25
5.73679e-07 4.95708e-25
5.73893e-07 4.95957e-25
5.74107e-07 4.96138e-25
5.74322e-07 4.96227e-25
5.74536e-07 4.96165e-25
5.7475e-07 4.96048e-25
5.74964e-07 4.95882e-25
5.75178e-07 4.95628e-25
5.75393e-07 4.95259e-25
5.75607e-07 4.9483e-25
5.75822e-07 4.94303e-25
5.76036e-07 4.93769e-25
5.76251e-07 4.93128e-25
5.76465e-07 4.92442e-25
5.7668e-07 4.91656e-25
5.76895e-07 4.90906e-25
5.7711e-07 4.90062e-25
5.77324e-07 4.89193e-25
5.77539e-07 4.88286e-25
5.77754e-07 4.87378e-25
5.77969e-07 4.86421e-25
5.78184e-07 4.85423e-25
5.78399e-07 4.84414e-25
5.78614e-07 4.83439e-25
5.78829e-07 4.82392e-25
5.79044e-07 4.81346e-25
5.79259e-07 4.80294e-25
5.79474e-07 4.79216e-25
5.7969e-07 4.78148e-25
5.79905e-07 4.77103e-25
5.80121e-07 4.76028e-25
5.80336e-07 4.74965e-25
5.80551e-07 4.73919e-25
5.80767e-07 4.72886e-25
5.80982e-07 4.71863e-25
5.81198e-07 4.70857e-25
5.81414e-07 4.69884e-25
5.8163e-07 4.6893e-25
5.81845e-07 4.67997e-25
5.82061e-07 4.67085e-25
5.82277e-07 4.66208e-25
5.82493e-07 4.65375e-25
5.82709e-07 4.64538e-25
5.82925e-07 4.63743e-25
5.83141e-07 4.62998e-25
5.83357e-07 4.62275e-25
5.83573e-07 4.616e-25
5.83789e-07 4.60916e-25
5.84006e-07 4.60304e-25
5.84222e-07 4.59705e-25
5.84438e-07 4.59146e-25
5.84655e-07 4.5863e-25
5.84871e-07 4.5812e-25
5.85088e-07 4.5765e-25
5.85304e-07 4.57233e-25
5.85521e-07 4.56837e-25
5.85737e-07 4.56491e-25
5.85954e-07 4.56168e-25
5.86171e-07 4.55909e-25
5.86388e-07 4.55668e-25
5.86605e-07 4.55501e-25
5.86821e-07 4.55351e-25
5.87038e-07 4.55235e-25
5.87255e-07 4.55181e-25
5.87473e-07 4.55141e-25
5.8769e-07 4.55169e-25
5.87907e-07 4.55235e-25
5.88124e-07 4.5537e-25
5.88341e-07 4.555e-25
5.88559e-07 4.55699e-25
5.88776e-07 4.55948e-25
5.88994e-07 4.56223e-25
5.89211e-07 4.5657e-25
5.89429e-07 4.56963e-25
5.89646e-07 4.57377e-25
5.89864e-07 4.57904e-25
5.90082e-07 4.58496e-25
5.90299e-07 4.59134e-25
5.90517e-07 4.59861e-25
5.90735e-07 4.60652e-25
5.90953e-07 4.61552e-25
5.91171e-07 4.62505e-25
5.91389e-07 4.63533e-25
5.91607e-07 4.64613e-25
5.91825e-07 4.65843e-25
5.92044e-07 4.67134e-25
5.92262e-07 4.68442e-25
5.9248e-07 4.6994e-25
5.92699e-07 4.71476e-25
5.92917e-07 4.73111e-25
5.93136e-07 4.74801e-25
5.93354e-07 4.76597e-25
5.93573e-07 4.78405e-25
5.93792e-07 4.80316e-25
5.9401e-07 4.82273e-25
5.94229e-07 4.84245e-25
5.94448e-07 4.8622e-25
5.94667e-07 4.88284e-25
5.94886e-07 4.90332e-25
5.95105e-07 4.92422e-25
5.95324e-07 4.94496e-25
5.95543e-07 4.96609e-25
5.95762e-07 4.98784e-25
5.95981e-07 5.00897e-25
5.96201e-07 5.0301e-25
5.9642e-07 5.051e-25
5.96639e-07 5.0723e-25
5.96859e-07 5.09338e-25
5.97078e-07 5.11421e-25
5.97298e-07 5.13427e-25
5.97518e-07 5.15437e-25
5.97737e-07 5.17392e-25
5.97957e-07 5.19288e-25
5.98177e-07 5.21117e-25
5.98397e-07 5.22868e-25
5.98617e-07 5.24549e-25
5.98837e-07 5.26209e-25
5.99057e-07 5.27775e-25
5.99277e-07 5.29277e-25
5.99497e-07 5.30644e-25
5.99718e-07 5.31984e-25
5.99938e-07 5.33252e-25
6.00158e-07 5.3438e-25
6.00379e-07 5.35425e-25
6.00599e-07 5.36372e-25
6.0082e-07 5.37165e-25
6.01041e-07 5.37846e-25
6.01261e-07 5.38426e-25
6.01482e-07 5.38879e-25
6.01703e-07 5.39251e-25
6.01924e-07 5.39484e-25
6.02145e-07 5.39639e-25
6.02366e-07 5.39683e-25
6.02587e-07 5.39566e-25
6.02808e-07 5.39411e-25
6.03029e-07 5.39127e-25
6.03251e-07 5.38738e-25
6.03472e-07 5.38225e-25
6.03693e-07 5.37629e-25
6.03915e-07 5.36955e-25
6.04136e-07 5.36195e-25
6.04358e-07 5.35308e-25
6.0458e-07 5.34363e-25
6.04801e-07 5.33324e-25
6.05023e-07 5.32217e-25
6.05245e-07 5.31035e-25
6.05467e-07 5.2973e-25
6.05689e-07 5.28379e-25
6.05911e-07 5.26975e-25
6.06133e-07 5.25475e-25
6.06355e-07 5.23926e-25
6.06578e-07 5.22282e-25
6.068e-07 5.2063e-25
6.07022e-07 5.18893e-25
6.07245e-07 5.17104e-25
6.07467e-07 5.15252e-25
6.0769e-07 5.13362e-25
6.07912e-07 5.11466e-25
6.08135e-07 5.09489e-25
6.08358e-07 5.07526e-25
6.08581e-07 5.05522e-25
6.08804e-07 5.03476e-25
6.09027e-07 5.01497e-25
6.0925e-07 4.9942e-25
6.09473e-07 4.97373e-25
6.09696e-07 4.95321e-25
6.09919e-07 4.93226e-25
6.10143e-07 4.91162e-25
6.10366e-07 4.89096e-25
6.1048e-07 4.88515e-25
6.107e-07 4.87201e-25
6.10919e-07 4.85716e-25
6.11139e-07 4.84745e-25
6.11358e-07 4.83316e-25
6.11577e-07 4.82021e-25
6.11796e-07 4.80836e-25
6.12015e-07 4.79487e-25
6.12234e-07 4.782e-25
6.12453e-07 4.76754e-25
6.12672e-07 4.75374e-25
6.12891e-07 4.7397e-25
6.1311e-07 4.72512e-25
6.13329e-07 4.70917e-25
6.13547e-07 4.69551e-25
6.13766e-07 4.68112e-25
6.13985e-07 4.6675e-25
6.14203e-07 4.65268e-25
6.14422e-07 4.63865e-25
6.1464e-07 4.62374e-25
6.14858e-07 4.60959e-25
6.15077e-07 4.59497e-25
6.15295e-07 4.58148e-25
6.15513e-07 4.56723e-25
6.15731e-07 4.55359e-25
6.15949e-07 4.53938e-25
6.16167e-07 4.52569e-25
6.16385e-07 4.51201e-25
6.16603e-07 4.49815e-25
6.16821e-07 4.48483e-25
6.17038e-07 4.47154e-25
6.17256e-07 4.45899e-25
6.17474e-07 4.44555e-25
6.17691e-07 4.43263e-25
6.17909e-07 4.42012e-25
6.18126e-07 4.40767e-25
6.18344e-07 4.39567e-25
6.18561e-07 4.38401e-25
6.18778e-07 4.37189e-25
6.18995e-07 4.36005e-25
6.19213e-07 4.34889e-25
6.1943e-07 4.33752e-25
6.19647e-07 4.32613e-25
6.19864e-07 4.31553e-25
6.20081e-07 4.30484e-25
6.20298e-07 4.29411e-25
6.20514e-07 4.28325e-25
6.20731e-07 4.27274e-25
6.20948e-07 4.26264e-25
6.21165e-07 4.25215e-25
6.21381e-07 4.24204e-25
6.21598e-07 4.23181e-25
6.21815e-07 4.22163e-25
6.22031e-07 4.21147e-25
6.22247e-07 4.20134e-25
6.22464e-07 4.19152e-25
6.2268e-07 4.18139e-25
6.22896e-07 4.17142e-25
6.23112e-07 4.16129e-25
6.23328e-07 4.15133e-25
6.23545e-07 4.14138e-25
6.23761e-07 4.13101e-25
6.23977e-07 4.12122e-25
6.24193e-07 4.11105e-25
6.24408e-07 4.10084e-25
6.24624e-07 4.09049e-25
6.2484e-07 4.08002e-25
6.25056e-07 4.06964e-25
6.25271e-07 4.05884e-25
6.25487e-07 4.04795e-25
6.25703e-07 4.03754e-25
6.25918e-07 4.02688e-25
6.26134e-07 4.01593e-25
6.26349e-07 4.00485e-25
6.26564e-07 3.99393e-25
6.2678e-07 3.98251e-25
6.26995e-07 3.97082e-25
6.2721e-07 3.95951e-25
6.27425e-07 3.94807e-25
6.2764e-07 3.9364e-25
6.27856e-07 3.92482e-25
6.28071e-07 3.91287e-25
6.28286e-07 3.90142e-25
6.28501e-07 3.88935e-25
6.28715e-07 3.87727e-25
6.2893e-07 3.86528e-25
6.29145e-07 3.85334e-25
6.2936e-07 3.84139e-25
6.29575e-07 3.82941e-25
6.29789e-07 3.81777e-25
6.30004e-07 3.80595e-25
6.30218e-07 3.7944e-25
6.30433e-07 3.78297e-25
6.30647e-07 3.77133e-25
6.30862e-07 3.75967e-25
6.31076e-07 3.74795e-25
6.3129e-07 3.73652e-25
6.31504e-07 3.72493e-25
6.31719e-07 3.71351e-25
6.31933e-07 3.70206e-25
6.32147e-07 3.69049e-25
6.32361e-07 3.67856e-25
6.32575e-07 3.66688e-25
6.32789e-07 3.65534e-25
6.33003e-07 3.64345e-25
6.33217e-07 3.63155e-25
6.33431e-07 3.61939e-25
6.33645e-07 3.60723e-25
6.33858e-07 3.59495e-25
6.34072e-07 3.58255e-25
6.34286e-07 3.56995e-25
6.34499e-07 3.557e-25
6.34713e-07 3.54404e-25
6.34926e-07 3.53057e-25
6.3514e-07 3.51729e-25
6.35353e-07 3.50421e-25
6.35567e-07 3.49067e-25
6.3578e-07 3.47758e-25
6.35993e-07 3.4641e-25
6.36207e-07 3.45076e-25
6.3642e-07 3.43716e-25
6.36633e-07 3.42402e-25
6.36846e-07 3.41055e-25
6.37059e-07 3.39717e-25
6.37272e-07 3.38422e-25
6.37485e-07 3.37069e-25
6.37698e-07 3.3574e-25
6.37911e-07 3.34408e-25
6.38124e-07 3.33063e-25
6.38337e-07 3.31719e-25
6.3855e-07 3.30369e-25
6.38762e-07 3.28982e-25
6.38975e-07 3.2763e-25
6.39188e-07 3.26249e-25
6.394e-07 3.24874e-25
6.39613e-07 3.23536e-25
6.39825e-07 3.22133e-25
6.40038e-07 3.20752e-25
6.4025e-07 3.19374e-25
6.40463e-07 3.18057e-25
6.40675e-07 3.16712e-25
6.40888e-07 3.15387e-25
6.411e-07 3.14086e-25
6.41312e-07 3.12787e-25
6.41524e-07 3.11543e-25
6.41737e-07 3.1028e-25
6.41949e-07 3.09063e-25
6.42161e-07 3.07866e-25
6.42373e-07 3.06715e-25
6.42585e-07 3.05576e-25
6.42797e-07 3.04419e-25
6.43009e-07 3.03287e-25
6.43221e-07 3.02221e-25
6.43433e-07 3.01166e-25
6.43644e-07 3.00113e-25
6.43856e-07 2.99054e-25
6.44068e-07 2.98008e-25
6.4428e-07 2.96979e-25
6.44491e-07 2.95948e-25
6.44703e-07 2.94919e-25
6.44914e-07 2.93864e-25
6.45126e-07 2.92849e-25
6.45338e-07 2.91851e-25
6.45549e-07 2.90783e-25
6.45761e-07 2.89784e-25
6.45972e-07 2.88722e-25
6.46183e-07 2.87693e-25
6.46395e-07 2.86635e-25
6.46606e-07 2.85627e-25
6.46817e-07 2.84624e-25
6.47028e-07 2.83576e-25
6.4724e-07 2.82565e-25
6.47451e-07 2.81583e-25
6.47662e-07 2.80608e-25
6.47873e-07 2.79637e-25
6.48084e-07 2.78672e-25
6.48295e-07 2.7777e-25
6.48506e-07 2.76832e-25
6.48717e-07 2.75924e-25
6.48928e-07 2.7501e-25
6.49139e-07 2.7414e-25
6.4935e-07 2.73244e-25
6.4956e-07 2.72392e-25
6.49771e-07 2.71537e-25
6.49982e-07 2.70649e-25
6.50193e-07 2.69811e-25
6.50403e-07 2.68972e-25
6.50614e-07 2.68103e-25
6.50825e-07 2.67309e-25
6.51035e-07 2.6641e-25
6.51246e-07 2.65587e-25
6.51456e-07 2.6474e-25
6.51667e-07 2.63907e-25
6.51877e-07 2.63015e-25
6.52087e-07 2.62185e-25
6.52298e-07 2.61289e-25
6.52508e-07 2.60414e-25
6.52718e-07 2.59527e-25
6.52929e-07 2.58627e-25
6.53139e-07 2.57737e-25
6.53349e-07 2.56813e-25
6.53559e-07 2.5591e-25
6.53769e-07 2.54989e-25
6.53979e-07 2.54066e-25
6.5419e-07 2.53158e-25
6.544e-07 2.52245e-25
6.5461e-07 2.5134e-25
6.5482e-07 2.50437e-25
6.5503e-07 2.49527e-25
6.55239e-07 2.4861e-25
6.55449e-07 2.47702e-25
6.55659e-07 2.46796e-25
6.55869e-07 2.45896e-25
6.56079e-07 2.44999e-25
6.56289e-07 2.44118e-25
6.56498e-07 2.43247e-25
6.56708e-07 2.42377e-25
6.56918e-07 2.41489e-25
6.57127e-07 2.4062e-25
6.57337e-07 2.39748e-25
6.57547e-07 2.38901e-25
6.57756e-07 2.38036e-25
6.57966e-07 2.37172e-25
6.58175e-07 2.36333e-25
6.58385e-07 2.35509e-25
6.58594e-07 2.34663e-25
6.58804e-07 2.3384e-25
6.59013e-07 2.33e-25
6.59222e-07 2.32198e-25
6.59432e-07 2.31365e-25
6.59641e-07 2.3055e-25
6.5985e-07 2.29742e-25
6.60059e-07 2.28915e-25
6.60268e-07 2.28125e-25
6.60478e-07 2.27331e-25
6.60687e-07 2.26547e-25
6.60896e-07 2.25764e-25
6.61105e-07 2.24964e-25
6.61314e-07 2.24185e-25
6.61523e-07 2.23423e-25
6.61732e-07 2.22685e-25
6.61941e-07 2.2189e-25
6.6215e-07 2.21106e-25
6.62359e-07 2.20322e-25
6.62568e-07 2.1956e-25
6.62777e-07 2.18767e-25
6.62986e-07 2.17975e-25
6.63195e-07 2.17178e-25
6.63403e-07 2.16337e-25
6.63612e-07 2.15475e-25
6.63821e-07 2.14657e-25
6.6403e-07 2.13776e-25
6.64238e-07 2.12898e-25
6.64447e-07 2.12021e-25
6.64656e-07 2.11128e-25
6.64864e-07 2.10208e-25
6.65073e-07 2.09296e-25
6.65282e-07 2.08373e-25
6.6549e-07 2.07457e-25
6.65699e-07 2.06522e-25
6.65907e-07 2.05621e-25
6.66116e-07 2.04696e-25
6.66324e-07 2.0377e-25
6.66533e-07 2.0285e-25
6.66741e-07 2.01917e-25
6.66949e-07 2.01013e-25
6.67158e-07 2.00084e-25
6.67366e-07 1.99147e-25
6.67574e-07 1.98283e-25
6.67783e-07 1.97357e-25
6.67991e-07 1.96454e-25
6.68199e-07 1.9555e-25
6.68407e-07 1.94665e-25
6.68615e-07 1.93776e-25
6.68824e-07 1.92881e-25
6.69032e-07 1.91977e-25
6.6924e-07 1.91097e-25
6.69448e-07 1.90197e-25
6.69656e-07 1.89353e-25
6.69864e-07 1.88458e-25
6.70072e-07 1.87559e-25
6.7028e-07 1.86699e-25
6.70488e-07 1.85855e-25
6.70696e-07 1.84995e-25
6.70904e-07 1.84142e-25
6.71112e-07 1.83294e-25
6.7132e-07 1.82491e-25
6.71528e-07 1.81621e-25
6.71736e-07 1.80803e-25
6.71944e-07 1.79979e-25
6.72151e-07 1.79211e-25
6.72359e-07 1.78372e-25
6.72567e-07 1.77588e-25
6.72775e-07 1.76818e-25
6.72982e-07 1.76033e-25
6.7319e-07 1.75262e-25
6.73398e-07 1.74481e-25
6.73606e-07 1.73754e-25
6.73813e-07 1.73044e-25
6.74021e-07 1.72292e-25
6.74228e-07 1.71551e-25
6.74436e-07 1.70843e-25
6.74643e-07 1.70152e-25
6.74851e-07 1.69434e-25
6.75059e-07 1.68696e-25
6.75266e-07 1.67993e-25
6.75474e-07 1.67303e-25
6.75681e-07 1.66601e-25
6.75889e-07 1.65918e-25
6.76096e-07 1.65215e-25
6.76303e-07 1.64507e-25
6.76511e-07 1.63829e-25
6.76718e-07 1.63161e-25
6.76925e-07 1.62504e-25
6.77133e-07 1.6182e-25
6.7734e-07 1.61133e-25
6.77547e-07 1.60435e-25
6.77755e-07 1.59782e-25
6.77962e-07 1.59151e-25
6.78169e-07 1.585e-25
6.78376e-07 1.5786e-25
6.78584e-07 1.57219e-25
6.78791e-07 1.56632e-25
6.78998e-07 1.56048e-25
6.79205e-07 1.55464e-25
6.79412e-07 1.54879e-25
6.7962e-07 1.54319e-25
6.79827e-07 1.53752e-25
6.80034e-07 1.5324e-25
6.80241e-07 1.52722e-25
6.80448e-07 1.52203e-25
6.80655e-07 1.51715e-25
6.80862e-07 1.51256e-25
6.81069e-07 1.50809e-25
6.81276e-07 1.50351e-25
6.81483e-07 1.4994e-25
6.8169e-07 1.49513e-25
6.81897e-07 1.491e-25
6.82104e-07 1.48704e-25
6.82311e-07 1.48318e-25
6.82518e-07 1.47909e-25
6.82725e-07 1.47543e-25
6.82931e-07 1.47167e-25
6.83138e-07 1.46807e-25
6.83345e-07 1.46441e-25
6.83552e-07 1.46059e-25
6.83759e-07 1.45656e-25
6.83966e-07 1.45269e-25
6.84172e-07 1.44878e-25
6.84379e-07 1.44438e-25
6.84586e-07 1.44044e-25
6.84792e-07 1.43582e-25
6.84999e-07 1.43118e-25
6.85206e-07 1.42658e-25
6.85413e-07 1.42169e-25
6.85619e-07 1.41689e-25
6.85826e-07 1.41178e-25
6.86033e-07 1.40631e-25
6.86239e-07 1.4007e-25
6.86446e-07 1.39493e-25
6.86652e-07 1.38906e-25
6.86859e-07 1.38294e-25
6.87066e-07 1.37668e-25
6.87272e-07 1.37028e-25
6.87479e-07 1.36407e-25
6.87685e-07 1.3576e-25
6.87892e-07 1.35134e-25
6.88099e-07 1.34478e-25
6.88305e-07 1.33831e-25
6.88511e-07 1.33174e-25
6.88718e-07 1.32491e-25
6.88924e-07 1.31817e-25
6.89131e-07 1.31162e-25
6.89337e-07 1.30489e-25
6.89544e-07 1.29836e-25
6.8975e-07 1.29183e-25
6.89956e-07 1.28536e-25
6.90163e-07 1.2789e-25
6.90369e-07 1.2725e-25
6.90576e-07 1.26611e-25
6.90782e-07 1.25965e-25
6.90988e-07 1.25384e-25
6.91195e-07 1.24788e-25
6.91401e-07 1.24159e-25
6.91607e-07 1.23585e-25
6.91814e-07 1.23019e-25
6.9202e-07 1.22412e-25
6.92226e-07 1.21841e-25
6.92433e-07 1.21256e-25
6.92639e-07 1.20657e-25
6.92845e-07 1.20084e-25
6.93051e-07 1.1954e-25
6.93257e-07 1.18942e-25
6.93464e-07 1.18319e-25
6.9367e-07 1.17716e-25
6.93876e-07 1.17153e-25
6.94082e-07 1.16569e-25
6.94288e-07 1.15998e-25
6.94495e-07 1.1542e-25
6.94701e-07 1.14853e-25
6.94907e-07 1.14288e-25
6.95113e-07 1.13706e-25
6.95319e-07 1.13104e-25
6.95525e-07 1.1256e-25
6.95731e-07 1.11995e-25
6.95938e-07 1.11428e-25
6.96144e-07 1.10927e-25
6.9635e-07 1.10385e-25
6.96556e-07 1.09844e-25
6.96762e-07 1.09254e-25
6.96968e-07 1.08699e-25
6.97174e-07 1.08145e-25
6.9738e-07 1.07658e-25
6.97586e-07 1.07137e-25
6.97792e-07 1.06598e-25
6.97998e-07 1.06079e-25
6.98204e-07 1.05611e-25
6.9841e-07 1.0509e-25
6.98616e-07 1.04567e-25
6.98822e-07 1.04109e-25
6.99028e-07 1.03617e-25
6.99234e-07 1.03091e-25
6.9944e-07 1.02653e-25
6.99646e-07 1.0219e-25
6.99852e-07 1.01727e-25
7.00058e-07 1.01311e-25
7.00264e-07 1.00856e-25
7.0047e-07 1.00447e-25
7.00676e-07 1.00072e-25
7.00881e-07 9.96515e-26
7.01087e-07 9.93302e-26
7.01293e-07 9.89513e-26
7.01499e-07 9.85751e-26
7.01705e-07 9.82103e-26
7.01911e-07 9.78717e-26
7.02117e-07 9.75265e-26
7.02323e-07 9.72018e-26
7.02528e-07 9.68546e-26
7.02734e-07 9.65354e-26
7.0294e-07 9.62659e-26
7.03146e-07 9.59791e-26
7.03352e-07 9.56808e-26
7.03558e-07 9.54389e-26
7.03764e-07 9.49869e-26
7.03969e-07 9.48025e-26
7.04175e-07 9.46051e-26
7.04381e-07 9.43146e-26
7.04587e-07 9.40101e-26
7.04792e-07 9.37797e-26
7.04998e-07 9.35214e-26
7.05204e-07 9.32612e-26
7.0541e-07 9.29747e-26
7.05616e-07 9.27497e-26
7.05821e-07 9.25063e-26
7.06027e-07 9.22906e-26
7.06233e-07 9.20251e-26
7.06439e-07 9.18302e-26
7.06644e-07 9.15439e-26
7.0685e-07 9.13488e-26
7.07056e-07 9.11123e-26
7.07262e-07 9.08853e-26
7.07467e-07 9.06628e-26
7.07673e-07 9.0408e-26
7.07879e-07 9.01631e-26
7.08084e-07 9.00043e-26
7.0829e-07 8.97906e-26
7.08496e-07 8.96178e-26
7.08702e-07 8.93708e-26
7.08907e-07 8.91721e-26
7.09113e-07 8.89732e-26
7.09319e-07 8.87665e-26
7.09524e-07 8.85411e-26
7.0973e-07 8.83828e-26
7.09936e-07 8.82059e-26
7.10141e-07 8.79837e-26
7.10347e-07 8.77809e-26
7.10553e-07 8.75988e-26
7.10758e-07 8.74642e-26
7.10964e-07 8.7312e-26
7.1117e-07 8.7137e-26
7.11375e-07 8.69954e-26
7.11581e-07 8.68745e-26
7.11787e-07 8.67367e-26
7.11992e-07 8.66258e-26
7.12198e-07 8.65136e-26
7.12404e-07 8.64396e-26
7.12609e-07 8.63486e-26
7.12815e-07 8.62517e-26
7.13021e-07 8.62212e-26
7.13226e-07 8.61919e-26
7.13432e-07 8.61276e-26
7.13637e-07 8.61278e-26
7.13843e-07 8.60952e-26
7.14049e-07 8.60539e-26
7.14254e-07 8.60446e-26
7.1446e-07 8.59868e-26
7.14666e-07 8.59486e-26
7.14871e-07 8.5889e-26
7.15077e-07 8.58101e-26
7.15283e-07 8.57236e-26
7.15488e-07 8.56149e-26
7.15694e-07 8.54879e-26
7.15899e-07 8.53576e-26
7.16105e-07 8.51817e-26
7.16311e-07 8.4957e-26
7.16516e-07 8.47139e-26
7.16722e-07 8.44689e-26
7.16927e-07 8.4197e-26
7.17133e-07 8.38928e-26
7.17339e-07 8.3563e-26
7.17544e-07 8.32143e-26
7.1775e-07 8.28522e-26
7.17955e-07 8.24506e-26
7.18161e-07 8.20279e-26
7.18367e-07 8.16174e-26
7.18572e-07 8.11619e-26
7.18778e-07 8.06791e-26
7.18984e-07 8.02204e-26
7.19189e-07 7.97423e-26
7.19395e-07 7.92534e-26
7.196e-07 7.87634e-26
7.19806e-07 7.82923e-26
7.20012e-07 7.77876e-26
7.20217e-07 7.72892e-26
7.20423e-07 7.68006e-26
7.20628e-07 7.63208e-26
7.20834e-07 7.5854e-26
7.2104e-07 7.53818e-26
7.21245e-07 7.4967e-26
7.21451e-07 7.45172e-26
7.21656e-07 7.40792e-26
7.21862e-07 7.36757e-26
7.22068e-07 7.33095e-26
7.22273e-07 7.29469e-26
7.22479e-07 7.25872e-26
7.22685e-07 7.22171e-26
7.2289e-07 7.18989e-26
7.23096e-07 7.16173e-26
7.23301e-07 7.13097e-26
7.23507e-07 7.10188e-26
7.23713e-07 7.07277e-26
7.23918e-07 7.04513e-26
7.24124e-07 7.02009e-26
7.2433e-07 6.99545e-26
7.24535e-07 6.96971e-26
7.24741e-07 6.94546e-26
7.24947e-07 6.92663e-26
7.25152e-07 6.90319e-26
7.25358e-07 6.87783e-26
7.25563e-07 6.8516e-26
7.25769e-07 6.82801e-26
7.25975e-07 6.79991e-26
7.2618e-07 6.77261e-26
7.26386e-07 6.74721e-26
7.26592e-07 6.72013e-26
7.26797e-07 6.69031e-26
7.27003e-07 6.6609e-26
7.27209e-07 6.63111e-26
7.27414e-07 6.60238e-26
7.2762e-07 6.57141e-26
7.27826e-07 6.54232e-26
7.28031e-07 6.50974e-26
7.28237e-07 6.4765e-26
7.28443e-07 6.44991e-26
7.28648e-07 6.42659e-26
7.28854e-07 6.39647e-26
7.2906e-07 6.36711e-26
7.29265e-07 6.34079e-26
7.29471e-07 6.31204e-26
7.29677e-07 6.28603e-26
7.29883e-07 6.26213e-26
7.30088e-07 6.23821e-26
7.30294e-07 6.21481e-26
7.305e-07 6.19657e-26
7.30706e-07 6.17594e-26
7.30911e-07 6.15496e-26
7.31117e-07 6.13602e-26
7.31323e-07 6.11375e-26
7.31528e-07 6.09507e-26
7.31734e-07 6.07922e-26
7.3194e-07 6.06137e-26
7.32146e-07 6.04444e-26
7.32351e-07 6.02708e-26
7.32557e-07 6.01253e-26
7.32763e-07 6.0022e-26
7.32969e-07 5.98906e-26
7.33174e-07 5.97861e-26
7.3338e-07 5.9657e-26
7.33586e-07 5.95573e-26
7.33792e-07 5.94827e-26
7.33997e-07 5.93607e-26
7.34203e-07 5.93083e-26
7.34409e-07 5.92492e-26
7.34615e-07 5.92459e-26
7.34821e-07 5.91782e-26
7.35026e-07 5.9141e-26
7.35232e-07 5.90853e-26
7.35438e-07 5.90041e-26
7.35644e-07 5.89813e-26
7.3585e-07 5.89632e-26
7.36056e-07 5.89137e-26
7.36261e-07 5.88493e-26
7.36467e-07 5.87953e-26
7.36673e-07 5.87524e-26
7.36879e-07 5.87246e-26
7.37085e-07 5.86895e-26
7.37291e-07 5.86332e-26
7.37497e-07 5.85611e-26
7.37703e-07 5.8508e-26
7.37908e-07 5.84776e-26
7.38114e-07 5.84625e-26
7.3832e-07 5.8433e-26
7.38526e-07 5.83957e-26
7.38732e-07 5.83578e-26
7.38938e-07 5.83359e-26
7.39144e-07 5.83369e-26
7.3935e-07 5.83283e-26
7.39556e-07 5.83259e-26
7.39762e-07 5.83377e-26
7.39967e-07 5.8339e-26
7.40174e-07 5.83734e-26
7.40379e-07 5.83966e-26
7.40585e-07 5.84144e-26
7.40791e-07 5.8469e-26
7.40997e-07 5.8537e-26
7.41203e-07 5.85748e-26
7.41409e-07 5.8634e-26
7.41615e-07 5.87132e-26
7.41821e-07 5.88063e-26
7.42027e-07 5.88829e-26
7.42233e-07 5.89841e-26
7.42439e-07 5.91013e-26
7.42645e-07 5.92379e-26
7.42851e-07 5.93563e-26
7.43057e-07 5.9504e-26
7.43263e-07 5.96225e-26
7.43469e-07 5.97803e-26
7.43676e-07 5.99311e-26
7.43882e-07 6.00888e-26
7.44088e-07 6.02333e-26
7.44294e-07 6.03594e-26
7.445e-07 6.05431e-26
7.44706e-07 6.07006e-26
7.44912e-07 6.08586e-26
7.45118e-07 6.10074e-26
7.45324e-07 6.11567e-26
7.45531e-07 6.13136e-26
7.45737e-07 6.1485e-26
7.45943e-07 6.15856e-26
7.46149e-07 6.16737e-26
7.46355e-07 6.17629e-26
7.46561e-07 6.18222e-26
7.46768e-07 6.18899e-26
7.46974e-07 6.19058e-26
7.4718e-07 6.18972e-26
7.47386e-07 6.18943e-26
7.47592e-07 6.18548e-26
7.47798e-07 6.17981e-26
7.48005e-07 6.17127e-26
7.48211e-07 6.15661e-26
7.48417e-07 6.14448e-26
7.48624e-07 6.1268e-26
7.4883e-07 6.10571e-26
7.49036e-07 6.08277e-26
7.49242e-07 6.05901e-26
7.49448e-07 6.02777e-26
7.49655e-07 5.99368e-26
7.49861e-07 5.96185e-26
7.50067e-07 5.92173e-26
7.50274e-07 5.88065e-26
7.5048e-07 5.83842e-26
7.50686e-07 5.79358e-26
7.50893e-07 5.74806e-26
7.51099e-07 5.70141e-26
7.51305e-07 5.65613e-26
7.51512e-07 5.60166e-26
7.51718e-07 5.55463e-26
7.51925e-07 5.50423e-26
7.52131e-07 5.45499e-26
7.52337e-07 5.40642e-26
7.52544e-07 5.35945e-26
7.5275e-07 5.31079e-26
7.52957e-07 5.26637e-26
7.53163e-07 5.22267e-26
7.5337e-07 5.17859e-26
7.53576e-07 5.13414e-26
7.53783e-07 5.09428e-26
7.53989e-07 5.05438e-26
7.54195e-07 5.0169e-26
7.54402e-07 4.97534e-26
7.54608e-07 4.93945e-26
7.54815e-07 4.90731e-26
7.55021e-07 4.87283e-26
7.55228e-07 4.83668e-26
7.55435e-07 4.80565e-26
7.55641e-07 4.77564e-26
7.55848e-07 4.74719e-26
7.56054e-07 4.72023e-26
7.56261e-07 4.69734e-26
7.56467e-07 4.6714e-26
7.56674e-07 4.64948e-26
7.5688e-07 4.62621e-26
7.57087e-07 4.59944e-26
7.57294e-07 4.5759e-26
7.575e-07 4.55767e-26
7.57707e-07 4.53946e-26
7.57914e-07 4.51961e-26
7.5812e-07 4.50306e-26
7.58327e-07 4.48726e-26
7.58534e-07 4.47031e-26
7.5874e-07 4.45253e-26
7.58947e-07 4.43984e-26
7.59154e-07 4.42519e-26
7.59361e-07 4.41133e-26
7.59567e-07 4.39587e-26
7.59774e-07 4.38006e-26
7.59981e-07 4.36218e-26
7.60188e-07 4.34869e-26
7.60394e-07 4.33714e-26
7.60601e-07 4.32557e-26
7.60808e-07 4.31803e-26
7.61015e-07 4.30956e-26
7.61222e-07 4.30371e-26
7.61429e-07 4.29406e-26
7.61635e-07 4.28768e-26
7.61842e-07 4.28108e-26
7.62049e-07 4.27614e-26
7.62256e-07 4.2664e-26
7.62463e-07 4.25547e-26
7.6267e-07 4.24334e-26
7.62877e-07 4.24062e-26
7.63084e-07 4.23178e-26
7.6329e-07 4.2277e-26
7.63498e-07 4.21695e-26
7.63704e-07 4.21364e-26
7.63911e-07 4.19941e-26
7.64118e-07 4.19867e-26
7.64325e-07 4.18805e-26
7.64532e-07 4.18361e-26
7.64739e-07 4.17726e-26
7.64946e-07 4.17514e-26
7.65153e-07 4.17121e-26
7.6536e-07 4.16382e-26
7.65568e-07 4.15958e-26
7.65775e-07 4.15537e-26
7.65982e-07 4.15306e-26
7.66189e-07 4.15154e-26
7.66396e-07 4.14335e-26
7.66603e-07 4.14367e-26
7.6681e-07 4.13853e-26
7.67017e-07 4.13899e-26
7.67224e-07 4.13968e-26
7.67431e-07 4.13781e-26
7.67639e-07 4.13637e-26
7.67846e-07 4.13483e-26
7.68053e-07 4.13701e-26
7.6826e-07 4.13597e-26
7.68467e-07 4.13599e-26
7.68674e-07 4.13561e-26
7.68882e-07 4.14184e-26
7.69089e-07 4.13796e-26
7.69296e-07 4.14169e-26
7.69504e-07 4.15005e-26
7.69711e-07 4.15082e-26
7.69918e-07 4.15637e-26
7.70125e-07 4.16317e-26
7.70333e-07 4.16714e-26
7.7054e-07 4.1792e-26
7.70747e-07 4.18605e-26
7.70955e-07 4.19835e-26
7.71162e-07 4.20691e-26
7.71369e-07 4.21884e-26
7.71577e-07 4.23377e-26
7.71784e-07 4.24419e-26
7.71992e-07 4.26054e-26
7.72199e-07 4.27869e-26
7.72406e-07 4.29321e-26
7.72614e-07 4.31181e-26
7.72821e-07 4.33202e-26
7.73029e-07 4.35299e-26
7.73236e-07 4.37405e-26
7.73444e-07 4.40176e-26
7.73651e-07 4.42111e-26
7.73859e-07 4.44628e-26
7.74066e-07 4.47449e-26
7.74274e-07 4.50047e-26
7.74481e-07 4.52718e-26
7.74689e-07 4.55369e-26
7.74897e-07 4.58449e-26
7.75104e-07 4.61554e-26
7.75312e-07 4.64281e-26
7.75519e-07 4.66916e-26
7.75727e-07 4.70337e-26
7.75935e-07 4.72972e-26
7.76142e-07 4.75817e-26
7.7635e-07 4.77941e-26
7.76558e-07 4.80758e-26
7.76765e-07 4.83776e-26
7.76973e-07 4.86213e-26
7.77181e-07 4.88297e-26
7.77388e-07 4.90017e-26
7.77596e-07 4.92013e-26
7.77804e-07 4.93845e-26
7.78012e-07 4.95324e-26
7.78219e-07 4.96651e-26
7.78427e-07 4.97395e-26
7.78635e-07 4.98136e-26
7.78843e-07 4.98371e-26
7.79051e-07 4.98454e-26
7.79258e-07 4.97997e-26
7.79466e-07 4.97561e-26
7.79674e-07 4.96848e-26
7.79882e-07 4.95604e-26
7.8009e-07 4.94445e-26
7.80298e-07 4.93531e-26
7.80506e-07 4.91492e-26
7.80714e-07 4.89439e-26
7.80922e-07 4.86893e-26
7.8113e-07 4.84471e-26
7.81338e-07 4.81741e-26
7.81546e-07 4.78625e-26
7.81754e-07 4.75754e-26
7.81961e-07 4.72325e-26
7.82169e-07 4.68537e-26
7.82378e-07 4.65245e-26
7.82586e-07 4.61429e-26
7.82794e-07 4.57802e-26
7.83002e-07 4.54074e-26
7.8321e-07 4.50219e-26
7.83418e-07 4.46548e-26
7.83626e-07 4.42833e-26
7.83834e-07 4.39035e-26
7.84042e-07 4.35285e-26
7.8425e-07 4.31809e-26
7.84458e-07 4.28231e-26
7.84667e-07 4.24672e-26
7.84875e-07 4.21168e-26
7.85083e-07 4.17988e-26
7.85291e-07 4.14702e-26
7.85499e-07 4.11538e-26
7.85708e-07 4.08514e-26
7.85916e-07 4.06043e-26
7.86124e-07 4.03049e-26
7.86332e-07 4.00059e-26
7.86541e-07 3.97635e-26
7.86749e-07 3.95145e-26
7.86957e-07 3.92967e-26
7.87166e-07 3.90262e-26
7.87374e-07 3.87847e-26
7.87582e-07 3.8599e-26
7.87791e-07 3.83913e-26
7.87999e-07 3.81959e-26
7.88208e-07 3.79972e-26
7.88416e-07 3.77892e-26
7.88624e-07 3.75693e-26
7.88833e-07 3.73948e-26
7.89041e-07 3.7217e-26
7.8925e-07 3.70341e-26
7.89458e-07 3.68512e-26
7.89666e-07 3.66528e-26
7.89875e-07 3.64656e-26
7.90083e-07 3.63042e-26
7.90292e-07 3.61483e-26
7.905e-07 3.59621e-26
7.90709e-07 3.58004e-26
7.90918e-07 3.5652e-26
7.91126e-07 3.54758e-26
7.91335e-07 3.53097e-26
7.91543e-07 3.51016e-26
7.91752e-07 3.4938e-26
7.9196e-07 3.48239e-26
7.92169e-07 3.46637e-26
7.92378e-07 3.44602e-26
7.92586e-07 3.42938e-26
7.92795e-07 3.4144e-26
7.93004e-07 3.39886e-26
7.93213e-07 3.38415e-26
7.93421e-07 3.36773e-26
7.9363e-07 3.35151e-26
7.93839e-07 3.33901e-26
7.94047e-07 3.32423e-26
